402.866 0.478697 0.390206 43 -43 -0.06 0.06 0.6002 0.391595 416 167 599 164 395 287 605 291 511 120 0.315422 395 531 3.12909
402.933 0.478697 0.390206 43 -43 -0.06 0.06 0.6 0.391795 416 167 599 164 395 287 604 291 511 120 0.315422 394 530 3.17955
402.999 0.478697 0.390206 43 -45 -0.06 0.06 0.5998 0.391995 416 167 599 164 394 288 604 291 511 120 0.302885 395 531 3.12909
403.066 0.478697 0.390206 43 -45 -0.06 0.06 0.5996 0.392195 416 167 599 164 395 287 604 291 511 120 0.315422 395 531 3.12909
403.133 0.478697 0.390206 43 -45 -0.06 0.06 0.5994 0.392395 416 167 599 164 394 288 604 291 511 120 0.315422 395 531 3.12909
403.199 0.47844 0.390206 36 -46 -0.06 0.06 0.5992 0.392595 416 167 599 164 395 287 604 291 511 120 0.315422 395 531 3.12909
403.266 0.47844 0.390206 36 -46 -0.06 0.06 0.599 0.392795 416 167 599 164 395 287 605 291 511 120 0.315422 395 531 3.12909
403.333 0.47844 0.390206 36 -46 -0.06 0.06 0.5988 0.392995 416 167 599 164 395 287 605 291 511 120 0.315422 395 531 3.12909
403.399 0.478697 0.390206 36 -47 -0.06 0.06 0.5986 0.393195 416 167 599 164 395 287 604 291 511 120 0.315422 395 531 3.12909
403.466 0.478697 0.390206 36 -47 0.06 -0.06 0.5988 0.392995 416 167 599 164 395 287 604 291 511 120 0.315422 395 531 3.12909
403.533 0.47844 0.390206 16 -58 0.06 -0.06 0.599 0.392795 416 167 599 164 395 287 604 291 511 120 0.315422 395 531 3.12909
403.599 0.47844 0.390206 16 -58 0.06 -0.06 0.5992 0.392595 416 167 599 164 395 287 604 291 511 120 0.315422 395 531 3.12909
403.666 0.47844 0.390206 16 -58 0.06 -0.06 0.5994 0.392395 416 167 599 164 395 287 604 291 511 120 0.315422 395 531 3.12909
403.733 0.47844 0.390977 16 -53 0.06 -0.06 0.5996 0.392195 416 167 599 164 394 288 605 291 511 120 0.315422 395 530 3.18004
403.799 0.47844 0.390977 16 -53 0.06 -0.06 0.5998 0.391995 416 167 599 164 394 288 605 291 511 120 0.305879 395 531 3.12909
403.866 0.47844 0.390977 16 -53 0.06 -0.06 0.6 0.391795 416 167 599 164 394 288 605 291 511 120 0.305879 395 531 3.12909
403.933 0.47844 0.391234 15 -58 0.06 -0.06 0.6002 0.391595 416 167 599 164 394 288 605 291 511 120 0.305879 395 531 3.12909
403.999 0.47844 0.391234 15 -58 0.06 -0.06 0.6004 0.391395 416 167 599 164 394 288 605 291 511 120 0.305879 395 531 3.12909
404.066 0.47844 0.391234 15 -58 0.06 -0.06 0.6006 0.391195 416 167 599 164 395 287 604 291 511 120 0.299246 395 531 3.12909
404.133 0.47844 0.391234 43 -56 0.06 -0.06 0.6008 0.390995 416 167 599 164 395 287 605 291 511 120 0.299246 395 531 3.12909
404.199 0.47844 0.391234 43 -56 0.06 -0.06 0.601 0.390795 416 167 599 164 395 287 605 291 511 120 0.305879 395 531 3.12909
404.266 0.47844 0.391234 43 -56 0.06 -0.06 0.6012 0.390595 416 167 599 164 395 288 604 291 511 120 0.305879 395 531 3.12909
404.333 0.47844 0.391234 43 -30 0.06 -0.06 0.6014 0.390395 416 167 599 164 395 288 605 291 511 120 0.305879 395 531 3.12909
404.399 0.47844 0.391234 43 -30 0.06 -0.06 0.6016 0.390195 416 167 599 164 394 288 605 291 511 120 0.305879 395 531 3.12909
404.466 0.47844 0.391234 43 -30 0.06 -0.06 0.6018 0.389995 416 167 599 164 395 287 605 291 511 120 0.305879 395 531 3.12909
404.533 0.478954 0.391234 52 -3 0.06 -0.06 0.602 0.389795 416 167 599 164 395 287 605 291 511 120 0.305879 395 531 3.12909
404.599 0.478954 0.391234 52 -3 0.06 -0.06 0.6022 0.389595 416 167 599 164 395 287 605 291 511 120 0.305879 395 531 3.12909
404.666 0.478954 0.391234 52 -3 0.06 -0.06 0.6024 0.389395 416 167 599 164 395 287 605 291 511 120 0.305879 395 531 3.12909
404.733 0.478954 0.39072 64 -16 0.06 0.06 0.6026 0.389595 416 167 599 164 394 288 605 291 511 120 0.305879 395 531 3.12909
404.799 0.478954 0.39072 64 -16 0.06 0.06 0.6028 0.389795 416 167 599 164 394 288 605 291 511 120 0.305879 395 531 3.12909
404.866 0.478954 0.39072 64 -16 0.06 0.06 0.603 0.389995 416 167 599 164 395 287 604 291 511 120 0.305879 395 531 3.12909
404.933 0.479468 0.39072 59 -2 0.06 0.06 0.6032 0.390195 416 167 599 164 395 287 605 291 511 120 0.305879 395 531 3.12909
404.999 0.479468 0.39072 59 -2 0.06 0.06 0.6034 0.390395 416 167 599 164 395 288 604 291 511 120 0.312346 395 531 3.12909
405.066 0.479468 0.39072 59 -2 0.06 0.06 0.6036 0.390595 416 167 599 164 394 287 604 291 509 120 0.347888 395 531 3.12909
405.133 0.479725 0.389949 67 -10 0.06 0.06 0.6038 0.390795 415 167 598 164 394 287 604 291 510 120 0.305879 395 531 3.12909
405.199 0.479725 0.389949 67 -10 0.06 0.06 0.604 0.390995 415 167 598 164 394 287 604 291 510 120 0.315422 395 531 3.12909
405.266 0.480496 0.389435 67 -8 0.06 0.06 0.6042 0.391195 415 167 598 164 394 287 604 291 510 120 0.302885 395 531 3.12909
405.333 0.480496 0.389435 67 -8 0.06 0.06 0.6044 0.391395 415 167 598 164 394 287 604 291 509 120 0.350497 395 530 3.15425
405.399 0.480496 0.389435 67 -8 0.06 0.06 0.6046 0.391595 415 167 598 164 394 287 604 291 509 120 0.315422 395 531 3.12909
405.466 0.480496 0.389435 67 -8 0.06 0.06 0.6048 0.391795 414 167 598 164 394 288 604 291 508 120 0.347888 395 531 3.12909
405.533 0.481267 0.389435 71 -39 0.06 0.06 0.605 0.391995 414 167 597 164 394 288 604 291 509 120 0.3444 395 531 3.12909
405.599 0.481267 0.389435 71 -39 0.06 0.06 0.6052 0.392195 414 167 597 164 394 288 603 291 508 120 0.331397 395 531 3.12909
405.666 0.481267 0.389949 69 -36 0.06 0.06 0.6054 0.392395 414 167 597 164 394 288 603 291 508 120 0.347888 395 531 3.12909
405.733 0.481267 0.389949 69 -36 0.06 0.06 0.6056 0.392595 414 167 597 164 394 288 603 291 508 120 0.363527 395 531 3.12909
405.799 0.481267 0.389949 69 -36 -0.06 0.06 0.6054 0.392795 414 167 597 164 394 288 604 291 508 120 0.363527 395 531 3.12909
405.866 0.481781 0.389949 76 -45 -0.06 0.06 0.6052 0.392995 414 167 597 164 393 288 604 291 508 120 0.347888 395 531 3.12909
405.933 0.481781 0.389949 76 -45 -0.06 0.06 0.605 0.393195 414 167 597 164 393 288 604 291 508 120 0.363527 395 531 3.12909
405.999 0.481781 0.389949 76 -45 -0.06 0.06 0.6048 0.393395 414 167 597 164 394 288 603 291 508 120 0.353997 395 531 3.12909
406.066 0.482038 0.390206 75 -46 -0.06 0.06 0.6046 0.393595 414 167 597 164 393 288 603 291 509 120 0.315422 395 531 3.12909
406.133 0.482038 0.390206 75 -46 -0.06 0.06 0.6044 0.393795 414 167 597 164 393 288 604 291 507 120 0.367174 395 531 3.12909
406.199 0.482038 0.390206 75 -46 -0.06 0.06 0.6042 0.393995 414 167 597 164 393 288 603 291 508 120 0.347062 395 531 3.12909
406.266 0.482553 0.390977 76 -56 -0.06 0.06 0.604 0.394195 414 167 597 164 393 288 603 291 508 120 0.347888 395 531 3.12909
406.333 0.482553 0.390977 76 -56 -0.06 0.06 0.6038 0.394395 414 167 597 164 393 288 604 291 509 120 0.321751 395 530 3.18004
406.399 0.482553 0.390977 76 -56 -0.06 0.06 0.6036 0.394595 414 167 597 164 393 288 604 291 508 120 0.353997 395 531 3.12909
406.466 0.482553 0.390977 47 -54 -0.06 0.06 0.6034 0.394795 414 167 597 164 393 288 604 291 508 120 0.353997 395 531 3.12909
406.533 0.482553 0.390977 47 -54 -0.06 0.06 0.6032 0.394995 414 167 597 164 393 288 604 291 508 120 0.353997 395 531 3.12909
406.599 0.482553 0.390977 47 -54 -0.06 0.06 0.603 0.395195 414 167 597 164 393 288 604 291 508 120 0.353997 395 530 3.18004
406.666 0.482553 0.391749 34 -60 -0.06 0.06 0.6028 0.395395 414 167 597 164 393 288 604 291 508 120 0.363527 395 531 3.12909
406.733 0.482553 0.391749 34 -60 -0.06 0.06 0.6026 0.395595 414 167 597 164 393 288 604 291 508 120 0.347888 395 531 3.12909
406.799 0.482553 0.391749 34 -60 -0.06 0.06 0.6024 0.395795 414 167 597 164 393 288 604 291 508 120 0.347888 395 531 3.12909
406.866 0.482553 0.392263 37 -67 -0.06 0.06 0.6022 0.395995 414 167 597 164 393 288 604 291 509 120 0.32812 395 530 3.18004
406.933 0.482553 0.392263 37 -67 -0.06 0.06 0.602 0.396195 414 167 597 164 393 288 604 291 508 120 0.3444 395 530 3.18004
406.999 0.482553 0.392263 37 -67 -0.06 0.06 0.6018 0.396395 414 167 597 164 393 288 604 291 508 120 0.3444 395 530 3.18004
407.066 0.482038 0.392777 21 -65 0.06 0.06 0.602 0.396595 414 167 597 164 393 288 604 291 508 120 0.3444 395 531 3.12909
407.133 0.482038 0.392777 21 -65 0.06 0.06 0.6022 0.396795 414 167 597 164 393 288 604 291 508 120 0.3444 395 531 3.12909
407.199 0.482038 0.393548 27 -66 0.06 0.06 0.6024 0.396995 414 167 597 164 393 288 604 291 508 120 0.353997 395 530 3.18004
407.266 0.482038 0.393548 27 -66 0.06 0.06 0.6026 0.397195 415 167 598 164 393 288 604 291 508 120 0.353997 395 531 3.12909
407.333 0.482038 0.393548 27 -66 0.06 0.06 0.6028 0.397395 415 167 597 164 393 288 604 291 508 120 0.357566 395 531 3.12909
407.399 0.481267 0.393548 16 -62 0.06 0.06 0.603 0.397595 415 167 598 164 393 288 604 291 508 120 0.347888 395 530 3.18004
407.466 0.481267 0.393548 16 -62 0.06 0.06 0.6032 0.397795 415 167 598 164 393 288 604 291 509 120 0.363527 395 531 3.12909
407.533 0.481267 0.393548 16 -62 0.06 0.06 0.6034 0.397995 415 167 598 164 393 288 604 291 510 120 0.318556 395 530 3.18004
407.599 0.481267 0.394319 41 -64 0.06 0.06 0.6036 0.398195 415 167 598 164 393 288 604 291 509 121 0.334737 395 531 3.19218
407.666 0.481267 0.394319 41 -64 0.06 0.06 0.6038 0.398395 415 167 598 164 393 288 604 291 509 121 0.334737 394 531 3.12894
407.733 0.481267 0.394319 41 -64 -0.06 0.06 0.6036 0.398595 415 167 598 164 393 288 604 291 509 121 0.334737 395 531 3.12909
407.799 0.481524 0.394833 40 -73 -0.06 0.06 0.6034 0.398795 415 167 598 164 393 287 605 291 509 121 0.334737 395 531 3.12909
407.866 0.481524 0.394833 40 -73 -0.06 0.06 0.6032 0.398995 415 168 598 164 393 287 604 291 509 121 0.334737 395 531 3.12909
407.933 0.481524 0.394833 40 -73 -0.06 0.06 0.603 0.399195 415 168 598 164 393 288 604 291 509 121 0.334737 394 531 3.12894
407.999 0.481781 0.394833 58 -75 -0.06 0.06 0.6028 0.399395 415 167 598 164 393 287 605 291 509 121 0.338143 395 531 3.14159
408.066 0.481781 0.394833 58 -75 -0.06 0.06 0.6026 0.399595 415 168 598 164 393 288 605 291 509 120 0.3444 395 531 3.12909
408.133 0.481781 0.394833 58 -75 -0.06 0.06 0.6024 0.399795 415 168 598 164 393 288 605 291 509 120 0.3444 395 531 3.2048
408.199 0.481781 0.395861 58 -73 -0.06 0.06 0.6022 0.399995 415 168 598 164 393 288 604 291 510 121 0.296278 395 531 3.12909
408.266 0.481781 0.395861 58 -73 -0.06 0.06 0.602 0.400195 415 168 598 164 393 288 604 291 510 121 0.299246 395 531 3.2048
408.333 0.481781 0.395861 58 -73 -0.06 0.06 0.6018 0.400395 415 168 598 164 393 287 604 291 510 121 0.299246 395 531 3.2048
408.399 0.481781 0.395861 28 -74 -0.06 0.06 0.6016 0.400595 415 168 598 164 393 288 604 291 510 120 0.3444 395 530 3.18004
408.466 0.481781 0.395861 28 -74 -0.06 0.06 0.6014 0.400795 415 168 598 164 393 288 604 291 510 121 0.299246 395 530 3.18004
408.533 0.481781 0.395861 28 -74 -0.06 0.06 0.6012 0.400995 415 168 598 164 393 288 604 291 510 121 0.299246 395 531 3.2048
408.599 0.481781 0.39689 19 -79 -0.06 0.06 0.601 0.401195 415 168 598 164 393 288 604 291 510 121 0.299246 395 531 3.12909
408.666 0.481781 0.39689 19 -79 -0.06 0.06 0.6008 0.401395 415 168 599 164 393 288 605 291 511 121 0.283794 395 531 3.12909
408.733 0.481267 0.397404 17 -87 -0.06 0.06 0.6006 0.401595 415 168 599 164 393 288 604 291 511 120 0.293367 395 531 3.2048
408.799 0.481267 0.397404 17 -87 -0.06 0.06 0.6004 0.401795 415 168 599 164 393 288 605 291 510 120 0.296278 395 531 3.19283
408.866 0.481267 0.397404 17 -87 -0.06 0.06 0.6002 0.401995 415 168 599 164 393 288 605 291 510 120 0.296278 395 531 3.2048
408.933 0.480496 0.397661 14 -85 -0.06 0.06 0.6 0.402195 415 168 599 164 393 288 605 291 510 120 0.296278 394 531 3.12894
408.999 0.480496 0.397661 14 -85 -0.06 0.06 0.5998 0.402395 416 168 600 164 393 288 605 291 511 121 0.296278 395 530 3.18004
409.066 0.480496 0.397661 14 -85 0.06 0.06 0.6 0.402595 416 168 600 164 393 288 605 291 511 121 0.286621 394 531 3.12894
409.132 0.480239 0.398689 15 -77 0.06 0.06 0.6002 0.402795 416 168 600 164 393 288 605 291 512 121 0.279704 395 531 3.2048
409.199 0.480239 0.398689 15 -77 0.06 0.06 0.6004 0.402995 416 168 600 164 393 288 606 291 511 121 0.334737 395 531 3.2048
409.266 0.480239 0.398689 15 -77 0.06 0.06 0.6006 0.403195 416 168 600 164 393 288 606 291 512 121 0.296278 395 531 3.2048
409.333 0.479468 0.398689 17 -80 0.06 0.06 0.6008 0.403395 417 168 601 164 393 288 606 291 512 121 0.274167 394 531 3.12894
409.399 0.479468 0.398689 17 -80 0.06 0.06 0.601 0.403595 417 168 601 164 393 288 606 291 512 121 0.328329 395 531 3.2048
409.466 0.479468 0.398689 17 -80 0.06 0.06 0.6012 0.403795 417 168 601 164 393 288 606 291 513 121 0.267143 395 531 3.2048
409.533 0.479468 0.39946 27 -79 0.06 0.06 0.6014 0.403995 417 168 601 164 393 288 606 291 513 121 0.283794 395 530 3.18004
409.599 0.479468 0.39946 27 -79 0.06 0.06 0.6016 0.404195 417 168 601 164 393 288 606 291 513 121 0.274167 395 530 3.18004
409.666 0.479468 0.39946 27 -79 0.06 0.06 0.6018 0.404395 417 168 601 164 393 288 606 291 513 122 0.267143 395 531 3.2048
409.733 0.479468 0.400231 27 -83 0.06 0.06 0.602 0.404595 417 168 601 164 393 288 606 291 513 121 0.283794 395 531 3.2048
409.799 0.479468 0.400231 27 -83 0.06 0.06 0.6022 0.404795 417 168 601 164 393 288 606 291 513 121 0.281021 395 531 3.2048
409.866 0.479468 0.400231 27 -83 0.06 0.06 0.6024 0.404996 417 168 602 164 393 288 606 291 514 121 0.283794 395 531 3.2048
409.933 0.479982 0.400231 44 -79 -0.06 0.06 0.6022 0.405196 417 168 602 164 393 288 606 291 514 121 0.283794 395 530 3.18004
409.999 0.479982 0.400231 44 -79 -0.06 0.06 0.602 0.405396 417 168 602 164 393 288 606 291 513 122 0.312042 395 530 3.18004
410.066 0.479982 0.400231 44 -79 -0.06 0.06 0.6018 0.405596 417 168 602 164 393 288 606 291 513 122 0.312042 395 531 3.2048
410.133 0.479982 0.40126 44 -87 -0.06 0.06 0.6016 0.405796 417 168 602 164 393 288 607 291 513 122 0.295441 395 531 3.2048
410.199 0.479982 0.40126 44 -87 -0.06 0.06 0.6014 0.405996 417 168 602 164 393 288 606 291 514 121 0.279704 395 531 3.2048
410.266 0.479982 0.40126 44 -87 -0.06 0.06 0.6012 0.406196 417 169 602 164 393 288 607 291 514 121 0.279704 395 531 3.2048
410.333 0.480239 0.40126 51 -87 -0.06 0.06 0.601 0.406396 417 169 602 164 393 288 607 292 514 121 0.264488 395 531 3.2048
410.399 0.480239 0.40126 51 -87 -0.06 0.06 0.6008 0.406596 417 169 602 164 393 288 607 291 514 121 0.264488 395 531 3.2048
410.466 0.480239 0.402031 28 -93 -0.06 0.06 0.6006 0.406796 417 169 602 164 393 288 607 291 514 121 0.271478 395 531 3.19283
410.533 0.480239 0.402031 28 -93 -0.06 0.06 0.6004 0.406996 417 169 602 164 393 288 607 292 514 122 0.259332 395 531 3.2048
410.599 0.480239 0.402031 28 -93 -0.06 0.06 0.6002 0.407196 417 169 602 164 393 288 607 292 514 121 0.264488 395 531 3.2048
410.666 0.480239 0.402545 28 -93 -0.06 0.06 0.6 0.407396 417 169 602 164 393 288 607 292 514 122 0.259332 395 531 3.2048
410.733 0.480239 0.402545 28 -93 -0.06 0.06 0.5998 0.407596 417 169 602 164 393 288 607 292 514 122 0.259332 394 531 3.12894
410.799 0.480239 0.402545 28 -93 -0.06 0.06 0.5996 0.407796 418 169 602 164 393 288 607 292 513 122 0.286621 395 531 3.2048
410.866 0.479725 0.402802 20 -93 -0.06 0.06 0.5994 0.407996 418 169 602 164 393 288 607 291 514 122 0.312042 395 531 3.2048
410.933 0.479725 0.402802 20 -93 -0.06 0.06 0.5992 0.408196 418 169 602 164 393 288 607 291 514 122 0.267143 395 530 3.18004
410.999 0.479725 0.402802 20 -93 -0.06 0.06 0.599 0.408396 418 169 603 164 393 288 607 292 514 122 0.267143 395 531 3.19283
411.066 0.479725 0.40383 16 -99 -0.06 0.06 0.5988 0.408596 418 169 603 164 393 288 607 291 514 122 0.279704 394 531 3.12894
411.133 0.479725 0.40383 16 -99 -0.06 0.06 0.5986 0.408796 418 169 603 164 393 288 607 291 515 122 0.247454 395 531 3.19218
411.199 0.479725 0.40383 16 -99 -0.06 0.06 0.5984 0.408996 419 169 603 164 393 288 608 291 516 122 0.252242 394 531 3.12894
411.266 0.478697 0.40383 15 -92 -0.06 0.06 0.5982 0.409196 419 169 604 164 393 288 608 291 516 122 0.249979 395 531 3.2048
411.333 0.478697 0.40383 15 -92 -0.06 0.06 0.598 0.409396 419 169 604 164 393 288 608 292 516 122 0.247454 395 531 3.2048
411.399 0.478697 0.40383 15 -92 -0.06 0.06 0.5978 0.409596 419 169 604 164 393 288 608 292 516 122 0.279704 395 531 3.2048
411.466 0.478697 0.404858 18 -98 -0.06 0.06 0.5976 0.409796 419 169 604 164 393 288 608 292 516 122 0.279704 395 531 3.19283
411.533 0.478697 0.404858 18 -98 0.06 0.06 0.5978 0.409996 420 169 605 164 394 288 609 291 517 122 0.262609 395 531 3.2048