114.87999999999999545253,-409.80000000000001136868,0.45582000000000000295,0.36913000000000001366,45.00000000000000000000,-43.00000000000000000000
114.82699343809537140260,-410.11634016926797130509,0.45579755180776715395,0.36929039719598361069,43.56385857799909899768,-45.09458157865088878680
114.85291003257793818193,-410.32228723422724669945,0.45580760267577730138,0.36942087167908871370,41.95972620766528393688,-46.64681717061046128947
114.90130968395811805749,-410.47891985378242907245,0.45580441206133648357,0.36951025386773178605,39.97115587557905058702,-47.91492282029093985329
114.94259157668852822098,-410.59055475115769695549,0.45578813795802985975,0.36960651004918726459,37.82249848903853717275,-48.90167841025902362162
115.01138178334525719038,-410.58192208043936943795,0.45578450532215863955,0.36967308504728552121,35.70687777833256149052,-49.74460817156545999751
115.07230446235394083487,-410.57730507745219483695,0.45577444543827727585,0.36976477664082457730,33.60661206742680207071,-50.48466597356627971749
115.16335983636889750414,-410.60468253273381833424,0.45575428051532657081,0.36988443939949239292,31.62211068217924747614,-51.18621120303436100585
115.25784243468086742723,-410.57914897474029203295,0.45572763610057187567,0.37000723521792933113,29.72767873516627901154,-51.77683971970770926418
115.35825445130143407368,-410.52104446431894757552,0.45568485638407191241,0.37013492365535549666,27.83118175400807103870,-52.33252965373537790583
114.50830545813465732863,-409.89188927380610039108,0.45563351033304755333,0.37035383134728644405,34.47306936000661892194,-49.05128394953487713792
113.95538245295284696113,-409.26221592090621470561,0.45576811240415665560,0.37042351405669776687,40.57905067728478343270,-46.67272796222482611483
113.72935729235086910194,-408.88828765464251091544,0.45583822458855022264,0.37055262362893442996,44.60565119862695127040,-44.57255169519692117319
113.84449899229139191448,-408.79196648900648369818,0.45588075233424385502,0.37057955096133493589,48.45090476397011514109,-41.92241915670206253708
113.66730818688284898599,-408.77292164200270008223,0.45599267160077661121,0.37053483202930748153,50.83482403518578962576,-38.43519622583670525273
113.53847850560157439759,-408.73439493872638195171,0.45612325269101294811,0.37047600665967184153,52.80936875574876410155,-35.21689124604017706588
113.48239411521376496239,-408.62706428649045165002,0.45625023421414923064,0.37042250618904309922,54.62026936775674812452,-31.92615771342298103264
113.41253156723649908599,-408.64762835946970653822,0.45636662317534837374,0.37033754267870172550,56.23630901495616285501,-28.73117385492281528059
113.37363207185995861437,-408.64863333514546184233,0.45649802637370312519,0.37024065343302847708,57.94874587643687391392,-26.20305412159052593779
113.33575566784770671802,-408.65382903911995526869,0.45664211708622748365,0.37014510765055042008,59.79759987616415628509,-24.18406464538782074669
113.24190934875412040128,-408.64797221696096585219,0.45679611226092342591,0.37004448735974893037,61.29201195697748971725,-21.44223462804234259238
113.13851822652344480957,-408.66343542308385394790,0.45697457001213559469,0.36994263914143382666,62.98139068606533896855,-19.03220488662930165447
113.01745350821948932207,-408.66929439390492007078,0.45714742087689025363,0.36982021181902607898,64.19509566486091500792,-17.15363899339070030692
112.89070197808234752301,-408.67190824570525364834,0.45733085674753076733,0.36968545793015544776,65.07041813078086534006,-15.54828016575800120336
112.75110236784479411654,-408.67860376080761852791,0.45751869592844296442,0.36954527582016938325,65.62432501100187209886,-14.75211602209810735076
112.60721078496300151528,-408.67288655864336988088,0.45771998796400681364,0.36941670458359132656,66.21463578422233808851,-13.83323316071613362510
112.44887007078853002895,-408.66792478225715967710,0.45792398704098946638,0.36928516411901596284,66.77176089950155812858,-13.18897430304627960140
112.27283329225753050196,-408.66349589239757733594,0.45813270540544059894,0.36915002500546151287,67.31903389293580630692,-12.71709057314131996463
112.07427609174538929437,-408.64872392041564808096,0.45834015238454567376,0.36901708858292586735,67.85221170909292709439,-12.32865075522141751208
110.61235755043060180469,-409.45969272801050919952,0.45879884626842742934,0.36837160877597724395,51.04824701715365620203,-14.48142799411812120525
111.03109453998945355124,-408.63380945616523831632,0.45873453999841867779,0.36816983946752968038,48.13654070215690694567,-18.07968540126893230990
111.64279748239169975932,-407.81743556196812505732,0.45905962731294280843,0.36810581521812962835,44.28038047619958206269,-23.14652083295413831365
112.72595772983947881585,-407.19519365216621054060,0.45936396907861487549,0.36806141344895182410,42.30050498406779979632,-25.50786390259736435837
113.18038565586533650276,-406.59672520337409196145,0.45961065678072432483,0.36827775723975425537,41.15644771917126121252,-27.22487798034296702099
113.59254038408380438341,-406.41638559204062630670,0.45971237796930808361,0.36849552973950688850,40.01314063372643659022,-28.51602796379484061617
113.96026482266114498998,-406.29098667287678381399,0.45972366184004764822,0.36861662141299650353,39.02269368230216173288,-29.29614325508100591833
114.33736492648188232124,-406.53251526368762824859,0.45968710774917831419,0.36888082069347793990,37.18050606295570048587,-29.87733802758657475351
114.78421605573225861008,-406.49131698913328136769,0.45968059970642788370,0.36904826134205720445,36.08666081246284562667,-30.28962530282251464087
115.16943432075765940681,-406.17766466780460632435,0.45975256243250722799,0.36932597567538977268,34.97709754386985991914,-31.13778693527137875208
115.51574913474024697280,-406.12405513011606217333,0.45980243826099409521,0.36971425317267764266,33.58435639152249763129,-32.36296838290650157433
115.65612259552767682180,-406.26219174882004381288,0.45997332581695249409,0.37005023405839054806,33.14983472041278389497,-33.78348612741820033989
115.82508492206579830963,-406.33744768329671614993,0.46016579009669278388,0.37031489788628879634,32.86286383507134445381,-34.78585056255280960613
116.10612416602492658058,-405.79970835214498947607,0.46036459331026285957,0.37060129378311623682,32.70612467598557770998,-35.30754247508139087586
116.38028002548747963374,-406.15281016113868872708,0.46054641963326398146,0.37087189396573738698,33.07059683898668822621,-36.10955110624291819477
116.60616748785378149478,-406.36366583666961105337,0.46075206562447812431,0.37121751184199702767,33.38909791743143529175,-37.20973240835280648753
115.44981934040674786957,-408.52423113685483713198,0.46025282522931110218,0.37219102843852297502,22.68427819462083050439,-40.23802393272922017786
115.50261640494159109949,-409.52828592129907292474,0.45998913084456588551,0.37276398731506255046,19.84880357257735994381,-42.87589367902933190635
115.67332381903389659783,-410.13424612414223702217,0.45969089527332968048,0.37326245696726162437,17.30300825135535092159,-44.80786675223100701260
115.90337169122091154350,-410.23761838215779107486,0.45965729431547014405,0.37346931037847708179,14.46624958592709475624,-46.32597024736571711401
116.37785835326099004305,-409.73750585610054031349,0.45944448069679050262,0.37371038197859646202,11.03724178021812107886,-49.35610520047112004249
116.74309489203199063923,-409.59239259259049958928,0.45930257106978628068,0.37396341943268407437,8.46308469329271417791,-51.19659666996801661298
117.20207823672217273270,-409.44231375439380826720,0.45911771421706154550,0.37423116030456066161,7.07032293295469216332,-52.44005465941427246435
117.82674279498365876861,-408.81727061011696378046,0.45888707345761547973,0.37451361172795272214,6.60528031234962753615,-53.46574414756810256222
118.44786403291539045313,-408.69235182775497605689,0.45864489910977079834,0.37475481536664034810,5.84530181593836317688,-53.92565655733892526769
118.96650869687948670617,-408.48384764456585571679,0.45843173215003751864,0.37503812327852048547,4.72337615617460038209,-54.22001071076147127314
119.42333765854766625125,-408.32197580070175035871,0.45826213928516168483,0.37531142884688956096,3.44706343908366008577,-54.67823059667944107787
119.99160955366636471808,-408.05310175925370685945,0.45808767529995414458,0.37558217093858475844,3.12059991441937611967,-55.00623151125876120204
120.64319864975459495327,-407.94197326803322312117,0.45791649078491930558,0.37585923951550959110,2.78728169760846888892,-55.28450558216866284056
121.21262872557025502829,-407.76418037971853891577,0.45773238014562722675,0.37614262895944261533,2.51562696783979511395,-55.66265690345716166121
121.83013496974081135704,-407.65357058760696418176,0.45752553835453513287,0.37641776860867376397,2.06871989035764514142,-55.62498068447962396021
122.38186562221181929999,-407.48690481053165513003,0.45731570279631061915,0.37668590335895602017,1.80743383092498000053,-55.55782132016162222499
123.03413246692929305937,-407.37805802835015356322,0.45708352134616087037,0.37701401338299445065,1.79634393099343725453,-55.17300082675080830086
123.75965127038909940893,-407.23943775095079899984,0.45685813339457082005,0.37732070146933349708,1.58319841205961253650,-55.01616997958421961812
124.42356836872431813390,-407.06510599252959536898,0.45657035503250864572,0.37761445190281905937,1.71593089183176772394,-55.17653140680926071582
123.26296634204476276864,-410.83958428309426835767,0.45830695239439561695,0.37488870551758002314,10.16665848501028790452,-49.57756378959447829402
122.48495746864040256696,-411.56624036615363593228,0.45940449078693296192,0.37402918343445501481,20.10199044255431743977,-49.10177953417604612696
122.06301983162791202631,-411.00777286717828928886,0.46017642473350950372,0.37371345923639109898,29.31983674713897158881,-47.47384966246772819431
121.72148962347381484506,-410.10242878147579403958,0.46071209855720407500,0.37355486706921781082,32.66990842740295875046,-46.83526456662696091371
121.31948742365403859367,-409.44586440002569815988,0.46091589778206493166,0.37361609743392953931,33.59813410703885239172,-46.70837128124173887045
120.96472660126539722114,-407.04569889627731527071,0.46098653107427384201,0.37369022094413240076,33.03592646180513270338,-47.03647211209215583949
121.97046300255442474736,-406.33901694884889366222,0.46119529501064959742,0.37340232814816171070,36.17438034750858832922,-46.94189742670255327539
122.95500285893700720408,-406.05035782065129978946,0.46117402212984293097,0.37336298404549256302,38.02299939115820848201,-46.82216086789935616252
123.50619338730024310280,-405.93948218799295091230,0.46122788052994806440,0.37344353122087575736,39.12262155176104272414,-47.21515501136764214607
123.91931873242396022761,-405.86324830742000813188,0.46133434678741291890,0.37353211705183508862,39.93505760163259310502,-47.74326889187614142429
123.15525659505146904849,-407.78047422730185189721,0.46088471907555011997,0.37498738640555506763,13.16258012355310569319,-54.26665150430972062168
123.59960514452353663728,-407.97815735571225559397,0.46058684845423919496,0.37560505586457892946,7.82431769957813116889,-52.71307513193585236877
124.33250885753113834653,-407.90477344326978936806,0.46043189506090403951,0.37604765319204475071,3.59439107967417292855,-51.48750964598013979412
124.93590373617553268559,-407.64599911367105278259,0.46024073311217739146,0.37642779604668652471,1.40657583916691919512,-51.19304125811652284028
125.41180641199133560804,-407.57910088721098418318,0.45986803591541869363,0.37679475260749240029,0.68963383916491771686,-50.75342916480644817057
125.98025596022574745803,-407.52255095909640658647,0.45946383989085248789,0.37712153619764554602,0.55892094610895881601,-51.25754502253073496831
126.59784004233131327055,-407.37283336999564653524,0.45911711224957368893,0.37740278553192674327,1.18299460436298886634,-51.91890222039705804491
127.27306715163456374285,-407.11374303654264394936,0.45876203048356850589,0.37766947761295516228,1.47258022153686596312,-52.69770062026515233811
127.84423294109842572652,-406.97916781781776762728,0.45842973221026112052,0.37803292426095835843,1.13844380034841385907,-52.80084993774255508470
128.38390480184176567491,-406.79021403593276318134,0.45808641751843354184,0.37834936579352301811,1.24066890567444332305,-52.86883441417353424185
128.94751472541639714109,-406.66522518365360383541,0.45777259884562182535,0.37857899655495819147,1.34927772302570581076,-52.19982589945948348031
129.56349042004177363197,-406.58616010729798517787,0.45746733612893664134,0.37883312985356992764,1.26674474223408140006,-51.96483267217558932316
130.11696029528940243836,-406.63211923017263416114,0.45722047350053052206,0.37912349758955393719,0.89368495833363326142,-52.16620215549846761860
130.46643523641586170925,-406.63765955835953036512,0.45698689700124595081,0.37935847446775633474,0.57190089640564423235,-52.89956443077994663327
130.82030780290261873233,-406.66192328640840969456,0.45675053657712227917,0.37958094495578581506,0.68206931794742331476,-53.73226010224016135908
131.26758450098418506968,-406.61776708815744996173,0.45658102322336358014,0.37978028650086631535,0.75097937448544982431,-54.27289204429371238803
131.71278033004961116603,-406.58101625081843621956,0.45638620389924750009,0.37999181896791101032,0.97966462810305365849,-54.19777587972725996224
132.27918267317159006780,-406.54067312379561371927,0.45617913312881824828,0.38027712082863723841,1.46563508251933427573,-54.38385369997104135109
132.79247794262158777201,-406.36293311627156299437,0.45592874126919397115,0.38060790457592774683,1.91832417027266544096,-54.53902075896382939391
133.22678171754284903727,-406.20109153819254288464,0.45563262643574786726,0.38099623647692137940,2.20316696593806327087,-54.89633506220155823030
134.31826308700823346953,-406.38277632031997654849,0.45539567370190331408,0.38047222891075077600,6.72341090306213118311,-51.16240503357551006047
135.12019461198514136413,-406.33963391932013564656,0.45542648106577360290,0.38018254815025653848,9.15554743805300574877,-48.45706235813298690118
136.14462011986029210675,-406.08437432581791881603,0.45546171005914037888,0.38007364208724436772,11.69457919019811242833,-48.57230934713334136177
136.70964876589908953974,-406.39956716345574250226,0.45532310191937241939,0.37982245094741923230,14.51834881701974211410,-52.09231762187766889838
136.56338232004293331556,-406.42627838137849494160,0.45529386541734606642,0.37990380975864418422,18.35204477863160832385,-55.29725945859490821022
136.40891499271447173669,-406.27702934492447184311,0.45530782370015210336,0.37999323403020091039,22.14462283196172620592,-57.49376860980260062206
136.25154724437635422873,-406.16555911099334252867,0.45537073997028165717,0.38008295562563387815,25.89311689346897082942,-59.18353377880077914597
136.10122322418976636982,-406.10880228139109249241,0.45549937093504422325,0.38020114156357848190,28.88765648696671917151,-60.60281175913496554131
136.01867615212790951773,-406.03169229919035387866,0.45568299264584993802,0.38036150672882618196,31.75636571955669751333,-61.70005644674142786243
135.95043551756890565230,-405.97463333173152477684,0.45592115861831833401,0.38053450036830260839,34.75146201514872501548,-62.25274935777224527556
135.88163513490201239620,-405.88744807554320459531,0.45619910443432798441,0.38069989507067852896,37.37909072140261201866,-62.96500794085250163334
135.95076255268151044220,-405.72216887057641088177,0.45648308303758877713,0.38086699271841994996,39.75379523305500129027,-63.01679528062629742635
136.00772488317528541302,-405.55856447026587829896,0.45678464725304573912,0.38103861891024792818,41.01611132249649926962,-62.83888371337241096626
136.30958844371798477368,-405.72819131558719618624,0.45658234819756626788,0.38148024367655086753,33.36135984196080528363,-58.16152018607090212754
136.42862339290479667397,-406.25524159866137097197,0.45638681674788528220,0.38183224417079086876,25.42956215707953759875,-55.24097688747860956937
136.35876252901334737544,-406.71143555153963689008,0.45596793403698843150,0.38204403612887177788,19.72469736587948929696,-54.54619107375458497700
136.26431274559746498198,-406.83085688319016526293,0.45562602087277781493,0.38234713367211425883,11.79652370571185571180,-57.02726052790217181609
136.46949339389931310507,-406.65237173724165131716,0.45535321485855173584,0.38273770458484690504,7.31472965635750682623,-57.75910839166044752346
136.91197096886321560305,-406.46732251862323437308,0.45506167041620454450,0.38310432269112254522,5.15797105130269351037,-58.60078965543414142303
137.54108162813395210833,-405.91356652588711995122,0.45480989431987561833,0.38334946563863236957,4.71324319062372154576,-59.70523691008065725327
137.95084006584551161723,-405.63468873233887279639,0.45450876442764520657,0.38362008479225018220,4.79679528067327964891,-60.63954697916778968647
138.35493089476426575857,-405.42437593046196298019,0.45423935188431119325,0.38387443683286648355,5.15941343111838790492,-61.73022519139180985803
138.73114827482237387812,-405.31751117573105602787,0.45399857800050641421,0.38414459548727647453,5.16445790350617883746,-62.40390913758051283367
139.25386901383848226033,-405.13140486185528743590,0.45377839211988801882,0.38443498838242518012,5.02478683890875643669,-63.03768409846179565648
139.84842450335537478168,-405.04479313650119820522,0.45352965311487647426,0.38473384356407447360,5.41096743547260672358,-63.19991536617976635171
140.46298363603273173794,-404.95913802614120413637,0.45327670600941200041,0.38508165559141299683,5.48510500166799630506,-62.79257237923786760803
141.06873477819237905351,-404.81479803749039092509,0.45301963100168229914,0.38539569452751276657,6.15460500276548572174,-62.58792165900251802668
141.66709617081414762652,-404.69360554950503683358,0.45275622020548977886,0.38570607885569913043,6.81621094833730722939,-62.22869084494828939569
142.21139439902316325970,-404.59516447824501028663,0.45251778498803035822,0.38596851327735637316,7.01717064054573569365,-62.27780959542815253371
142.78318670723143668511,-404.47639966675893674619,0.45230023172953515154,0.38622711734116038640,7.06270633597142349913,-62.52133858485206019395
143.40219406907635857351,-404.36425149915885413066,0.45208438327321132100,0.38646833937095009803,7.15863744521832501277,-62.91095172155326054053
143.92419226564095424692,-404.22300844282193565959,0.45187898376095170239,0.38671733386740675398,7.36200180584985375276,-63.19186304575509893766
144.48911707272725379880,-404.11696043125175492605,0.45167986858189101973,0.38698255350490096127,7.25800311614257509518,-63.55736548862330437260
145.04723734478818641946,-404.04918574897078542563,0.45145641135874925443,0.38725684513014374533,6.57697667534088026287,-63.52853276995426767826
145.66384025120078149484,-403.98074999945208674035,0.45122986806266129900,0.38753203169294764274,6.00393812336426435650,-63.46492898958155137734
146.23735391419808138380,-403.86885557301661719976,0.45097239644450465290,0.38780682525934667693,5.82096547858893842431,-63.37677832924532594916
146.85057016919711259106,-403.74098596922198112225,0.45075418627896340906,0.38802901403740824859,5.24721125080981920519,-63.23485655214176404115
147.23618916306566006824,-406.58782640457695833902,0.44943184108532996390,0.38868632586363099923,13.13386035369595106204,-65.09071123381409051945
