0.299967 0.299943 1 1 0.299967 0.299943 
0.301733 0.317613 1 1 0.299976 0.319931 
0.297267 0.340228 1 1 0.300443 0.339762 
0.298622 0.359493 1 1 0.300712 0.359936 
0.305378 0.38283 1 1 0.300742 0.380755 
0.314624 0.40354 1 1 0.301065 0.401291 
0.3176 0.424355 1 1 0.301491 0.421139 
0.320895 0.448507 1 1 0.301885 0.441221 
0.326756 0.475037 1 1 0.302369 0.461518 
0.327981 0.492783 1 1 0.302607 0.481564 
0.318595 0.50352 0 1 0.303166 0.501828 
0.340073 0.502053 0 1 0.323479 0.501858 
0.357735 0.502178 0 1 0.344036 0.502056 
0.381463 0.500063 0 1 0.364406 0.502785 
0.40155 0.503474 0 1 0.384171 0.503429 
0.422643 0.503027 0 1 0.404177 0.503908 
0.44342 0.504462 0 1 0.424542 0.504772 
0.457235 0.508728 0 1 0.445073 0.504501 
0.479632 0.507348 0 1 0.465911 0.504466 
0.492906 0.506496 0 1 0.486417 0.504741 
0.514922 0.499223 0 0 0.506332 0.505613 
0.519558 0.485557 0 0 0.506285 0.485751 
0.520568 0.466901 0 0 0.506293 0.465677 
0.526362 0.447911 0 0 0.50649 0.445982 
0.533437 0.433288 0 0 0.507088 0.426721 
0.537217 0.416848 0 0 0.507362 0.407041 
0.538921 0.401399 0 0 0.507779 0.387112 
0.542495 0.381854 0 0 0.508822 0.367736 
0.538479 0.365195 0 0 0.509239 0.34875 
0.534003 0.347175 0 0 0.509178 0.329492 
0.531355 0.32563 0 0 0.508494 0.310155 
0.528437 0.30678 0 0 0.507832 0.29069 
0.535604 0.283994 0 0 0.507745 0.271274 
0.53183 0.257457 0 0 0.50799 0.251693 
0.532344 0.238347 0 0 0.508067 0.23224 
0.537096 0.218702 0 0 0.507685 0.212971 
0.536884 0.19314 0 0 0.507059 0.19338 
0.538756 0.174155 0 0 0.506485 0.173656 
0.543783 0.163057 0 0 0.50596 0.154166 
0.546188 0.147018 0 0 0.505921 0.134466 
0.537787 0.127923 1 0 0.506298 0.114515 
0.515124 0.123262 1 0 0.486638 0.114829 
0.487929 0.117776 1 0 0.466719 0.115127 
0.465204 0.119341 1 0 0.446916 0.115792 
0.43968 0.113129 1 0 0.427168 0.116475 
0.417927 0.109704 1 0 0.407421 0.117037 
0.389969 0.107158 1 0 0.387998 0.118376 
0.372602 0.105557 1 0 0.36842 0.118857 
0.353099 0.109679 1 0 0.348828 0.119039 
0.340228 0.106423 1 0 0.329668 0.119346 
