4 0 0.03778 4 743 2, 0.502011 0.231282
4 1 0.11000 3 129 2, 0.502733 0.232805
4 2 0.00010 2 1609 2, 0.259333 0.091173
4 3 0.10000 1 738 2, 0.374948 0.100079
4 4 0.11000 1 1288 2, 0.426964 0.119151
4 5 0.07333 3 834 2, 0.502115 0.232090
4 6 0.00100 3 1270 2, 0.501576 0.229738
4 7 0.00050 3 555 2, 0.309052 0.107502
4 8 0.02000 1 1648 2, 0.298201 0.100919
4 9 0.00900 1 508 2, 0.294570 0.100814
4 10 0.06444 2 1756 2, 0.516436 0.246193
4 11 0.03778 4 1177 2, 0.501585 0.229052
4 12 0.04667 2 1660 2, 0.502132 0.229733
4 13 0.00010 4 1865 2, 0.376662 0.146667
4 14 0.00800 2 892 2, 0.336757 0.117780
4 15 0.00400 3 1813 2, 0.501601 0.229300
4 16 0.04667 3 1340 2, 0.501710 0.229548
4 17 0.10000 4 1321 2, 0.502265 0.228069
4 18 0.04667 1 794 2, 0.302547 0.093177
4 19 0.00400 1 726 2, 0.276921 0.087180
5 0 0.09111 4 461 2, 0.501726 0.593794
5 1 0.06444 4 687 2, 0.499834 0.591734
5 2 0.11000 4 423 2, 0.500856 0.589503
5 3 0.10000 1 1406 2, 0.328522 0.447082
5 4 0.05556 3 1045 2, 0.499929 0.591347
5 5 0.00010 2 1007 2, 0.270213 0.468428
5 6 0.09111 2 724 2, 0.500029 0.592612
5 7 0.05556 3 712 2, 0.500226 0.590504
5 8 0.00100 4 676 2, 0.499372 0.590389
5 9 0.00300 4 63 2, 0.284027 0.448045
5 10 0.10000 2 189 2, 0.500856 0.588893
5 11 0.00700 3 81 2, 0.291522 0.435133
5 12 0.04667 2 951 2, 0.499577 0.591978
5 13 0.09111 4 1950 2, 0.502796 0.589362
5 14 0.08222 3 15 2, 0.391058 0.451583
5 15 0.00200 1 1706 2, 0.283544 0.438860
5 16 0.00900 1 1612 2, 0.297576 0.430029
5 17 0.02889 3 878 2, 0.499401 0.591045
5 18 0.00500 4 621 2, 0.499440 0.589785
5 19 0.00500 3 942 2, 0.499359 0.589883
6 0 0.08222 1 956 2, 0.308364 0.191712
6 1 0.00700 3 352 2, 0.170989 0.105983
6 2 0.11000 3 1888 2, 0.501028 0.392579
6 3 0.10000 3 333 2, 0.501012 0.394196
6 4 0.01000 1 1035 2, 0.152232 0.096585
6 5 0.11000 3 67 2, 0.501344 0.389157
6 6 0.11000 1 1376 2, 0.278239 0.170847
6 7 0.09111 3 1606 2, 0.504132 0.401866
6 8 0.01000 1 1915 2, 0.151980 0.105374
6 9 0.00200 1 696 2, 0.158484 0.133199
6 10 0.00400 1 346 2, 0.142296 0.122785
6 11 0.00400 3 215 2, 0.167071 0.131515
6 12 0.08222 2 626 2, 0.501606 0.392192
6 13 0.00400 4 1273 2, 0.500682 0.392436
6 14 0.01000 3 1326 2, 0.500643 0.390658
6 15 0.12000 3 623 2, 0.508118 0.408990
