0 0.00100 3 78 2, 0.268398 0.286793
1 0.06444 5 76 2, 0.503425 0.430605
0 0.06444 4 48 2, 0.505858 0.432279
1 0.04667 6 84 2, 0.500902 0.428993
2 0.01000 6 181 2, 0.500981 0.429502
3 0.01000 1 123 2, 0.310738 0.264022
4 0.11000 2 192 2, 0.503452 0.426529
5 0.00500 6 118 2, 0.500831 0.429703
6 0.00500 4 46 2, 0.294333 0.268225
7 0.02889 7 154 2, 0.500888 0.431010
8 0.00500 3 99 2, 0.313592 0.281395
9 0.00050 2 72 2, 0.298010 0.281995
10 0.00200 1 34 2, 0.315277 0.264107
11 0.02889 6 118 2, 0.501012 0.428855
12 0.00800 3 62 2, 0.304345 0.266924
13 0.11000 5 69 2, 0.501766 0.430493
14 0.00700 6 33 2, 0.312436 0.266197
15 0.10000 6 152 2, 0.504852 1476.754517
16 0.05556 6 194 2, 0.501604 0.432230
17 0.02000 2 7 2, 0.329812 0.288711
18 0.00600 5 53 2, 0.309206 0.269879
19 0.10000 1 32 2, 0.347115 0.287163
0 0.00500 5 92 2, 0.500809 0.429483
1 0.12000 5 153 2, 0.502440 0.431979
2 0.00700 4 87 2, 0.317442 0.291842
3 0.07333 7 90 2, 0.503266 0.437074
4 0.02889 5 30 2, 0.355840 0.297261
5 0.03778 3 59 2, 0.345603 0.287906
6 0.01000 7 79 2, 0.501242 0.432090
7 0.00300 2 90 2, 0.271198 0.267212
8 0.00050 1 50 2, 0.316139 0.259970
9 0.03778 7 44 2, 0.501085 3.028547
10 0.00050 7 111 2, 0.500822 0.430050
11 0.04667 5 150 2, 0.501219 0.428293
12 0.02000 6 140 2, 0.501049 0.428382
13 0.00800 1 69 2, 0.310110 0.263138
14 0.00050 7 113 2, 0.500825 0.430434
15 0.00300 4 184 2, 0.393922 0.327891
16 0.03778 2 28 2, 0.333181 0.283216
17 0.00400 3 93 2, 0.275391 0.278397
