1 0 0.00100 3 56 2, 0.156511 0.231935
1 1 0.00300 6 186 2, 0.500476 0.430844
1 2 0.00700 9 36 2, 0.500645 0.431741
1 3 0.01000 1 168 2, 0.166375 0.159256
1 4 0.08222 2 178 2, 0.296792 0.227782
1 5 0.02889 10 132 2, 0.500626 0.428889
1 6 0.00100 1 34 2, 0.169240 0.158457
1 7 0.00500 9 87 2, 0.500471 0.430884
1 8 0.00050 10 115 2, 0.500499 0.429758
1 9 0.03778 9 62 2, 0.500618 0.432321
1 10 0.01000 4 78 2, 0.160703 0.159501
1 11 0.00200 6 152 2, 0.500472 0.430421
1 12 0.10000 3 28 2, 0.500812 0.429080
1 13 0.00600 8 87 2, 0.500479 0.431007
1 14 0.02889 7 15 2, 0.256761 0.215046
1 15 0.12000 9 12 2, 0.503245 0.431137
1 16 0.02000 4 179 2, 0.500590 0.428210
1 17 0.08222 5 52 2, 0.500839 0.429353
1 18 0.00900 2 183 2, 0.159561 0.171194
1 19 0.01000 10 167 2, 0.500624 0.429776
1 20 0.10000 7 87 2, 0.502425 0.436865
1 21 0.10000 10 122 2, 0.502687 0.437341
1 22 0.00600 6 96 2, 0.500451 0.429733
1 23 0.00050 9 117 2, 0.500463 0.429798
1 24 0.00600 3 109 2, 0.158648 0.170991
1 25 0.00500 3 151 2, 0.150140 0.200950
1 26 0.12000 6 61 2, 0.500656 0.433052
1 27 0.05556 1 137 2, 0.184959 0.177170
1 28 0.01000 6 148 2, 0.500851 0.432421
1 29 0.02000 9 144 2, 0.500501 0.430630
1 30 0.07333 6 7 2, 0.500949 0.433631
1 31 0.00200 1 118 2, 0.163814 0.161181
1 32 0.04667 1 51 2, 0.179466 0.156999
1 33 0.00300 7 192 2, 0.500623 0.432197
1 34 0.02889 3 168 2, 0.500512 0.428994
1 35 0.00600 7 47 2, 0.500557 0.431868
1 36 0.10000 8 195 2, 0.500613 0.431586
1 37 0.00200 6 137 2, 0.500426 0.430018
1 38 0.12000 2 74 2, 0.213532 0.173675
1 39 0.09111 4 57 2, 0.501131 0.427944
1 40 0.03778 5 87 2, 0.500600 0.432527
1 41 0.00300 7 125 2, 0.500603 0.431635
1 42 0.10000 10 66 2, 0.500449 0.429489
1 43 0.00010 2 186 2, 0.151542 0.187167
1 44 0.05556 1 121 2, 0.179445 0.164065
1 45 0.00600 3 7 2, 0.170668 0.170936
1 46 0.00010 5 48 2, 0.148518 0.165402
1 47 0.12000 8 21 2, 0.501891 0.424976
1 48 0.03778 3 79 2, 0.179011 0.176982
1 49 0.00500 8 35 2, 0.500551 0.429430
2 0 0.08222 7 101 2, 0.501618 0.437296
2 1 0.00100 3 22 2, 0.128720 0.174255
2 2 0.00100 7 58 2, 0.500416 0.432114
2 3 0.00010 2 121 2, 0.123549 0.182567
2 4 0.12000 5 157 2, 0.500512 0.432523
2 5 0.12000 1 25 2, 0.178641 0.210804
2 6 0.02000 6 126 2, 0.501015 0.428737
2 7 0.00050 1 99 2, 0.134108 0.164162
2 8 0.03778 7 31 2, 0.502293 0.426795
2 9 0.00100 9 200 2, 0.500447 0.432540
2 10 0.08222 8 84 2, 0.501284 0.434743
2 11 0.02000 8 161 2, 0.500597 0.433928
2 12 0.06444 1 191 2, 0.161572 0.187945
2 13 0.00050 10 68 2, 0.500410 0.431879
2 14 0.06444 2 66 2, 0.173918 0.186523
2 15 0.08222 7 134 2, 0.502363 0.441186
2 16 0.10000 1 8 2, 0.169085 0.191942
2 17 0.00500 10 166 2, 0.500442 0.431376
2 18 0.12000 3 141 2, 0.500778 0.431899
2 19 0.11000 3 32 2, 0.503608 0.429811
2 20 0.03778 4 197 2, 0.500990 0.429043
2 21 0.00200 9 120 2, 0.500509 0.432094
2 22 0.00800 9 159 2, 0.516443 0.464134
2 23 0.01000 5 117 2, 0.500421 0.432732
2 24 0.04667 2 128 2, 0.162194 0.182257
2 25 0.08222 3 196 2, 0.504233 0.425205
2 26 0.00200 7 62 2, 0.500629 0.430176
2 27 0.10000 3 148 2, 0.500489 0.431855
2 28 0.00500 7 66 2, 0.500665 0.431086
2 29 0.06444 8 153 2, 4.634856 4.858318
2 30 0.00300 4 189 2, 0.123145 0.129574
2 31 0.02889 3 100 2, 0.152520 0.174408
2 32 0.07333 8 37 2, 0.501535 0.436802
2 33 0.00900 8 86 2, 0.500435 0.431390
2 34 0.00600 4 189 2, 0.500465 0.432386
2 35 0.00300 3 200 2, 0.098343 0.156016
2 36 0.00200 6 21 2, 0.120391 0.173664
2 37 0.00500 9 122 2, 0.500498 0.431430
2 38 0.08222 4 75 2, 0.501585 0.435507
2 39 0.00900 4 171 2, 0.500563 0.430774
2 40 0.05556 6 60 2, 0.501265 0.429071
2 41 0.09111 10 131 2, 0.503408 0.427006
2 42 0.00800 6 54 2, 0.136378 0.135090
2 43 0.06444 4 67 2, 0.501175 0.436005
2 44 0.00500 8 13 2, 0.145393 0.198453
2 45 0.00700 9 129 2, 0.500416 0.431435
2 46 0.00010 5 194 2, 0.091990 0.168934
2 47 0.05556 8 175 2, 0.500795 0.431940
2 48 0.00500 4 138 2, 0.122456 0.133448
2 49 0.00200 1 147 2, 0.124773 0.149629
3 0 0.00200 6 141 2, 0.500241 0.462954
3 1 0.00900 6 23 2, 0.137012 0.159779
3 2 0.10000 1 57 2, 0.171528 0.160689
3 3 0.02889 6 104 2, 0.501712 0.469088
3 4 0.03778 7 59 2, 0.500363 0.465465
3 5 0.00400 9 53 2, 0.500211 0.463339
3 6 0.04667 1 134 2, 0.144797 0.161571
4 0 0.00100 6 89 2, 0.501611 0.229566
4 1 0.02000 7 57 2, 0.501729 0.230603
4 2 0.08222 8 115 2, 0.593288 0.310456
4 3 0.00500 7 135 2, 0.501710 0.229714
4 4 0.00200 10 10 2, 0.326254 0.102988
4 5 0.00010 1 165 2, 0.304389 0.088846
4 6 0.07333 9 38 2, 0.502711 0.230876
4 7 0.04667 4 9 2, 0.352949 0.101387
4 8 0.00050 3 169 2, 0.326074 0.139451
4 9 0.06444 1 170 2, 0.327602 0.101017
4 10 0.11000 4 114 2, 0.502438 0.227092
4 11 0.11000 8 85 2, 0.502631 0.231670
4 12 0.01000 10 10 2, 0.335696 0.096717
4 13 0.00400 8 26 2, 0.501729 0.230833
4 14 0.00200 2 51 2, 0.270816 0.086807
4 15 0.05556 8 97 2, 0.502046 0.230238
4 16 0.00300 1 31 2, 0.303153 0.095151
4 17 0.11000 10 147 2, nan nan
4 18 0.03778 6 41 2, 0.501758 0.228708
4 19 0.01000 3 129 2, 0.303239 0.107844
4 20 0.00200 2 181 2, 0.277971 0.111267
4 21 0.00700 2 114 2, 0.271945 0.096660
4 22 0.01000 8 59 2, 0.501697 0.230230
4 23 0.00600 8 94 2, 0.501757 0.228547
4 24 0.08222 4 113 2, 0.501928 0.231166
4 25 0.01000 6 144 2, 0.501749 0.230860
4 26 0.02000 5 96 2, 0.501714 0.231074
4 27 0.00010 2 65 2, 0.292064 0.084839
4 28 0.07333 3 84 2, 0.503476 0.237279
4 29 0.00600 8 153 2, 0.501677 0.230907
4 30 0.00900 8 95 2, 0.501855 0.231531
4 31 0.11000 9 113 2, 0.504510 0.226586
4 32 0.00010 2 132 2, 0.285865 0.107237
4 33 0.01000 9 94 2, 0.501664 0.230769
4 34 0.04667 8 16 2, 0.501732 0.230174
4 35 0.05556 8 177 2, 0.501814 0.228885
4 36 0.00800 1 48 2, 0.318494 0.085853
4 37 0.11000 4 113 2, 0.502268 0.233819
4 38 0.00900 3 141 2, 0.310116 0.073459
4 39 0.00100 3 52 2, 0.265803 0.097833
4 40 0.00700 10 185 2, 0.501689 0.229629
4 41 0.05556 8 53 2, 0.501950 0.229981
4 42 0.00700 7 14 2, 0.320917 0.087570
4 43 0.00800 3 58 2, 0.310407 0.083355
4 44 0.11000 8 20 2, 0.502289 0.230395
4 45 0.02000 3 95 2, 0.318029 0.147107
4 46 0.05556 3 152 2, 0.502559 0.227076
4 47 0.02000 2 134 2, 0.362551 0.099068
4 48 0.00500 7 157 2, 0.501742 0.231297
4 49 0.04667 2 43 2, 0.338366 0.093589
5 0 0.03778 9 59 2, 0.501376 0.590883
5 1 0.00050 6 105 2, 0.327885 0.458900
5 2 0.02889 10 182 2, 0.499401 0.590966
5 3 0.01000 4 129 2, 0.308125 0.437135
5 4 0.01000 5 154 2, 0.499420 0.589608
5 5 0.00700 1 162 2, 0.296384 0.427803
5 6 0.06444 7 53 2, 0.500493 0.592649
5 7 0.00800 7 196 2, 0.499473 0.589690
5 8 0.12000 8 51 2, 0.500056 0.592412
5 9 0.00100 3 133 2, 0.272472 0.432023
5 10 0.00600 4 77 2, 0.292176 0.438037
5 11 0.11000 6 113 2, 0.501517 0.592748
5 12 0.10000 2 129 2, 0.331571 0.452583
5 13 0.00700 9 36 2, 0.499428 0.589507
5 14 0.00050 7 54 2, 0.321689 0.462463
5 15 0.09111 2 127 2, 0.326139 0.445371
5 16 0.04667 6 166 2, 0.499627 0.591097
5 17 0.04667 2 71 2, 0.320494 0.440147
5 18 0.00800 6 6 2, 0.313895 0.429323
5 19 0.01000 2 105 2, 0.296445 0.448582
5 20 0.00050 7 37 2, 0.291097 0.440315
5 21 0.00010 7 171 2, 0.499390 0.661492
5 22 0.00400 10 144 2, 0.499418 0.590420
5 23 0.00300 8 85 2, 0.499381 0.590583
5 24 0.05556 3 135 2, 0.499968 0.592992
5 25 0.00900 9 200 2, 0.499536 0.591001
5 26 0.00800 10 81 2, 0.499378 0.590489
5 27 0.00800 3 109 2, 0.293567 0.437809
5 28 0.04667 5 148 2, 0.500182 0.593575
5 29 0.02889 5 200 2, 0.499641 0.592212
5 30 0.00900 4 64 2, 0.296293 0.441019
5 31 0.00700 10 142 2, 0.499433 0.589523
5 32 0.00400 1 155 2, 0.293145 0.428288
5 33 0.00700 8 100 2, 0.499539 0.592013
5 34 0.03778 7 106 2, 0.499667 0.590026
5 35 0.00900 7 130 2, 0.499441 0.591674
5 36 0.06444 6 93 2, 0.500597 0.587955
5 37 0.00300 5 169 2, 0.499344 0.590005
5 38 0.00100 7 191 2, 0.499376 0.590271
5 39 0.00100 7 136 2, 0.499357 0.590000
5 40 0.09111 6 74 2, 0.500431 0.592707
5 41 0.00100 10 187 2, 0.499412 0.590088
5 42 0.00100 8 103 2, 0.499422 0.590306
5 43 0.00600 3 52 2, 0.297296 0.432499
5 44 0.03778 4 83 2, 0.500247 0.588821
5 45 0.00600 5 136 2, 0.499484 0.590795
5 46 0.00050 10 67 2, 0.499389 0.590426
5 47 0.00900 6 180 2, 0.499634 0.590955
5 48 0.05556 7 200 2, 0.499880 0.592286
5 49 0.06444 8 165 2, 0.509810 0.607865
6 0 0.00600 2 67 2, 0.141703 0.301214
6 1 0.03778 7 80 2, 0.500831 0.394028
6 2 0.00400 10 113 2, 0.514760 0.410073
6 3 0.00700 6 93 2, 0.500684 0.391990
6 4 0.00300 2 188 2, 0.131748 0.221513
6 5 0.12000 3 135 2, 0.501580 0.391916
6 6 0.00300 7 106 2, 0.500701 0.392961
6 7 0.12000 5 197 2, 0.502354 0.400226
6 8 0.12000 10 145 2, 0.501065 0.390818
6 9 0.00100 8 21 2, 0.180306 0.137086
6 10 0.07333 7 158 2, 0.507355 0.402492
6 11 0.00010 2 142 2, 0.154621 0.120043
6 12 0.04667 6 27 2, 0.501067 0.388411
6 13 0.01000 5 129 2, 0.500941 0.388495
6 14 0.05556 6 188 2, 0.504751 0.394958
6 15 0.00700 9 45 2, 0.500789 0.389720
