45.9987 0.48101 0.318746 78 -80 0.4 0 0.604446 0.321781 408 139 592 135 391 261 603 262 501 93 1.48851 398 503 3.14159
46.0653 0.48101 0.318746 78 -80 0.4 0 0.604846 0.321781 408 139 592 135 391 261 603 262 501 94 1.49801 398 503 3.14159
46.132 0.48101 0.318746 78 -80 0.4 0 0.605246 0.321781 408 139 592 135 391 261 603 262 501 93 1.48851 398 503 3.14159
46.1986 0.48101 0.318746 78 -80 0.4 0 0.605646 0.321781 408 139 592 135 391 261 603 262 501 93 1.48851 398 503 3.12909
46.2653 0.48101 0.318746 79 -80 0.4 0 0.606046 0.321781 408 139 592 135 391 261 603 262 501 94 1.49801 398 503 3.14159
46.332 0.48101 0.318746 79 -80 0.4 0 0.606446 0.321781 408 139 592 135 391 261 603 262 501 94 1.46911 398 503 3.14159
46.3986 0.48101 0.318746 79 -80 0.4 0 0.606846 0.321781 408 139 592 135 391 261 603 262 501 94 1.47922 398 503 3.12894
46.4653 0.48101 0.318746 92 -80 0.4 0 0.607246 0.321781 408 139 592 135 391 261 602 262 500 93 1.49801 398 503 3.14159
46.532 0.48101 0.318746 92 -80 0.4 0 0.607646 0.321781 408 139 592 135 391 261 603 262 500 93 1.47828 397 503 3.12894
46.5987 0.48101 0.318746 92 -80 0.4 0 0.608046 0.321781 408 139 592 135 391 261 602 262 502 94 1.46911 398 503 3.14159
46.6653 0.482295 0.318746 91 -79 0.4 0 0.608446 0.321781 408 139 592 135 391 261 602 262 501 94 1.47828 398 503 3.14159
46.732 0.482295 0.318746 91 -79 0.4 0 0.608846 0.321781 408 139 592 135 391 261 602 262 501 94 1.46911 398 503 3.14159
46.7986 0.482295 0.318746 91 -79 0.4 0 0.609246 0.321781 408 139 592 135 391 261 602 262 501 94 1.46911 398 503 3.14159
46.8653 0.483324 0.318746 99 -79 0.4 0 0.609646 0.321781 408 139 592 135 391 261 602 262 501 94 1.46911 398 503 3.14159
46.932 0.483324 0.318746 99 -79 0.4 0 0.610046 0.321781 408 139 592 135 390 261 602 262 501 94 1.46911 398 503 3.14159
46.9986 0.483324 0.318746 99 -79 0.4 0 0.610446 0.321781 408 139 592 135 390 261 602 262 501 94 1.46911 398 503 3.14159
47.0653 0.483581 0.318746 97 -79 0.4 0 0.610846 0.321781 408 139 592 135 390 261 602 262 501 94 1.47828 398 503 3.14159
47.132 0.483581 0.318746 97 -79 0.4 0 0.611246 0.321781 408 139 592 135 390 261 602 262 500 94 1.48934 398 503 3.14159
47.1986 0.483581 0.318746 97 -79 0.4 0 0.611646 0.321781 408 139 592 135 390 261 602 262 500 93 1.47828 398 503 3.14159
47.2653 0.485123 0.318746 113 -79 0.4 0 0.612046 0.321781 408 139 592 135 390 261 602 262 501 94 1.50091 398 503 3.14159
47.332 0.485123 0.318746 113 -79 0.4 0 0.612446 0.321781 408 139 592 135 390 261 602 262 501 94 1.50091 398 503 3.14159
47.3986 0.485123 0.318746 113 -79 0.4 0 0.612846 0.321781 408 139 592 135 390 261 602 262 501 94 1.49016 398 503 3.14159
47.4653 0.485123 0.318746 104 -79 0.4 0 0.613246 0.321781 408 139 592 135 390 261 602 262 501 94 1.49016 398 503 3.14159
47.532 0.485123 0.318746 104 -79 0.4 0 0.613646 0.321781 408 139 592 135 390 261 602 262 501 94 1.48934 398 503 3.12894
47.5986 0.485123 0.318746 104 -79 0.4 0 0.614046 0.321781 407 139 592 135 390 261 602 262 501 94 1.48014 398 503 3.14159
47.6653 0.487179 0.318746 105 -79 0.4 0 0.614446 0.321781 407 139 592 135 390 261 602 262 500 93 1.50838 398 503 3.14159
47.732 0.487179 0.318746 105 -79 0.4 0 0.614846 0.321781 407 139 591 135 390 261 602 262 500 93 1.49876 398 503 3.14159
47.7987 0.487179 0.318746 105 -79 0.4 0 0.615246 0.321781 407 139 591 135 390 261 602 262 500 94 1.48766 397 504 3.11628
47.8653 0.488465 0.318746 122 -79 0.4 0 0.615646 0.321781 407 139 591 135 390 261 602 262 500 94 1.48014 398 503 3.14159
47.932 0.488465 0.318746 122 -79 0.4 0 0.616046 0.321781 407 139 591 135 390 261 602 262 499 94 1.49949 398 503 3.14159
47.9986 0.488979 0.318746 118 -79 0.4 0 0.616446 0.321781 407 139 591 135 390 261 602 262 499 94 1.49949 397 504 3.11628
48.0653 0.488979 0.318746 118 -79 0.4 0 0.616846 0.321781 407 139 591 135 390 261 603 262 500 94 1.49175 397 504 3.11628
48.132 0.488979 0.318746 118 -79 0.4 0 0.617246 0.321781 407 139 591 135 390 261 602 262 500 94 1.48104 397 504 3.11628
48.1986 0.490264 0.318746 126 -79 0.4 0 0.617646 0.321781 406 139 590 135 389 261 602 262 498 94 1.59163 398 503 3.14159
48.2653 0.490264 0.318746 126 -79 0.4 0 0.618046 0.321781 406 139 590 135 389 261 602 262 499 94 1.48014 397 504 3.11628
48.332 0.490264 0.318746 126 -79 0.4 0 0.618446 0.321781 406 139 590 135 389 261 602 262 499 94 1.48014 398 503 3.14159
48.3987 0.490521 0.318746 139 -79 0.4 0 0.618846 0.321781 406 139 590 135 389 261 602 262 498 94 1.50902 398 503 3.14159
48.4653 0.490521 0.318746 139 -79 0.4 0 0.619246 0.321781 406 139 590 135 389 261 602 262 499 94 1.49175 398 503 3.14159
48.532 0.490521 0.318746 139 -79 0.4 0 0.619646 0.321781 405 139 590 135 389 261 601 262 498 93 1.59163 398 503 3.14159
48.5986 0.492063 0.318746 134 -79 0.4 0 0.620046 0.321781 405 139 589 135 389 261 601 262 498 94 1.48934 397 504 3.11628
48.6653 0.492063 0.318746 134 -79 0.4 0 0.620446 0.321781 405 139 589 135 389 261 601 262 497 93 1.5912 398 503 3.14159
48.732 0.492063 0.318746 134 -79 0.4 0 0.620846 0.321781 405 139 589 135 389 261 601 262 497 94 1.51876 397 503 3.12894
48.7986 0.492063 0.318746 129 -79 0.4 0 0.621246 0.321781 405 139 589 135 389 261 601 262 498 94 1.50902 398 503 3.14159
48.8653 0.492063 0.318746 129 -79 0.4 0 0.621646 0.321781 404 139 589 135 389 261 601 262 496 93 1.60171 398 503 3.14159
48.932 0.492063 0.318746 129 -79 0.4 0 0.622046 0.321781 404 139 588 135 388 261 601 262 497 94 1.51982 398 503 3.14159
48.9986 0.49412 0.318746 140 -79 0.4 0 0.622446 0.321781 404 139 588 135 388 261 601 262 497 94 1.50902 397 504 3.11628
49.0653 0.49412 0.318746 140 -79 0.4 0 0.622846 0.321781 404 139 588 135 388 261 601 262 496 93 1.5912 398 503 3.14159
49.1319 0.495148 0.318746 153 -79 0.4 0 0.623246 0.321781 404 139 588 135 388 261 601 262 496 93 1.5912 398 503 3.14159
49.1986 0.495148 0.318746 153 -79 0.4 0 0.623646 0.321781 404 139 588 136 388 261 601 262 496 94 1.50091 398 503 3.15441
49.2653 0.495148 0.318746 153 -79 0.4 0 0.624046 0.321781 404 139 588 135 388 261 601 263 496 94 1.51026 397 504 3.11628
49.332 0.495405 0.318746 150 -79 0.4 0 0.624446 0.321781 404 139 588 136 388 261 600 262 496 94 1.51026 397 504 3.11628
49.3986 0.495405 0.318746 150 -79 0.4 0 0.624846 0.321781 404 139 588 135 388 261 601 262 496 94 1.51026 398 503 3.14159
49.4653 0.495405 0.318746 150 -79 0.4 0 0.625246 0.321781 404 139 588 136 388 261 601 262 495 93 1.60171 398 503 3.14159
49.532 0.497205 0.318746 155 -79 0.4 0 0.625646 0.321781 403 140 588 136 388 261 600 262 495 93 1.59141 398 503 3.14159
49.5986 0.497205 0.318746 155 -79 0.4 0 0.626046 0.321781 403 139 587 136 388 261 600 262 495 94 1.5906 398 503 3.14159
49.6653 0.497205 0.318746 155 -79 0.4 0 0.626446 0.321781 403 139 587 136 388 261 601 262 495 93 1.59141 397 504 3.11628
49.732 0.497205 0.318746 150 -79 0.4 0 0.626846 0.321781 403 139 587 136 388 261 600 262 494 94 1.58121 397 504 3.11628
49.7986 0.497205 0.318746 150 -79 0.4 0 0.627246 0.321781 402 139 587 136 387 262 600 262 494 93 1.60171 397 504 3.12894
49.8653 0.497205 0.318746 150 -79 0.4 0 0.627646 0.321781 402 139 587 136 387 262 600 262 494 94 1.6223 398 503 3.14159
49.932 0.498747 0.318746 167 -79 0.4 0 0.628046 0.321781 402 139 587 136 387 262 600 262 494 93 1.59141 398 503 3.14159
49.9987 0.498747 0.318746 167 -79 0.4 0 0.628446 0.321781 402 139 587 136 387 262 600 262 494 93 1.59141 398 503 3.14159
50.0653 0.498747 0.318746 167 -79 0.4 0 0.628846 0.321781 402 139 587 136 387 262 600 263 493 94 1.59141 397 504 3.11628
50.132 0.500032 0.318746 180 -79 0.4 0 0.629246 0.321781 401 139 586 136 387 262 599 262 493 94 1.5708 398 503 3.14159
50.1986 0.500032 0.318746 180 -79 0.4 0 0.629646 0.321781 401 139 586 136 387 262 599 262 493 94 1.60204 397 504 3.11628
50.2653 0.500289 0.318746 180 -79 0.4 0 0.630046 0.321781 401 139 586 136 387 261 599 262 493 94 1.60204 397 504 3.11628
50.332 0.500289 0.318746 180 -79 0.4 0 0.630446 0.321781 402 139 586 136 387 261 599 262 492 94 1.60204 398 503 3.14159
50.3986 0.500289 0.318746 180 -79 0.4 0 0.630846 0.321781 401 139 586 136 387 261 599 262 492 94 1.59141 397 504 3.11628
50.4653 0.501832 0.318746 186 -79 0.4 0 0.631246 0.321781 401 139 585 136 387 261 599 262 491 94 1.5809 397 504 3.11628
50.532 0.501832 0.318746 186 -79 0.4 0 0.631646 0.321781 400 139 585 136 387 261 599 262 492 94 1.60204 397 504 3.11628
50.5986 0.501832 0.318746 186 -79 0.4 0 0.632046 0.321781 400 139 585 136 386 261 599 262 492 94 1.6223 397 504 3.12894
50.6653 0.501832 0.318746 191 -79 0.4 0 0.632446 0.321781 400 139 585 135 386 262 599 262 491 94 1.60204 398 503 3.14159
50.732 0.501832 0.318746 191 -79 0.4 0 0.632846 0.321781 400 139 585 135 386 262 599 262 492 94 1.60204 397 503 3.12894
50.7986 0.501832 0.318746 191 -79 0.4 0 0.633246 0.321781 399 139 584 136 386 261 598 262 491 94 1.63322 397 504 3.11628
50.8653 0.503631 0.318746 193 -79 0.4 0 0.633646 0.321781 399 139 584 136 385 262 598 262 490 94 1.60109 397 503 3.12894
50.932 0.503631 0.318746 193 -79 0.4 0 0.634046 0.321781 399 139 583 136 385 262 598 262 490 94 1.61201 397 504 3.11628
50.9986 0.503631 0.318746 193 -79 0.4 0 0.634446 0.321781 399 139 583 136 385 262 598 262 490 94 1.61201 397 504 3.11628
51.0653 0.504659 0.318746 205 -79 0.4 0 0.634846 0.321781 399 139 583 136 385 262 598 262 489 94 1.60204 398 503 3.14159
51.132 0.504659 0.318746 205 -79 0.4 0 0.635246 0.321781 398 139 583 136 385 262 598 262 489 94 1.60109 397 504 3.11628
51.1987 0.504659 0.318746 205 -79 0.4 0 0.635646 0.321781 398 139 583 135 385 262 598 262 490 94 1.61201 398 503 3.14159
51.2653 0.504659 0.318746 201 -78 0.4 0 0.636046 0.321781 398 139 583 135 385 262 598 262 489 94 1.61118 397 504 3.11628
51.332 0.504659 0.318746 201 -78 0.4 0 0.636446 0.321781 398 139 583 136 385 262 598 262 490 94 1.61288 397 504 3.11628
51.3986 0.504659 0.318746 201 -78 0.4 0 0.636846 0.321781 397 139 582 136 385 262 597 262 489 94 1.61118 397 504 3.11628
51.4653 0.506973 0.318746 198 -79 0.4 0 0.637246 0.321781 397 139 581 136 385 262 597 262 487 94 1.60109 397 504 3.11628
51.532 0.506973 0.318746 198 -79 0.4 0 0.637646 0.321781 397 139 581 136 385 262 597 262 487 94 1.62283 397 504 3.12894
51.5986 0.506973 0.318746 198 -79 0.4 0 0.638046 0.321781 397 139 581 136 385 262 597 262 487 94 1.61288 397 504 3.12894
51.6653 0.506973 0.318746 182 -79 0.4 0 0.638446 0.321781 396 139 581 136 385 262 597 262 488 95 1.60109 397 504 3.11628
51.732 0.506973 0.318746 182 -79 0.4 0 0.638846 0.321781 396 139 580 136 383 261 596 262 486 94 1.62283 397 504 3.11628
51.7987 0.506973 0.318746 182 -79 0.4 0 0.639246 0.321781 395 139 580 136 383 261 596 262 486 94 1.60109 397 504 3.11628
51.8653 0.508772 0.318746 205 -79 0.4 0 0.639646 0.321781 395 139 580 136 382 261 596 262 486 94 1.62177 397 504 3.12894
51.932 0.508772 0.318746 205 -79 0.4 0 0.640046 0.321781 395 139 580 136 383 262 596 262 485 94 1.63257 397 504 3.12894
51.9986 0.508772 0.318746 205 -79 0.4 0 0.640446 0.321781 395 139 579 136 383 262 596 262 485 94 1.63257 397 503 3.12894
52.0653 0.510057 0.318746 221 -79 0.4 0 0.640846 0.321781 394 139 579 136 382 262 596 262 484 94 1.63257 397 504 3.12894
52.132 0.510057 0.318746 221 -79 0.4 0 0.641246 0.321781 394 139 579 136 382 262 595 262 484 94 1.6223 398 503 3.14159
52.1986 0.510057 0.318746 221 -79 0.4 0 0.641646 0.321781 394 139 578 136 382 262 595 262 484 95 1.60049 397 504 3.12894
52.2653 0.510057 0.318746 218 -79 0.4 0 0.642046 0.321781 394 139 578 136 382 262 595 262 484 95 1.61078 397 504 3.11628
52.332 0.510057 0.318746 218 -79 0.4 0 0.642446 0.321781 394 139 578 136 382 262 595 262 483 94 1.62126 397 504 3.12894
52.3986 0.511857 0.318746 213 -79 0.4 0 0.642846 0.321781 393 139 577 136 381 262 595 262 482 94 1.63194 397 504 3.12894
52.4653 0.511857 0.318746 213 -79 0.4 0 0.643246 0.321781 392 139 577 136 381 262 595 262 482 95 1.62126 397 504 3.12894
52.532 0.511857 0.318746 213 -79 0.4 0 0.643646 0.321781 392 139 577 136 381 262 595 262 482 95 1.63257 398 504 3.15409
52.5986 0.512114 0.318746 198 -78 0.4 0 0.644046 0.321781 392 139 577 136 381 262 595 262 482 95 1.64358 397 504 3.14159
52.6653 0.512114 0.318746 198 -78 0.4 0 0.644446 0.321781 392 139 577 136 381 262 595 262 482 94 1.65481 397 504 3.12894
52.732 0.512114 0.318746 198 -78 0.4 0 0.644846 0.321781 391 139 577 136 381 262 595 262 481 96 1.63072 397 504 3.11628
52.7986 0.51417 0.318746 212 -79 0.4 0 0.645246 0.321781 390 139 575 136 380 262 595 262 480 95 1.65308 397 504 3.12894
52.8653 0.51417 0.318746 212 -79 0.4 0 0.645646 0.321781 390 139 575 136 380 262 595 262 480 95 1.65308 397 504 3.11628
52.932 0.51417 0.318746 212 -79 0.4 0 0.646046 0.321781 390 139 575 136 379 262 595 262 480 95 1.64139 397 504 3.14159
52.9986 0.515455 0.318746 218 -79 0.4 0 0.646446 0.321781 390 139 575 136 379 262 595 262 480 95 1.63999 397 504 3.14159
53.0653 0.515455 0.318746 218 -79 0.4 0 0.646846 0.321781 389 139 575 136 379 262 595 262 479 96 1.64984 397 504 3.19349
53.132 0.515455 0.318746 218 -79 0.4 0 0.647246 0.321781 389 139 574 136 379 262 595 262 479 96 1.63999 397 504 3.19349
53.1986 0.515712 0.318746 216 -79 0.4 0 0.647646 0.321781 389 139 574 136 379 262 595 262 479 96 1.65143 398 504 3.14159
53.2653 0.515712 0.318746 216 -79 0.4 0 0.648046 0.321781 389 139 574 137 379 262 595 262 478 95 1.67353 398 504 3.14159
53.332 0.515712 0.318746 216 -79 0.4 0 0.648446 0.321781 389 139 574 137 378 262 595 262 478 96 1.65063 397 504 3.12909
53.3986 0.517769 0.318746 216 -78 0.4 0 0.648846 0.321781 388 140 573 137 378 262 595 262 478 96 1.66055 397 504 3.12909
53.4653 0.517769 0.318746 216 -78 0.4 0 0.649246 0.321781 387 140 573 137 378 262 595 262 478 96 1.65063 397 504 3.12909
53.532 0.517769 0.318746 216 -78 0.4 0 0.649646 0.321781 388 139 573 137 378 262 595 262 477 96 1.66238 397 504 3.12909
53.5986 0.517769 0.318746 201 -78 0.4 0 0.650046 0.321781 388 139 573 137 378 262 595 262 477 96 1.66238 397 504 3.12894
53.6653 0.517769 0.318746 201 -78 0.4 0 0.650446 0.321781 387 139 573 137 377 262 595 262 476 97 1.68372 397 504 3.12894
53.732 0.517769 0.318746 201 -78 0.4 0 0.650846 0.321781 387 139 572 137 377 262 595 262 476 96 1.67146 397 503 3.12894
53.7986 0.519568 0.318746 222 -78 0.4 0 0.651246 0.321781 387 139 572 137 377 262 595 262 476 96 1.66948 397 504 3.11628
53.8653 0.519568 0.318746 222 -78 0.4 0 0.651646 0.321781 386 139 572 137 377 262 595 262 476 97 1.69264 397 504 3.12909
53.932 0.519568 0.318746 222 -78 0.4 0 0.652046 0.321781 386 139 572 137 377 262 595 262 475 97 1.68488 397 504 3.14159
53.9986 0.52111 0.318746 221 -79 0.4 0 0.652447 0.321781 386 140 572 137 377 262 595 262 475 97 1.68036 397 504 3.14159
54.0653 0.52111 0.318746 221 -79 0.4 0 0.652847 0.321781 386 139 572 137 377 263 595 262 475 97 1.69264 397 504 3.14159
54.132 0.52111 0.318746 221 -79 0.4 0 0.653247 0.321781 386 139 572 137 377 263 595 262 475 97 1.70136 397 504 3.12894
54.1986 0.52111 0.318746 221 -79 0.4 0 0.653647 0.321781 385 139 571 137 376 262 595 262 475 97 1.69142 397 504 3.12909
54.2653 0.52111 0.318746 221 -79 0.4 0 0.654047 0.321781 385 139 571 137 376 262 595 262 474 97 1.70402 397 504 3.12894
54.332 0.52111 0.318746 221 -79 0.4 0 0.654447 0.321781 385 139 571 137 376 262 595 262 474 97 1.70136 397 504 3.12909
54.3986 0.52291 0.318746 234 -79 0.4 0 0.654847 0.321781 385 139 571 138 376 262 595 262 474 97 1.70136 397 504 3.12909
54.4653 0.52291 0.318746 234 -79 0.4 0 0.655247 0.321781 384 139 571 137 375 263 595 262 473 97 1.69142 397 504 3.12909
54.532 0.52291 0.318746 234 -79 0.4 0 0.655647 0.321781 384 139 570 138 375 262 595 262 473 98 1.71269 397 504 3.12909
54.5986 0.523681 0.318746 234 -79 0.4 0 0.656047 0.321781 384 139 570 138 375 263 595 262 472 97 1.73427 398 504 3.15409
54.6653 0.523681 0.318746 234 -79 0.4 0 0.656447 0.321781 383 140 570 138 375 262 595 262 472 98 1.71269 397 504 3.14159
54.732 0.524966 0.318746 227 -79 0.4 0 0.656847 0.321781 383 139 570 138 375 262 595 262 472 97 1.70989 397 504 3.15394
54.7986 0.524966 0.318746 227 -79 0.4 0 0.657247 0.321781 383 140 570 138 375 262 595 262 472 98 1.70136 397 504 3.12894
54.8653 0.524966 0.318746 227 -79 0.4 0 0.657647 0.321781 382 140 570 138 374 263 595 262 472 98 1.69142 397 504 3.12894
54.932 0.524966 0.318746 222 -78 0.4 0 0.658047 0.321781 382 140 569 138 374 263 595 262 471 97 1.72117 397 504 3.14159
54.9986 0.524966 0.318746 222 -78 0.4 0 0.658447 0.321781 382 140 569 138 374 263 595 262 471 99 1.70989 397 504 3.14159
55.0653 0.524966 0.318746 222 -78 0.4 0 0.658847 0.321781 382 139 569 138 374 263 595 262 471 99 1.72117 397 504 3.12909
55.132 0.526509 0.318746 235 -78 0.4 0 0.659247 0.321781 381 140 568 138 374 263 595 262 470 98 1.73103 397 504 3.14159
55.1986 0.526509 0.318746 235 -78 0.4 0 0.659647 0.321781 381 140 568 138 374 263 595 262 470 99 1.72268 397 504 3.12894
55.2653 0.526509 0.318746 235 -78 0.4 0 0.660047 0.321781 381 140 568 138 373 263 595 262 470 98 1.73427 397 504 3.12909
55.332 0.528051 0.318746 233 -78 0.4 0 0.660447 0.321781 381 140 568 138 373 263 595 262 470 99 1.73263 397 504 3.1679
55.3986 0.528051 0.318746 233 -78 0.4 0 0.660847 0.321781 380 140 567 139 373 263 595 262 468 98 1.77829 397 504 3.12894
55.4653 0.528051 0.318746 233 -78 0.4 0 0.661247 0.321781 380 140 567 139 373 263 595 262 468 99 1.76422 397 504 3.12894
55.532 0.528822 0.318746 232 -78 0.4 0 0.661647 0.321781 379 140 567 139 372 263 595 262 468 98 1.76422 397 504 3.14159
55.5986 0.528822 0.318746 232 -78 0.4 0 0.662047 0.321781 379 140 567 139 372 263 595 262 468 99 1.75245 397 504 3.12894
55.6653 0.528822 0.318746 232 -78 0.4 0 0.662447 0.321781 379 140 566 139 372 263 595 262 468 99 1.75428 397 504 3.12894
55.732 0.530621 0.318746 238 -78 0.4 0 0.662847 0.321781 378 140 566 139 372 263 595 262 467 99 1.75428 397 504 3.14159
55.7986 0.530621 0.318746 238 -78 0.4 0 0.663247 0.321781 378 140 566 139 372 263 595 262 467 100 1.76422 397 504 3.12894
55.8653 0.530621 0.318746 238 -78 0.4 0 0.663647 0.321781 378 140 566 139 372 263 595 262 466 99 1.78615 397 504 3.14159
55.932 0.530621 0.318746 224 -78 0.4 0 0.664047 0.321781 378 140 566 139 371 263 595 262 466 99 1.78615 397 504 3.12909
55.9986 0.530621 0.318746 224 -78 0.4 0 0.664447 0.321781 377 140 565 139 371 263 595 262 466 100 1.76422 397 504 3.12894
56.0653 0.530621 0.318746 224 -78 0.4 0 0.664847 0.321781 377 140 565 140 371 263 595 262 465 100 1.77829 397 504 3.12894
56.132 0.532935 0.318746 239 -78 0.4 0 0.665247 0.321781 377 140 564 140 371 263 595 262 464 100 1.78615 397 504 3.12894
56.1986 0.532935 0.318746 239 -78 0.4 0 0.665647 0.321781 377 140 564 140 371 263 595 262 464 100 1.78615 397 504 3.12894
56.2653 0.533963 0.318746 247 -78 0.4 0 0.666047 0.321781 377 140 564 140 371 263 595 262 465 100 1.79383 397 504 3.12894
56.332 0.533963 0.318746 247 -78 0.4 0 0.666447 0.321781 376 140 564 140 371 263 595 262 464 101 1.77211 397 504 3.14159
56.3986 0.533963 0.318746 247 -78 0.4 0 0.666847 0.321781 376 140 564 140 371 263 595 262 463 101 1.80361 397 504 3.14159
56.4653 0.533963 0.318746 247 -78 0.4 0 0.667247 0.321781 376 140 564 140 370 263 595 262 463 100 1.83074 397 504 3.12894
56.532 0.53422 0.318746 246 -78 0.4 0 0.667647 0.321781 375 140 563 140 370 263 595 262 463 101 1.78947 397 504 3.14159
56.5986 0.53422 0.318746 246 -78 0.4 0 0.668047 0.321781 375 140 563 140 370 263 595 262 463 101 1.81577 397 504 3.14159
56.6653 0.536534 0.318746 237 -79 0.4 0 0.668447 0.321781 374 140 562 140 369 263 595 262 462 102 1.79607 397 504 3.12894
56.732 0.536534 0.318746 237 -79 0.4 0 0.668847 0.321781 374 140 562 141 369 264 595 262 462 101 1.80361 397 504 3.12894
56.7986 0.536534 0.318746 237 -79 0.4 0 0.669247 0.321781 374 140 562 140 369 263 595 262 462 101 1.81577 397 504 3.12894
56.8653 0.536791 0.318746 238 -79 0.4 0 0.669647 0.321781 374 140 562 140 369 263 595 262 462 102 1.79607 397 504 3.12894
56.932 0.536791 0.318746 238 -79 0.4 0 0.670047 0.321781 373 140 562 141 369 263 595 262 461 102 1.82057 397 504 3.12894
56.9986 0.536791 0.318746 238 -79 0.4 0 0.670447 0.321781 373 140 561 141 369 264 595 262 460 102 1.82304 397 504 3.12894
57.0653 0.538333 0.318746 237 -79 0.4 0 0.670847 0.321781 373 140 561 141 369 264 595 262 460 102 1.81825 397 504 3.12894
57.132 0.538333 0.318746 237 -79 0.4 0 0.671247 0.321781 372 140 561 141 368 264 595 262 460 102 1.85459 397 504 3.11596
57.1986 0.538333 0.318746 237 -79 0.4 0 0.671647 0.321781 372 140 561 141 368 264 595 262 460 103 1.83268 397 504 3.12894
57.2653 0.540646 0.318746 238 -78 0.4 0 0.672047 0.321781 372 140 560 141 368 263 596 262 459 103 1.83268 397 504 3.12894
57.332 0.540646 0.318746 238 -78 0.4 0 0.672447 0.321781 371 140 560 141 367 264 595 262 458 103 1.83528 397 504 3.14159
57.3986 0.540646 0.318746 238 -78 0.4 0 0.672847 0.321781 371 140 560 141 367 264 596 262 458 103 1.89913 397 504 3.12894
57.4653 0.540646 0.318746 240 -78 0.4 0 0.673247 0.321781 371 141 559 141 367 264 596 262 458 103 1.84227 397 504 3.12894
57.532 0.540646 0.318746 240 -78 0.4 0 0.673647 0.321781 371 141 559 142 367 264 596 262 458 103 1.85459 397 504 3.11596
57.5986 0.540646 0.318746 240 -78 0.4 0 0.674047 0.321781 370 140 559 142 367 264 596 262 457 103 1.8958 397 504 3.12894
57.6653 0.542189 0.318746 237 -78 0.4 0 0.674447 0.321781 370 141 559 142 366 264 596 262 457 103 1.91595 397 504 3.12894
57.732 0.542189 0.318746 237 -78 0.4 0 0.674847 0.321781 370 141 559 142 366 264 595 262 456 103 1.88622 397 504 3.12894
57.7986 0.542189 0.318746 237 -78 0.4 0 0.675247 0.321781 370 141 559 142 366 264 595 262 456 103 1.90219 397 504 3.11596
57.8653 0.543988 0.318746 231 -78 0.4 0 0.675647 0.321781 369 141 559 142 366 264 595 262 456 104 1.88622 397 504 3.11596
57.932 0.543988 0.318746 231 -78 0.4 0 0.676047 0.321781 369 141 558 142 366 264 595 262 454 104 1.91178 397 504 3.11596
58.001 0.543988 0.318746 231 -78 0.4 0 0.676447 0.321781 368 140 558 142 365 264 596 262 455 105 1.8957 397 504 3.11596
58.0653 0.544502 0.318746 230 -79 0.4 0 0.676847 0.321781 368 141 557 142 365 264 596 262 454 104 1.92836 397 504 3.11596
58.132 0.544502 0.318746 230 -79 0.4 0 0.677247 0.321781 368 141 557 143 365 264 596 262 454 105 1.91178 397 504 3.11596
58.1986 0.544502 0.318746 230 -79 0.4 0 0.677647 0.321781 368 141 557 143 365 264 596 262 454 104 1.932 397 504 3.11596
58.2653 0.546302 0.318746 240 -79 0.4 0 0.678047 0.321781 368 141 557 143 365 264 596 262 454 105 1.91178 397 504 3.11596
58.332 0.546302 0.318746 240 -79 0.4 0 0.678447 0.321781 367 141 556 143 365 264 596 262 453 105 1.94751 397 504 3.11596
58.3986 0.546302 0.318746 240 -79 0.4 0 0.678847 0.321781 367 141 556 143 364 264 596 262 453 105 1.94378 397 504 3.11596
58.4653 0.546302 0.318746 231 -78 0.4 0 0.679247 0.321781 367 141 556 143 364 264 596 262 453 105 1.94751 397 504 3.11596
58.532 0.546302 0.318746 231 -78 0.4 0 0.679647 0.321781 367 141 556 143 364 264 596 262 453 105 1.94751 397 504 3.11596
58.5986 0.546302 0.318746 231 -78 0.4 0 0.680047 0.321781 366 141 556 143 364 264 596 262 452 105 1.96479 397 504 3.12877
58.6653 0.547844 0.318746 249 -78 0.4 0 0.680447 0.321781 366 141 555 144 364 264 596 262 452 106 1.9587 397 504 3.11596
58.732 0.547844 0.318746 249 -78 0.4 0 0.680847 0.321781 366 141 555 144 364 264 596 262 452 106 1.9797 397 504 3.11596
58.8011 0.549129 0.318746 248 -78 0.4 0 0.681247 0.321781 366 141 555 144 364 264 596 262 451 105 1.94751 397 504 3.12894
58.8653 0.549129 0.318746 248 -78 0.4 0 0.681647 0.321781 365 141 555 144 364 264 596 262 451 106 1.94378 397 504 3.12894
58.932 0.549129 0.318746 248 -78 0.4 0 0.682047 0.321781 365 141 555 144 364 264 596 262 451 107 1.95318 397 504 3.11596
58.9987 0.549129 0.318746 247 -78 0.4 0 0.682447 0.321781 365 141 554 144 364 264 596 262 451 106 1.96479 397 504 3.11596
59.0653 0.549129 0.318746 247 -78 0.4 0 0.682847 0.321781 365 141 554 144 364 264 596 262 451 106 1.9625 397 504 3.11596
59.132 0.549129 0.318746 247 -78 0.4 0 0.683247 0.321781 365 141 554 144 363 264 596 263 450 106 1.95318 397 504 3.11596
59.1986 0.551186 0.318746 245 -78 0.4 0 0.683647 0.321781 364 141 554 144 363 265 596 263 450 107 1.98493 397 504 3.11596
59.2653 0.551186 0.318746 245 -78 0.4 0 0.684047 0.321781 364 141 553 145 363 265 596 262 450 107 1.98092 397 504 3.11596
59.332 0.551186 0.318746 245 -78 0.4 0 0.684447 0.321781 363 141 553 145 362 264 596 262 449 107 1.97433 397 504 3.11596
59.3986 0.551443 0.318746 234 -78 0.4 0 0.684847 0.321781 363 141 553 145 362 264 596 262 449 107 1.96788 397 504 3.12894
59.4653 0.551443 0.318746 234 -78 0.4 0 0.685247 0.321781 363 141 553 145 362 264 596 262 448 108 1.98902 397 504 3.12894
59.532 0.551443 0.318746 234 -78 0.4 0 0.685647 0.321781 363 141 552 145 362 264 596 263 448 107 1.98902 397 504 3.12894
59.5987 0.552728 0.318746 249 -79 0.4 0 0.686047 0.321781 362 141 552 145 362 265 596 263 448 108 1.98902 397 504 3.11596
59.6653 0.552728 0.318746 249 -79 0.4 0 0.686447 0.321781 362 141 552 145 361 265 596 262 448 108 1.98902 397 504 3.12894
59.732 0.552728 0.318746 249 -79 0.4 0 0.686847 0.321781 362 141 552 146 361 265 596 262 448 108 1.98902 397 504 3.11596
59.7986 0.554527 0.318746 258 -78 0.4 0 0.687247 0.321781 362 141 552 145 361 265 596 263 448 108 1.98902 397 504 3.11596
59.8653 0.554527 0.318746 258 -78 0.4 0 0.687647 0.321781 361 141 552 146 361 265 596 263 447 108 2.0032 397 504 3.11596
59.932 0.554527 0.318746 258 -78 0.4 0 0.688047 0.321781 361 141 551 146 361 265 596 262 446 108 2.02531 397 504 3.12894
59.9986 0.554527 0.318746 253 -78 0.4 0 0.688447 0.321781 361 141 551 146 361 265 596 262 446 107 2.04846 397 504 3.12894
60.0653 0.554527 0.318746 253 -78 0.4 0 0.688847 0.321781 361 142 551 146 361 264 596 263 446 108 2.02087 397 504 3.12894
60.132 0.554527 0.318746 253 -78 0.4 0 0.689247 0.321781 360 142 551 146 360 265 596 263 445 107 2.0577 397 504 3.11596
60.1987 0.556584 0.318746 242 -79 0.4 0 0.689647 0.321781 360 142 550 147 360 265 596 263 445 109 2.0577 397 504 3.12894
60.2653 0.556584 0.318746 242 -79 0.4 0 0.690047 0.321781 360 142 550 147 360 265 596 263 445 109 2.03903 397 504 3.11596
60.332 0.556584 0.318746 242 -79 0.4 0 0.690447 0.321781 360 141 550 146 360 265 596 263 444 108 2.05331 397 504 3.12894
60.3986 0.556584 0.318746 247 -78 0.4 0 0.690847 0.321781 359 141 550 147 360 265 596 263 444 109 2.07181 397 504 3.12894
60.4653 0.556584 0.318746 247 -78 0.4 0 0.691247 0.321781 359 142 549 147 359 265 596 263 443 109 2.09887 397 504 3.12894
60.532 0.556584 0.318746 247 -78 0.4 0 0.691647 0.321781 359 142 549 147 360 265 596 263 443 110 2.07181 397 504 3.12894
60.5986 0.558383 0.318746 246 -78 0.4 0 0.692047 0.321781 359 142 549 148 359 265 596 263 443 110 2.06684 397 504 3.12894
60.6653 0.558383 0.318746 246 -78 0.4 0 0.692447 0.321781 358 142 549 148 359 265 596 263 443 110 2.06684 397 504 3.12894
60.732 0.558383 0.318746 246 -78 0.4 0 0.692847 0.321781 358 142 548 147 359 265 596 263 442 111 2.06134 397 504 3.12894
60.7987 0.560697 0.318746 241 -79 0.4 0 0.693247 0.321781 357 142 548 148 359 265 596 263 442 111 2.07014 397 504 3.12894
60.8654 0.560697 0.318746 241 -79 0.4 0 0.693647 0.321781 357 142 547 148 359 265 596 263 441 111 2.10607 397 504 3.12894
60.932 0.560697 0.318746 241 -79 0.4 0 0.694047 0.321781 357 142 547 148 358 265 596 263 440 111 2.09374 397 504 3.12894
60.9986 0.560697 0.318746 226 -79 0.4 0 0.694447 0.321781 356 142 547 148 358 265 596 262 440 112 2.08869 397 504 3.11596
61.0653 0.560697 0.318746 226 -79 0.4 0 0.694847 0.321781 356 142 547 149 358 265 596 262 440 112 2.09887 397 504 3.11596
61.132 0.562753 0.318746 243 -79 0.4 0 0.695247 0.321781 355 142 546 149 357 266 596 262 440 112 2.09374 397 504 3.12894
61.1986 0.562753 0.318746 243 -79 0.4 0 0.695647 0.321781 355 142 546 149 357 266 596 262 439 112 2.13595 397 504 3.11596
61.2653 0.562753 0.318746 243 -79 0.4 0 0.696047 0.321781 355 142 546 149 357 266 596 262 439 112 2.11982 397 504 3.12894
61.332 0.562753 0.318746 243 -79 0.4 0 0.696447 0.321781 355 142 546 149 357 265 596 262 439 112 2.11982 397 504 3.12894
61.3986 0.564809 0.318746 224 -79 0.4 0 0.696847 0.321781 354 142 545 150 357 265 596 262 438 113 2.13272 397 504 3.12894
61.4653 0.564809 0.318746 224 -79 0.4 0 0.697247 0.321781 354 142 545 150 356 266 596 262 438 113 2.11982 397 504 3.12894
61.532 0.565324 0.318746 233 -79 0.4 0 0.697647 0.321781 354 142 545 150 356 266 596 262 437 113 2.1446 397 504 3.12894
61.5986 0.565324 0.318746 233 -79 0.4 0 0.698047 0.321781 354 142 545 150 356 266 596 262 437 113 2.1588 397 504 3.12894
61.6653 0.565324 0.318746 233 -79 0.4 0 0.698447 0.321781 354 142 544 150 356 266 596 263 437 114 2.14213 397 504 3.12894
61.732 0.566866 0.318746 239 -79 0.4 0 0.698847 0.321781 353 142 544 150 356 266 596 262 436 114 2.1588 397 504 3.12894
61.7986 0.566866 0.318746 239 -79 0.4 0 0.699247 0.321781 353 142 544 150 356 266 596 262 436 115 2.15315 397 504 3.12894
61.8653 0.566866 0.318746 239 -79 0.4 0 0.699647 0.321781 353 142 544 151 356 265 596 262 436 115 2.15315 397 504 3.12894
61.932 0.567123 0.318746 246 -79 0.4 0 0.700047 0.321781 353 142 544 151 356 265 596 262 436 115 2.14759 397 504 3.11596
61.9987 0.567123 0.318746 246 -79 0.4 0 0.700447 0.321781 353 142 544 151 355 266 597 263 436 114 2.1757 397 504 3.12894
62.0653 0.567123 0.318746 246 -79 0.4 0 0.700847 0.321781 352 142 543 151 355 266 596 262 436 115 2.1757 397 504 3.12894
62.132 0.568408 0.318746 246 -79 0.4 0 0.701247 0.321781 352 142 543 151 355 266 596 262 436 115 2.1757 397 504 3.12894
62.1986 0.568408 0.318746 246 -79 0.4 0 0.701647 0.321781 352 142 543 151 355 266 596 262 434 115 2.2143 397 504 3.11596
62.2653 0.568408 0.318746 246 -79 0.4 0 0.702047 0.321781 352 142 543 151 355 266 596 262 434 115 2.2143 397 504 3.12894
62.332 0.569693 0.318746 251 -79 0.4 0 0.702447 0.321781 352 142 543 151 355 266 596 263 434 115 2.1757 397 504 3.12894
62.3986 0.569693 0.318746 251 -79 0.4 0 0.702847 0.321781 351 143 542 152 355 266 596 262 434 116 2.1757 397 504 3.12894
62.4653 0.569693 0.318746 251 -79 0.4 0 0.703247 0.321781 351 142 542 152 355 266 596 263 434 114 2.22906 397 504 3.12894
62.532 0.569693 0.318746 226 -79 0.4 0 0.703647 0.321781 351 143 542 152 354 266 596 262 434 115 2.22267 397 504 3.12894
62.5987 0.569693 0.318746 226 -79 0.4 0 0.704047 0.321781 351 143 542 152 354 266 596 263 433 116 2.20625 397 504 3.11596
62.6653 0.569693 0.318746 226 -79 0.4 0 0.704447 0.321781 350 143 542 152 354 266 596 262 433 115 2.26019 397 504 3.12894
62.732 0.572007 0.318746 239 -80 0.4 0 0.704847 0.321781 349 143 541 153 354 266 597 263 433 116 2.21018 397 504 3.12894
62.7986 0.572007 0.318746 239 -80 0.4 0 0.705247 0.321781 350 143 541 153 354 266 596 263 433 117 2.20409 397 504 3.11596
62.8653 0.572007 0.318746 239 -80 0.4 0 0.705647 0.321781 349 143 541 153 353 266 596 262 433 117 2.20409 397 504 3.12894
62.932 0.573292 0.318746 249 -79 0.4 0 0.706047 0.321781 349 143 541 153 353 266 596 262 432 116 2.26688 397 504 3.12894
62.9986 0.573292 0.318746 249 -79 0.4 0 0.706447 0.321781 349 143 540 153 353 266 596 263 431 117 2.21839 397 504 3.11596
63.0653 0.573292 0.318746 249 -79 0.4 0 0.706847 0.321781 349 143 540 153 353 266 596 263 431 118 2.21839 397 504 3.12894
63.132 0.573549 0.318746 245 -79 0.4 0 0.707247 0.321781 349 143 540 153 353 266 596 263 431 118 2.21839 397 504 3.12894
63.1986 0.573549 0.318746 245 -79 0.4 0 0.707647 0.321781 349 143 539 154 353 266 596 263 431 118 2.21839 397 504 3.12894
63.2653 0.573549 0.318746 245 -79 0.4 0 0.708047 0.321781 348 143 540 154 352 266 596 262 431 118 2.25509 397 504 3.12894
63.332 0.575349 0.318746 253 -79 0.4 0 0.708447 0.321781 348 143 539 154 352 266 596 263 430 118 2.2424 397 504 3.12894
63.3986 0.575349 0.318746 253 -79 0.4 0 0.708847 0.321781 348 143 539 154 352 267 596 262 430 118 2.2424 397 504 3.12894
63.4658 0.575349 0.318746 242 -80 0.4 0 0.709247 0.321781 348 143 539 154 352 266 596 262 430 118 2.2424 397 504 3.12894
63.532 0.575349 0.318746 242 -80 0.4 0 0.709647 0.321781 348 143 539 154 352 266 596 262 430 118 2.26688 397 504 3.12894
63.5987 0.575349 0.318746 242 -80 0.4 0 0.710047 0.321781 348 143 539 154 352 267 596 263 429 119 2.24714 397 504 3.12894
63.6653 0.576634 0.318746 258 -79 0.4 0 0.710447 0.321781 347 144 538 155 352 267 596 262 429 119 2.24714 397 504 3.12894
63.732 0.576634 0.318746 258 -79 0.4 0 0.710847 0.321781 347 143 538 155 352 267 596 262 429 119 2.24714 397 504 3.12894
63.7986 0.576634 0.318746 258 -79 0.4 0 0.711247 0.321781 347 143 538 155 352 267 596 262 429 119 2.2906 397 504 3.12894
63.8653 0.578433 0.318746 250 -79 0.4 0 0.711648 0.321781 347 143 538 155 352 267 596 262 429 119 2.28386 397 504 3.12894
63.932 0.578433 0.318746 250 -79 0.4 0 0.712048 0.321781 346 144 537 155 351 267 596 262 429 119 2.28386 397 504 3.12894
63.9986 0.578433 0.318746 250 -79 0.4 0 0.712448 0.321781 346 143 537 155 351 267 596 262 428 120 2.30588 397 504 3.12894
64.0653 0.578947 0.318746 249 -79 0.4 0 0.712848 0.321781 346 143 537 156 351 267 596 263 428 120 2.30588 397 504 3.12894
64.132 0.578947 0.318746 249 -79 0.4 0 0.713248 0.321781 346 143 537 156 351 267 596 262 428 120 2.30588 397 504 3.12894
64.1987 0.578947 0.318746 249 -79 0.4 0 0.713648 0.321781 346 144 537 156 351 267 596 263 428 120 2.30588 397 504 3.12894
64.2653 0.581261 0.318746 247 -80 0.4 0 0.714048 0.321781 345 144 536 157 351 267 596 262 427 120 2.41583 397 504 3.12894
64.332 0.581261 0.318746 247 -80 0.4 0 0.714448 0.321781 345 143 536 157 350 267 596 262 427 120 2.41583 397 504 3.12894
64.3986 0.581261 0.318746 247 -80 0.4 0 0.714848 0.321781 345 144 536 157 350 267 596 262 427 120 2.41583 397 504 3.12894
64.4653 0.581261 0.318746 223 -79 0.4 0 0.715248 0.321781 345 144 536 157 350 267 596 262 426 122 2.4058 397 504 3.12894
64.532 0.581261 0.318746 223 -79 0.4 0 0.715648 0.321781 344 144 536 157 350 267 597 263 426 121 2.44293 397 504 3.12894
64.5986 0.581261 0.318746 223 -79 0.4 0 0.716048 0.321781 344 144 536 157 350 267 596 262 426 121 2.44293 397 504 3.12894
64.6653 0.583317 0.318746 250 -80 0.4 0 0.716448 0.321781 344 144 535 157 350 267 597 262 426 121 2.44293 397 504 3.12894
64.732 0.583317 0.318746 250 -80 0.4 0 0.716848 0.321781 343 144 535 158 349 267 596 262 425 122 2.4417 397 504 3.12894
64.7987 0.583317 0.318746 250 -80 0.4 0 0.717248 0.321781 343 144 535 158 349 267 596 262 425 122 2.4573 397 504 3.12894
64.8653 0.58486 0.318746 245 -79 0.4 0 0.717648 0.321781 343 144 535 158 349 267 596 262 424 122 2.47503 397 504 3.12894
64.932 0.58486 0.318746 245 -79 0.4 0 0.718048 0.321781 342 144 535 158 349 267 596 262 424 123 2.45586 397 504 3.12894
64.9986 0.58486 0.318746 245 -79 0.4 0 0.718448 0.321781 342 144 534 159 349 268 596 262 424 123 2.48146 397 504 3.12894
65.0653 0.585888 0.318746 235 -80 0.4 0 0.718848 0.321781 342 144 534 159 348 268 596 262 423 123 2.49602 397 504 3.12894
65.132 0.585888 0.318746 235 -80 0.4 0 0.719248 0.321781 342 144 533 159 348 267 596 262 423 123 2.49602 397 504 3.12894
65.1986 0.587173 0.318746 240 -79 0.4 0 0.719648 0.321781 342 144 533 159 348 267 597 263 422 125 2.4508 397 504 3.12894
65.2653 0.587173 0.318746 240 -79 0.4 0 0.720048 0.321781 342 144 533 160 348 267 597 263 422 124 2.50435 397 504 3.12894
65.332 0.587173 0.318746 240 -79 0.4 0 0.720448 0.321781 341 145 533 160 347 268 596 262 422 124 2.51051 397 504 3.12894
65.3987 0.58743 0.318746 242 -79 0.4 0 0.720848 0.321781 341 145 532 160 347 268 596 262 422 124 2.5128 397 504 3.12894
65.4653 0.58743 0.318746 242 -79 0.4 0 0.721248 0.321781 341 144 532 160 347 268 597 263 422 124 2.52134 397 504 3.12894
65.532 0.58743 0.318746 242 -79 0.4 0 0.721648 0.321781 341 145 532 160 347 268 596 262 422 125 2.494 397 504 3.12894
65.5986 0.588972 0.318746 246 -79 0.4 0 0.722048 0.321781 340 145 532 161 347 267 596 262 421 125 2.51892 397 504 3.12894
65.6653 0.588972 0.318746 246 -79 0.4 0 0.722448 0.321781 340 145 532 161 347 268 597 263 420 126 2.494 397 504 3.12894
65.732 0.588972 0.318746 246 -79 0.4 0 0.722848 0.321781 340 144 531 161 346 268 596 262 421 126 2.52253 397 504 3.12894
65.7986 0.589487 0.318746 254 -79 0.4 0 0.723248 0.321781 340 144 531 161 346 268 596 262 420 126 2.47965 397 504 3.12894
65.8653 0.589487 0.318746 254 -79 0.4 0 0.723648 0.321781 339 145 531 161 346 268 596 262 420 126 2.54784 397 504 3.12894
65.932 0.589487 0.318746 254 -79 0.4 0 0.724048 0.321781 339 145 531 161 346 268 596 262 420 126 2.54477 397 504 3.12894
65.9986 0.590772 0.318746 253 -79 0.4 0 0.724448 0.321781 339 144 531 161 346 268 596 262 419 127 2.51428 397 504 3.12894
66.0653 0.590772 0.318746 253 -79 0.4 0 0.724848 0.321781 339 145 531 161 346 268 596 262 420 126 2.57088 397 504 3.12894
66.132 0.590772 0.318746 253 -79 0.4 0 0.725248 0.321781 339 145 531 161 346 268 596 262 419 127 2.54242 397 504 3.12894
66.1986 0.592828 0.318489 244 -79 0.4 0 0.725648 0.321781 338 145 530 163 345 268 597 263 419 127 2.54242 397 504 3.12894
66.2653 0.592828 0.318489 244 -79 0.4 0 0.726048 0.321781 338 145 530 163 345 268 596 262 419 127 2.57644 397 504 3.12894
66.332 0.592828 0.318489 244 -79 0.4 0 0.726448 0.321781 338 145 529 163 345 268 597 263 419 128 2.58299 397 504 3.12894
66.3986 0.592828 0.318746 242 -80 0.4 0 0.726848 0.321781 338 145 529 163 345 269 596 262 418 129 2.54784 397 504 3.12894
66.4653 0.592828 0.318746 242 -80 0.4 0 0.727248 0.321781 337 145 529 163 345 268 596 262 418 128 2.55648 397 504 3.12894
66.532 0.592828 0.318746 242 -80 0.4 0 0.727648 0.321781 337 145 529 164 345 268 596 262 417 129 2.5994 397 504 3.12894
66.5986 0.594628 0.318746 249 -80 0.4 0 0.728048 0.321781 337 146 528 164 344 268 597 263 417 129 2.612 397 504 3.12894
66.6653 0.594628 0.318746 249 -80 0.4 0 0.728448 0.321781 337 145 528 164 344 268 596 262 417 129 2.56779 397 504 3.12894
66.732 0.594628 0.318746 248 -79 0.4 0 0.728848 0.321781 336 146 528 164 344 269 596 262 416 129 2.58191 397 504 3.12894
66.7986 0.594628 0.318746 248 -79 0.4 0 0.729248 0.321781 336 146 528 164 344 269 597 263 417 130 2.5994 397 504 3.12894
66.8653 0.594628 0.318746 248 -79 0.4 0 0.729648 0.321781 336 146 528 164 344 269 597 263 416 130 2.61727 397 504 3.12894
66.932 0.594628 0.318746 248 -79 0.4 0 0.730048 0.321781 336 145 528 164 344 269 596 262 416 130 2.64058 397 504 3.12894
66.9986 0.594628 0.318746 248 -79 0.4 0 0.730448 0.321781 336 146 528 164 343 269 596 262 416 130 2.64058 397 504 3.12894
67.0653 0.594628 0.318746 248 -79 0.4 0 0.730848 0.321781 335 146 527 165 343 269 596 262 416 130 2.62511 397 504 3.12894
67.132 0.596684 0.318746 248 -79 0.4 0 0.731248 0.321781 335 146 527 165 343 269 596 262 416 130 2.63552 397 504 3.12894
67.1987 0.596684 0.318746 248 -79 0.4 0 0.731648 0.321781 335 146 527 165 343 269 596 262 416 130 2.63552 397 504 3.12894
67.2653 0.596684 0.318746 248 -79 0.4 0 0.732048 0.321781 335 146 527 165 343 269 596 262 415 131 2.61865 397 504 3.12894
67.332 0.598483 0.318746 255 -79 0.4 0 0.732448 0.321781 335 146 526 166 343 269 596 262 415 132 2.61138 397 504 3.12894
67.3986 0.598483 0.318746 255 -79 0.4 0 0.732848 0.321781 335 146 526 166 343 269 596 262 415 131 2.64555 397 504 3.12894
67.4653 0.598483 0.318746 255 -79 0.4 0 0.733248 0.321781 335 146 526 166 343 269 597 263 415 131 2.65908 397 504 3.12894
67.532 0.598483 0.318746 264 -80 0.4 0 0.733648 0.321781 335 146 526 166 343 269 596 262 414 131 2.66393 397 504 3.12894
67.5986 0.598483 0.318746 264 -80 0.4 0 0.734048 0.321781 334 146 526 166 342 269 596 262 415 131 2.64058 397 504 3.12894
67.6653 0.598483 0.318746 264 -80 0.4 0 0.734448 0.321781 334 146 525 167 342 269 596 262 413 133 2.64143 397 504 3.12894
67.732 0.601311 0.318746 255 -79 0.4 0 0.734848 0.321781 333 146 525 167 342 269 597 263 414 133 2.64143 397 504 3.12894
67.7987 0.601311 0.318746 255 -79 0.4 0 0.735248 0.321781 333 146 525 168 342 269 596 262 413 134 2.65951 397 504 3.12894
67.8653 0.601311 0.318746 255 -79 0.4 0 0.735648 0.321781 333 146 525 167 342 269 596 262 413 133 2.67795 397 504 3.12894
67.932 0.602853 0.318746 257 -79 0.4 0 0.736048 0.321781 333 146 525 167 341 270 596 262 413 133 2.71497 397 504 3.12894
67.9986 0.602853 0.318746 257 -79 0.4 0 0.736448 0.321781 332 146 524 168 341 269 597 263 412 135 2.66425 397 504 3.12894
68.0653 0.602853 0.318746 257 -79 0.4 0 0.736848 0.321781 332 146 524 169 341 269 597 263 413 135 2.67795 397 504 3.12894
68.132 0.60311 0.318746 252 -79 0.4 0 0.737248 0.321781 332 147 524 169 341 269 596 262 412 135 2.69629 397 504 3.12894
68.1986 0.60311 0.318746 252 -79 0.4 0 0.737648 0.321781 332 147 524 169 341 269 596 262 412 135 2.68708 397 504 3.12894
68.2653 0.60311 0.318746 252 -79 0.4 0 0.738048 0.321781 332 147 524 169 340 270 597 262 412 135 2.7476 397 504 3.12894
68.332 0.605424 0.318746 251 -80 0.4 0 0.738448 0.321781 331 146 523 170 340 270 597 263 411 137 2.69629 397 504 3.12894
68.3987 0.605424 0.318746 251 -80 0.4 0 0.738848 0.321781 331 147 523 170 340 270 596 262 411 136 2.73806 397 504 3.12894
68.4653 0.605424 0.318746 251 -80 0.4 0 0.739248 0.321781 331 147 522 170 340 270 596 262 411 137 2.73268 397 504 3.12894
68.532 0.605424 0.318746 248 -79 0.4 0 0.739648 0.321781 331 147 523 170 340 270 597 263 411 137 2.72337 397 504 3.12894
68.5986 0.605424 0.318746 248 -79 0.4 0 0.740048 0.321781 331 147 522 171 340 270 597 263 411 137 2.76305 397 504 3.12894
68.6653 0.605424 0.318746 248 -79 0.4 0 0.740448 0.321781 330 147 522 171 340 270 597 263 411 137 2.76305 397 504 3.12894
68.732 0.606966 0.318746 247 -80 0.4 0 0.740848 0.321781 330 147 522 171 339 270 596 262 410 137 2.76305 397 504 3.12894
68.7986 0.606966 0.318746 247 -80 0.4 0 0.741248 0.321781 330 147 521 171 339 270 596 262 409 138 2.72745 397 504 3.12894
68.8653 0.606966 0.318746 247 -80 0.4 0 0.741648 0.321781 330 147 521 172 339 270 597 263 409 139 2.76488 397 504 3.12894
68.932 0.60928 0.318746 243 -80 0.4 0 0.742048 0.321781 330 147 521 173 339 270 597 263 409 139 2.75542 397 504 3.12894
68.9986 0.60928 0.318746 243 -80 0.4 0 0.742448 0.321781 329 147 520 173 338 270 597 263 409 140 2.75921 397 504 3.12894
69.0653 0.60928 0.318746 251 -79 0.4 0 0.742848 0.321781 329 148 521 173 338 270 597 263 408 140 2.76488 397 504 3.12894
69.132 0.60928 0.318746 251 -79 0.4 0 0.743248 0.321781 329 148 521 173 338 270 596 262 409 139 2.78039 397 504 3.12894
69.1986 0.60928 0.318746 251 -79 0.4 0 0.743648 0.321781 329 148 520 173 338 270 597 263 409 139 2.78039 397 504 3.12894
69.2653 0.611079 0.318489 248 -79 0.4 0 0.744048 0.321781 329 148 520 174 338 270 596 262 408 140 2.82304 397 504 3.12894
69.332 0.611079 0.318489 248 -79 0.4 0 0.744448 0.321781 328 148 520 174 338 270 597 263 408 141 2.79719 397 504 3.12894
69.3986 0.611079 0.318489 248 -79 0.4 0 0.744848 0.321781 328 147 520 174 338 270 596 262 408 140 2.85316 397 504 3.12894
69.4653 0.612107 0.318746 238 -78 0.4 0 0.745248 0.321781 328 148 520 174 337 270 597 263 407 140 2.82304 397 504 3.12894
69.532 0.612107 0.318746 238 -78 0.4 0 0.745648 0.321781 328 148 519 175 337 270 597 263 408 140 2.85316 397 504 3.12894
69.5986 0.612107 0.318746 238 -78 0.4 0 0.746048 0.321781 328 148 519 175 337 270 597 263 407 141 2.87626 397 504 3.12894
69.6653 0.613392 0.318746 237 -79 0.4 0 0.746448 0.321781 327 148 518 176 337 270 597 263 407 142 2.86329 397 504 3.12894
69.732 0.613392 0.318746 237 -79 0.4 0 0.746848 0.321781 327 148 519 176 337 271 597 263 407 142 2.89161 397 504 3.12894
69.7986 0.613392 0.318746 237 -79 0.4 0 0.747248 0.321781 327 148 519 176 337 271 596 262 407 142 2.87898 397 504 3.12894
69.8653 0.615192 0.318746 241 -79 0.4 0 0.747648 0.321781 327 148 518 177 337 271 597 263 407 142 2.87898 397 504 3.12894
69.932 0.615192 0.318746 241 -79 0.4 0 0.748048 0.321781 327 148 518 177 336 271 597 263 406 142 2.89915 397 504 3.12894
69.9986 0.615192 0.318746 241 -79 0.4 0 0.748448 0.321781 327 148 518 177 336 271 596 262 406 142 2.89915 397 504 3.12894
70.0653 0.615449 0.318746 247 -79 0.4 0 0.748848 0.321781 327 148 518 177 336 271 596 262 406 143 2.90687 397 504 3.12894
70.132 0.615449 0.318746 247 -79 0.4 0 0.749248 0.321781 326 148 517 177 336 271 597 263 405 144 2.90406 397 504 3.12894
70.1986 0.615449 0.318746 247 -79 0.4 0 0.749648 0.321781 326 149 517 178 336 271 597 263 405 145 2.88165 397 504 3.12894
70.2653 0.616991 0.318746 243 -79 0.4 0 0.750048 0.321781 326 149 517 178 336 271 597 263 405 144 2.9341 397 504 3.12894
70.332 0.616991 0.318746 243 -79 0.4 0 0.750448 0.321781 326 149 516 178 335 271 597 263 405 144 2.90406 397 504 3.12894
