35.7991 0.473556 0.311291 32 -30 0.2 0.2 0.596703 0.314181 406 138 588 134 391 261 601 261 498 94 4.74363 398 503 3.18004
35.8658 0.473556 0.311291 32 -30 0.2 0.2 0.596903 0.314381 406 138 588 134 391 261 601 261 498 94 4.74331 397 503 3.14159
35.9324 0.474327 0.312062 32 -36 0.2 0.2 0.597103 0.314581 405 138 588 134 391 261 601 261 498 94 4.74331 397 503 3.14159
35.9991 0.474327 0.312062 32 -36 0.2 0.2 0.597303 0.314781 406 138 588 134 391 261 601 261 498 94 4.76389 398 503 3.15409
36.0658 0.474327 0.312062 32 -36 0.2 0.2 0.597503 0.314981 406 138 588 134 391 261 601 262 498 94 4.76389 398 503 3.15409
36.1325 0.475355 0.312319 34 -41 0.2 0.2 0.597703 0.315181 406 138 588 134 391 261 601 261 498 94 4.76389 398 503 3.18004
36.1991 0.475355 0.312319 34 -41 0.2 0.2 0.597903 0.315381 406 138 588 134 391 261 601 261 498 94 4.76389 397 503 3.14159
36.2658 0.475355 0.312319 34 -41 0.2 0.2 0.598103 0.315581 406 138 588 134 391 260 601 262 497 95 4.75318 398 503 3.18004
36.3324 0.475355 0.31309 33 -38 0.2 0.2 0.598303 0.315781 406 138 589 134 391 261 601 262 497 95 4.76389 398 503 3.18004
36.3991 0.475355 0.31309 33 -38 0.2 0.2 0.598503 0.315981 406 138 588 134 391 261 601 261 497 95 4.76389 398 503 3.12894
36.4658 0.475355 0.31309 33 -38 0.2 0.2 0.598703 0.316181 406 138 588 134 391 260 601 261 498 95 4.73344 398 503 3.18004
36.5325 0.476126 0.31309 48 -37 0.2 0.2 0.598903 0.316381 406 138 588 134 391 260 601 261 498 95 4.77354 398 503 3.18004
36.5991 0.476126 0.31309 48 -37 0.2 0.2 0.599103 0.316581 406 138 588 134 391 260 601 261 498 94 4.73344 398 503 3.12894
36.6658 0.476126 0.31309 48 -37 0.2 0.2 0.599303 0.316781 406 138 588 134 391 260 601 262 498 94 4.73344 398 503 3.18004
36.7324 0.476126 0.314119 30 -42 0.2 0.2 0.599503 0.316981 406 138 588 134 391 260 601 261 498 95 4.74363 397 503 3.14159
36.7991 0.476126 0.314119 30 -42 0.2 0.2 0.599703 0.317181 406 138 588 134 391 260 601 262 498 95 4.7227 397 503 3.14159
36.8658 0.476126 0.314119 30 -42 0.2 0.2 0.599903 0.317381 406 138 588 134 391 261 601 261 498 95 4.7536 397 503 3.14159
36.9324 0.477154 0.314633 41 -46 0.2 0.2 0.600103 0.317581 406 138 589 134 391 261 601 262 498 95 4.74363 397 503 3.14159
36.9991 0.477154 0.314633 41 -46 0.2 0.2 0.600303 0.317781 406 138 589 134 391 261 601 262 498 95 4.74363 398 503 3.12909
37.0658 0.477669 0.31489 49 -46 0.2 0.2 0.600503 0.317981 406 138 589 134 391 261 601 262 498 95 4.74363 397 503 3.14159
37.1324 0.477669 0.31489 49 -46 0.2 0.2 0.600703 0.318181 406 138 588 134 391 261 601 262 498 95 4.74363 398 503 3.12909
37.1991 0.477669 0.31489 49 -46 0 0 0.600703 0.318181 406 138 589 134 391 261 601 262 498 95 4.74363 397 503 3.14159
37.2658 0.477926 0.315661 46 -46 0 0 0.600703 0.318181 406 138 588 134 391 261 601 262 498 95 4.76389 398 503 3.12909
37.3324 0.477926 0.315661 46 -46 0 0 0.600703 0.318181 406 138 589 135 391 261 601 262 498 95 4.76389 398 503 3.12909
37.3991 0.477926 0.315661 46 -46 0 0 0.600703 0.318181 406 138 589 134 391 261 601 262 498 95 4.76389 398 503 3.12909
37.4658 0.47844 0.315661 43 -53 0 0 0.600703 0.318181 406 138 589 135 391 261 601 262 498 95 4.76389 398 503 3.12909
37.5325 0.47844 0.315661 43 -53 0 0 0.600703 0.318181 406 138 589 135 391 261 601 262 498 95 4.75277 397 503 3.14159
37.5991 0.47844 0.315661 43 -53 0 0 0.600703 0.318181 406 138 589 134 391 261 601 262 498 95 4.76389 397 503 3.12909
37.6658 0.478697 0.316432 47 -56 0 0 0.600703 0.318181 406 138 589 134 391 261 602 261 498 95 4.75318 397 503 3.12909
37.7324 0.478697 0.316432 47 -56 0 0 0.600703 0.318181 406 138 589 134 391 261 601 261 498 95 4.76389 398 503 3.18004
37.7991 0.478697 0.316432 47 -56 0 0 0.600703 0.318181 406 138 589 134 391 261 601 261 498 95 4.76389 398 503 3.18004
37.8658 0.478697 0.316432 44 -56 0 0 0.600703 0.318181 406 138 589 134 391 261 601 261 498 95 4.75277 398 503 3.12909
37.9324 0.478697 0.316432 44 -56 0 0 0.600703 0.318181 406 138 589 134 391 261 602 262 498 95 4.74429 398 503 3.12909
37.9991 0.478697 0.316432 44 -56 0 0 0.600703 0.318181 406 138 589 134 391 261 602 262 497 95 4.74331 398 503 3.14159
38.0658 0.478697 0.316432 45 -56 0 0 0.600703 0.318181 406 138 589 135 391 261 602 262 499 95 4.74331 397 503 3.12894
38.1324 0.478697 0.316432 45 -56 0 0 0.600703 0.318181 406 138 589 135 391 261 602 262 498 96 4.75403 398 503 3.12909
38.1991 0.478697 0.316432 45 -56 0 0 0.600703 0.318181 406 138 589 135 391 261 601 262 498 95 4.76337 398 503 3.12909
38.2658 0.478697 0.316432 46 -56 0 0 0.600703 0.318181 406 138 589 134 391 260 602 261 499 96 4.75318 397 503 3.14159
38.3324 0.478697 0.316432 46 -56 0 0 0.600703 0.318181 406 138 589 135 391 260 601 261 498 96 4.77417 398 503 3.14159
38.3991 0.478697 0.316432 46 -56 0 0 0.600703 0.318181 406 139 589 135 391 260 601 261 498 95 4.74331 398 503 3.14159
38.4658 0.478697 0.316432 52 -56 0 0 0.600703 0.318181 406 139 589 135 391 260 602 261 498 95 4.76389 397 503 3.14159
38.5325 0.478697 0.316432 52 -56 0 0 0.600703 0.318181 406 138 589 135 391 261 601 261 498 95 4.75318 398 503 3.12909
38.5991 0.478697 0.316432 52 -56 0 0 0.600703 0.318181 406 138 589 135 391 261 602 261 498 95 4.76389 398 503 3.12909
38.6658 0.478697 0.316432 47 -56 0 0 0.600703 0.318181 405 138 589 135 391 261 602 261 498 95 4.77292 398 503 3.12894
38.7324 0.478697 0.316432 47 -56 0 0 0.600703 0.318181 406 138 589 134 391 261 601 261 498 95 4.77417 398 503 3.12909
38.7991 0.478697 0.316432 47 -56 0 0 0.600703 0.318181 406 138 589 135 391 261 602 261 498 95 4.74331 397 503 3.14159
38.8658 0.478697 0.316432 46 -56 0 0 0.600703 0.318181 406 138 589 135 391 261 601 261 498 95 4.77292 397 503 3.14159
38.9325 0.478697 0.316432 46 -56 0 0 0.600703 0.318181 406 138 589 135 391 261 602 261 499 95 4.75403 398 503 3.14159
38.9991 0.478697 0.316432 46 -56 0 0 0.600703 0.318181 406 138 589 135 391 261 602 261 498 95 4.77292 397 503 3.14159
39.0658 0.478697 0.316432 46 -56 0.4 0 0.601103 0.318181 406 138 589 135 391 261 602 261 498 96 4.77292 398 503 3.12909
39.1324 0.478697 0.316432 46 -56 0.4 0 0.601503 0.318181 406 138 589 135 391 261 602 261 498 95 4.77292 398 503 3.12909
39.1991 0.478697 0.316432 45 -56 0.4 0 0.601903 0.318181 406 138 589 135 391 261 602 261 498 96 4.76337 398 503 3.12909
39.2658 0.478697 0.316432 45 -56 0.4 0 0.602303 0.318181 406 138 589 135 391 261 602 261 498 96 4.77292 398 503 3.12909
39.3325 0.478697 0.316432 45 -56 0.4 0 0.602703 0.318181 406 138 589 135 391 261 602 261 498 95 4.77292 397 503 3.14159
39.3991 0.478697 0.316432 46 -55 0.4 0 0.603103 0.318181 406 138 588 134 391 261 602 261 498 95 4.77417 398 503 3.12909
39.4658 0.478697 0.316432 46 -55 0.4 0 0.603503 0.318181 406 138 588 134 391 261 602 261 498 96 4.77292 397 503 3.14159
39.5324 0.478697 0.316432 46 -55 0.4 0 0.603903 0.318181 406 138 588 134 391 261 602 261 498 95 4.77292 397 503 3.14159
39.5991 0.478954 0.316432 46 -55 0.4 0 0.604303 0.318181 406 138 589 134 391 261 602 261 498 95 4.77292 397 503 3.14159
39.6658 0.478954 0.316432 46 -55 0.4 0 0.604703 0.318181 406 138 589 135 391 261 602 261 498 96 4.75403 397 503 3.14159
39.7324 0.478954 0.316432 46 -55 0.4 0 0.605103 0.318181 406 138 589 135 391 261 602 261 498 95 4.77292 397 503 3.14159
39.7991 0.480753 0.316432 45 -56 0.4 0 0.605503 0.318181 406 138 589 135 391 261 602 261 497 96 4.76389 398 503 3.12909
39.8658 0.480753 0.316432 45 -56 0.4 0 0.605903 0.318181 405 138 589 135 391 261 602 261 497 96 4.76389 398 503 3.12909
39.9324 0.480753 0.316432 45 -56 0.4 0 0.606303 0.318181 406 138 589 135 391 261 602 261 497 96 4.76389 398 503 3.12909
39.9991 0.482038 0.316432 58 -56 0.4 0 0.606703 0.318181 405 138 589 135 391 261 602 261 498 96 4.7837 398 503 3.12909
40.0658 0.482038 0.316432 58 -56 0.4 0 0.607103 0.318181 405 138 589 135 391 261 602 261 498 96 4.7837 398 503 3.12909
40.1324 0.482038 0.316432 58 -56 0.4 0 0.607503 0.318181 405 138 589 135 391 261 602 261 497 96 4.75318 398 503 3.12909
40.2001 0.482295 0.316432 67 -56 0.4 0 0.607903 0.318181 406 138 589 135 391 261 602 261 497 96 4.75318 398 503 3.12909
40.2658 0.482295 0.316432 67 -56 0.4 0 0.608303 0.318181 405 138 589 135 391 261 602 262 497 96 4.74331 398 503 3.12909
40.3325 0.482295 0.316432 67 -56 0.4 0 0.608703 0.318181 405 138 588 135 391 261 602 261 498 97 4.75318 398 503 3.18004
40.3991 0.483581 0.316432 68 -54 0.4 0 0.609103 0.318181 405 138 589 135 390 260 602 261 497 96 4.74331 398 503 3.12909
40.4682 0.483581 0.316432 68 -54 0.4 0 0.609503 0.318181 405 138 588 135 391 261 602 261 497 96 4.76389 398 503 3.12909
40.5324 0.483581 0.316432 68 -54 0.4 0 0.609903 0.318181 405 138 588 135 391 261 602 261 497 96 4.76389 397 503 3.14159
40.5991 0.485123 0.316432 75 -54 0.4 0 0.610303 0.318181 405 138 588 135 391 261 602 262 497 96 4.76389 398 503 3.12909
40.6658 0.485123 0.316432 75 -54 0.4 0 0.610703 0.318181 405 138 588 135 391 261 602 262 497 96 4.76285 398 503 3.12909
40.7324 0.485123 0.316432 75 -54 0.4 0 0.611103 0.318181 405 138 588 135 391 261 602 262 497 96 4.76389 398 503 3.12909
40.7991 0.48538 0.316432 104 -51 0.4 0 0.611503 0.318181 405 138 588 135 391 261 602 261 497 95 4.76389 398 503 3.12909
40.8658 0.48538 0.316432 104 -51 0.4 0 0.611903 0.318181 405 138 588 135 390 261 602 262 497 96 4.76389 398 503 3.14159
40.9324 0.48538 0.316432 104 -51 0.4 0 0.612303 0.318181 405 138 588 135 390 261 602 262 497 96 4.77354 398 503 3.12909
40.9991 0.487179 0.316432 73 -53 0.4 0 0.612703 0.318181 404 138 588 135 390 261 602 262 497 95 4.76389 397 503 3.14159
41.0658 0.487179 0.316432 73 -53 0.4 0 0.613103 0.318181 404 138 588 135 390 261 602 262 496 96 4.80397 398 503 3.12909
41.1324 0.487179 0.316432 73 -53 0.4 0 0.613503 0.318181 404 138 588 135 390 261 602 262 496 96 4.80397 398 503 3.12909
41.1991 0.487437 0.316432 79 -53 0.4 0 0.613903 0.318181 404 138 588 135 390 261 602 262 497 96 4.77354 398 503 3.12909
41.2658 0.487437 0.316432 79 -53 0.4 0 0.614303 0.318181 404 138 587 135 390 261 602 262 496 97 4.78518 398 503 3.12909
41.3324 0.487437 0.316432 79 -53 0.4 0 0.614703 0.318181 404 138 587 135 390 261 602 262 496 96 4.76443 398 503 3.12909
41.3991 0.488465 0.316432 75 -54 0.4 0 0.615103 0.318181 404 139 587 135 390 261 602 262 496 97 4.77354 398 503 3.12909
41.4658 0.488465 0.316432 75 -54 0.4 0 0.615503 0.318181 404 138 587 135 390 261 602 262 496 96 4.77417 398 503 3.12909
41.5324 0.488465 0.316432 75 -54 0.4 0 0.615903 0.318181 403 138 587 135 389 261 601 262 496 96 4.78443 398 503 3.12909
41.5991 0.490521 0.316432 87 -50 0.4 0 0.616303 0.318181 403 139 586 135 389 261 601 262 495 97 4.77354 398 503 3.12909
41.6658 0.490521 0.316432 87 -50 0.4 0 0.616703 0.318181 403 138 586 135 389 261 601 262 495 97 4.77354 398 503 3.14159
41.7324 0.490521 0.316432 87 -50 0.4 0 0.617103 0.318181 403 139 586 135 389 261 601 262 494 96 4.78443 398 503 3.12909
41.7991 0.490264 0.316432 74 -52 0.4 0 0.617503 0.318181 403 138 586 135 389 261 601 262 494 96 4.78443 398 503 3.12909
41.8658 0.490264 0.316432 74 -52 0.4 0 0.617903 0.318181 402 139 586 135 389 261 601 262 494 96 4.80397 398 503 3.12909
41.9324 0.492063 0.316432 92 -50 0.4 0 0.618303 0.318181 402 139 586 135 389 261 601 262 493 96 4.78443 398 503 3.12909
41.9991 0.492063 0.316432 92 -50 0.4 0 0.618703 0.318181 402 139 585 135 389 261 601 262 493 96 4.78443 398 503 3.12909
42.0658 0.492063 0.316432 92 -50 0.4 0 0.619103 0.318181 402 138 585 135 389 261 601 262 493 96 4.78443 398 503 3.12909
42.1324 0.493349 0.316432 100 -51 0.4 0 0.619503 0.318181 402 139 585 135 388 261 601 262 493 96 4.78443 398 503 3.12909
42.1991 0.493349 0.316432 100 -51 0.4 0 0.619903 0.318181 401 138 585 135 388 261 601 262 492 96 4.76285 398 503 3.12909
42.2658 0.493349 0.316432 100 -51 0.4 0 0.620303 0.318181 401 138 585 135 388 261 600 262 492 97 4.78518 398 503 3.12909
42.3324 0.493606 0.316432 100 -52 0.4 0 0.620703 0.318181 401 139 585 136 388 261 600 262 492 97 4.78443 398 503 3.12909
42.3991 0.493606 0.316432 100 -52 0.4 0 0.621103 0.318181 401 138 585 136 388 261 600 262 492 97 4.78443 398 503 3.12909
42.4658 0.493606 0.316432 100 -52 0.4 0 0.621503 0.318181 401 138 584 136 388 261 600 262 492 97 4.78443 398 503 3.12909
42.5324 0.494891 0.316432 104 -50 0.4 0 0.621903 0.318181 400 138 584 135 388 261 600 262 492 96 4.77232 398 503 3.12909
42.5991 0.494891 0.316432 104 -50 0.4 0 0.622303 0.318181 400 138 584 135 388 261 600 262 491 97 4.79384 398 503 3.12909
42.6658 0.494891 0.316432 104 -50 0.4 0 0.622703 0.318181 400 138 584 135 388 261 600 262 491 97 4.80587 398 503 3.12909
42.7324 0.495148 0.316432 107 -51 0.4 0 0.623103 0.318181 400 138 584 135 388 261 600 261 492 97 4.81306 398 503 3.12909
42.7991 0.495148 0.316432 107 -51 0.4 0 0.623503 0.318181 400 138 584 136 387 261 600 262 492 97 4.79384 398 503 3.12909
42.8658 0.495148 0.316432 107 -51 0.4 0 0.623903 0.318181 399 138 583 135 387 261 600 262 491 97 4.80587 398 503 3.12909
42.9324 0.496947 0.316432 105 -51 0.4 0 0.624303 0.318181 399 138 583 135 387 261 600 262 491 96 4.81727 397 503 3.11596
42.9991 0.496947 0.316432 105 -51 0.4 0 0.624703 0.318181 399 138 583 136 387 261 600 262 491 97 4.78594 398 503 3.12909
43.0658 0.496947 0.316432 105 -51 0.4 0 0.625103 0.318181 399 138 583 136 387 261 600 262 491 97 4.82417 398 503 3.12909
43.1325 0.498747 0.316432 122 -53 0.4 0 0.625503 0.318181 399 138 583 136 387 261 599 262 490 96 4.80491 398 503 3.12909
43.1991 0.498747 0.316432 122 -53 0.4 0 0.625903 0.318181 399 138 583 136 387 261 599 262 490 97 4.82647 398 503 3.12909
43.2658 0.498747 0.316432 122 -53 0.4 0 0.626303 0.318181 399 138 583 136 387 261 599 261 490 97 4.80491 398 503 3.12909
43.3324 0.498747 0.316432 127 -50 0.4 0 0.626703 0.318181 398 138 583 136 387 261 599 261 490 97 4.80491 398 503 3.12909
43.3991 0.498747 0.316432 127 -50 0.4 0 0.627103 0.318181 398 138 583 136 387 261 599 262 490 97 4.83674 398 503 3.12909
43.4658 0.498747 0.316432 127 -50 0.4 0 0.627503 0.318181 398 138 582 136 386 261 599 262 489 96 4.79222 398 503 3.12909
43.5324 0.500032 0.316432 127 -51 0.4 0 0.627903 0.318181 398 138 582 136 386 261 599 262 489 96 4.79222 398 503 3.12909
43.5991 0.500032 0.316432 127 -51 0.4 0 0.628303 0.318181 398 138 582 136 386 261 599 261 489 96 4.79222 398 503 3.12909
43.6658 0.500032 0.316432 127 -51 0.4 0 0.628703 0.318181 398 138 582 136 386 261 599 262 489 97 4.82647 398 503 3.12909
43.7324 0.500289 0.316432 131 -49 0.4 0 0.629103 0.318181 398 138 582 136 386 261 599 262 489 97 4.83674 397 503 3.12894
43.7991 0.500289 0.316432 131 -49 0.4 0 0.629503 0.318181 397 138 581 136 386 261 599 262 488 97 4.82647 398 503 3.12909
43.8658 0.501832 0.316432 132 -54 0.4 0 0.629903 0.318181 397 138 581 136 386 261 599 262 488 97 4.81512 398 503 3.12909
43.9324 0.501832 0.316432 132 -54 0.4 0 0.630303 0.318181 397 138 581 136 386 261 599 262 488 97 4.81512 398 503 3.12909
43.9991 0.501832 0.316432 132 -54 0.4 0 0.630703 0.318181 397 138 581 136 386 261 599 262 488 97 4.81408 398 503 3.12909
44.0658 0.503374 0.316432 145 -51 0.4 0 0.631103 0.318181 396 138 580 136 385 261 598 262 487 97 4.81727 397 503 3.12894
44.1325 0.503374 0.316432 145 -51 0.4 0 0.631503 0.318181 396 138 580 136 385 261 598 261 487 97 4.82531 397 503 3.12894
44.1991 0.503374 0.316432 145 -51 0.4 0 0.631903 0.318181 396 138 580 136 385 261 598 261 487 97 4.82531 397 503 3.12894
44.2658 0.503374 0.316432 157 -51 0.4 0 0.632303 0.318181 396 138 580 136 385 261 598 262 487 97 4.82531 398 503 3.14159
44.3324 0.503374 0.316432 157 -51 0.4 0 0.632703 0.318181 396 138 580 136 385 261 598 262 486 96 4.80305 398 503 3.12909
44.3991 0.503374 0.316432 157 -51 0.4 0 0.633103 0.318181 395 138 579 136 384 261 597 262 486 97 4.82647 397 503 3.12894
44.4658 0.50543 0.316432 145 -55 0.4 0 0.633503 0.318181 395 138 579 136 384 261 597 262 485 97 4.83804 397 503 3.12894
44.5324 0.50543 0.316432 145 -55 0.4 0 0.633903 0.318181 395 138 579 136 384 261 597 262 485 97 4.83423 397 503 3.12894
44.5991 0.50543 0.316432 145 -55 0.4 0 0.634303 0.318181 394 138 579 136 384 261 597 262 484 97 4.81206 397 503 3.12894
44.6658 0.50543 0.316432 143 -63 0.4 0 0.634703 0.318181 394 138 579 136 384 261 597 262 484 96 4.80305 397 503 3.12894
44.7325 0.50543 0.316432 143 -63 0.4 0 0.635103 0.318181 393 138 578 136 383 261 597 262 483 96 4.80305 397 503 3.12894
44.7991 0.50543 0.316432 143 -63 0.4 0 0.635503 0.318181 393 138 578 136 383 262 596 262 484 97 4.83804 397 503 3.12894
44.8658 0.506973 0.316432 161 -63 0.4 0 0.635903 0.318181 393 138 577 136 383 262 596 262 483 97 4.85573 397 503 3.12894
44.9324 0.506973 0.316432 161 -63 0.4 0 0.636303 0.318181 393 139 577 136 383 262 596 262 483 97 4.83301 397 503 3.12894
44.9991 0.506973 0.316432 161 -63 0.4 0 0.636703 0.318181 392 138 576 136 382 261 596 262 482 97 4.85573 397 503 3.12894
45.0658 0.508515 0.316432 157 -62 0.4 0 0.637103 0.318181 392 138 576 136 382 262 596 262 482 98 4.84699 397 503 3.12894
45.1324 0.508515 0.316432 157 -62 0.4 0 0.637503 0.318181 392 138 576 136 382 262 596 262 481 97 4.84699 397 503 3.12894
45.1991 0.508515 0.316432 157 -62 0.4 0 0.637903 0.318181 392 138 576 136 382 262 596 262 482 98 4.83423 397 503 3.12894
45.2658 0.508772 0.316432 151 -55 0.4 0 0.638303 0.318181 392 138 576 136 382 262 596 261 482 98 4.83423 397 503 3.12894
45.3324 0.508772 0.316432 151 -55 0.4 0 0.638703 0.318181 391 138 575 136 382 262 595 262 480 97 4.84562 397 503 3.12894
45.3991 0.508772 0.316432 151 -55 0.4 0 0.639103 0.318181 390 138 575 136 382 262 594 262 481 98 4.83423 397 503 3.12894
45.4658 0.510057 0.316432 167 -61 0.4 0 0.639503 0.318181 390 138 574 136 382 262 594 262 479 98 4.81206 397 503 3.12894
45.5325 0.510057 0.316432 167 -61 0.4 0 0.639903 0.318181 390 138 574 136 381 262 594 262 479 98 4.84699 397 503 3.12894
45.5991 0.510057 0.316432 167 -61 0.4 0 0.640303 0.318181 390 138 574 136 381 262 595 262 479 98 4.84982 397 503 3.12894
45.6658 0.5116 0.316432 175 -60 0.4 0 0.640703 0.318181 389 138 573 136 381 262 594 262 478 97 4.82305 397 503 3.12894
45.7324 0.5116 0.316432 175 -60 0.4 0 0.641103 0.318181 389 138 573 136 380 262 593 262 478 97 4.81206 397 503 3.12894
45.7991 0.5116 0.316432 175 -60 0.4 0 0.641503 0.318181 389 138 573 136 380 262 594 262 478 98 4.87754 397 503 3.12894
45.8658 0.5116 0.316432 176 -63 0.4 0 0.641903 0.318181 388 138 573 136 380 262 593 262 478 98 4.87754 397 503 3.12894
45.9324 0.5116 0.316432 176 -63 0.4 0 0.642303 0.318181 388 138 573 136 380 262 593 262 478 98 4.87754 397 503 3.12894
45.9991 0.513913 0.316432 170 -64 0.4 0 0.642703 0.318181 387 138 571 136 379 262 592 262 476 97 4.8587 397 503 3.12894
46.0658 0.513913 0.316432 170 -64 0.4 0 0.643103 0.318181 386 138 571 136 379 262 592 262 475 97 4.86581 397 503 3.12894
46.1324 0.513913 0.316432 170 -64 0.4 0 0.643503 0.318181 386 139 571 137 379 262 592 262 475 98 4.83423 397 503 3.12894
46.1991 0.513913 0.316432 168 -63 0.4 0 0.643903 0.318181 386 138 571 137 379 262 592 262 474 97 4.82305 397 503 3.12894
46.2658 0.513913 0.316432 168 -63 0.4 0 0.644303 0.318181 386 138 570 137 378 262 592 262 475 98 4.8587 397 503 3.12894
46.3324 0.513913 0.316432 168 -63 0.4 0 0.644703 0.318181 385 139 569 137 378 262 592 262 473 98 4.84699 397 503 3.12894
46.3991 0.515198 0.316432 181 -61 0.4 0 0.645103 0.318181 385 139 569 137 378 262 591 262 474 98 4.85287 397 503 3.12894
46.4658 0.515198 0.316432 181 -61 0.4 0 0.645503 0.318181 385 139 569 137 378 262 592 262 473 98 4.84166 397 503 3.12894
46.5325 0.515198 0.316432 181 -61 0.4 0 0.645903 0.318181 385 138 569 137 378 262 592 262 473 97 4.85287 397 503 3.12894
46.5991 0.516484 0.316432 187 -64 0.4 0 0.646303 0.318181 384 139 568 137 378 262 591 262 472 98 4.84427 397 503 3.12894
46.6658 0.516484 0.316432 187 -64 0.4 0 0.646703 0.318181 383 139 567 137 378 262 590 262 471 98 4.84699 397 503 3.12894
46.7324 0.516484 0.316432 187 -64 0.4 0 0.647103 0.318181 383 139 567 137 376 262 590 262 471 98 4.83423 397 503 3.12894
46.7991 0.516998 0.316432 188 -63 0.4 0 0.647503 0.318181 383 139 567 137 376 262 590 262 471 97 4.84296 397 503 3.12894
46.8658 0.516998 0.316432 188 -63 0.4 0 0.647903 0.318181 383 139 567 137 376 262 590 262 471 97 4.85287 397 503 3.12894
46.9325 0.516998 0.316432 188 -63 0.4 0 0.648304 0.318181 382 139 566 137 375 262 590 262 470 98 4.87262 397 503 3.12894
46.9991 0.51854 0.316432 198 -65 0.4 0 0.648704 0.318181 381 139 566 137 375 262 589 262 469 99 4.86739 397 504 3.14159
47.0658 0.51854 0.316432 198 -65 0.4 0 0.649104 0.318181 381 139 565 137 375 262 589 262 469 98 4.88946 397 503 3.12894
47.1324 0.51854 0.316432 198 -65 0.4 0 0.649504 0.318181 381 139 565 137 375 262 589 262 470 98 4.87587 397 503 3.12894
47.1991 0.51854 0.316432 197 -66 0.4 0 0.649904 0.318181 381 139 565 137 375 262 589 262 469 99 4.86739 397 503 3.12894
47.2658 0.51854 0.316432 197 -66 0.4 0 0.650304 0.318181 380 139 564 137 374 262 588 262 468 99 4.88588 397 503 3.12894
47.3324 0.51854 0.316432 197 -66 0.4 0 0.650704 0.318181 380 139 564 137 374 262 588 262 467 98 4.88588 397 503 3.12894
47.3991 0.520082 0.316432 206 -64 0.4 0 0.651104 0.318181 379 139 564 137 374 262 588 262 468 98 4.87423 397 503 3.12894
47.4658 0.520082 0.316432 206 -64 0.4 0 0.651504 0.318181 379 139 564 137 374 262 588 262 468 99 4.91183 397 503 3.12894
47.5324 0.521882 0.316432 206 -66 0.4 0 0.651904 0.318181 379 139 564 137 374 262 588 262 468 99 4.91183 397 504 3.14159
47.5991 0.521882 0.316432 206 -66 0.4 0 0.652304 0.318181 377 139 562 137 373 262 587 262 465 98 4.87423 397 504 3.12909
47.6658 0.521882 0.316432 206 -66 0.4 0 0.652704 0.318181 377 139 562 137 373 262 587 262 465 99 4.90582 397 504 3.14159
47.7324 0.522139 0.316432 207 -66 0.4 0 0.653104 0.318181 377 139 562 137 373 262 587 262 464 99 4.88588 397 504 3.14159
47.7991 0.522139 0.316432 207 -66 0.4 0 0.653504 0.318181 377 139 561 137 373 262 587 262 465 99 4.91989 397 503 3.12894
47.8658 0.522139 0.316432 207 -66 0.4 0 0.653904 0.318181 377 139 561 137 372 263 587 262 464 98 4.87754 397 503 3.12894
47.9325 0.523424 0.316432 202 -65 0.4 0 0.654304 0.318181 376 139 560 137 372 263 586 262 463 99 4.88588 397 503 3.12894
47.9991 0.523424 0.316432 202 -65 0.4 0 0.654704 0.318181 376 139 560 137 372 262 586 262 463 99 4.89774 397 503 3.12894
48.0658 0.523424 0.316432 202 -65 0.4 0 0.655104 0.318181 375 140 560 137 372 262 586 262 463 99 4.88588 397 503 3.12894
48.1324 0.523167 0.316432 195 -66 0.4 0 0.655504 0.318181 375 139 560 137 372 262 586 262 463 99 4.88588 397 503 3.12894
48.1991 0.523167 0.316432 195 -66 0.4 0 0.655904 0.318181 375 139 559 137 371 263 585 262 463 99 4.92994 397 504 3.14159
48.2658 0.523167 0.316432 195 -66 0.4 0 0.656304 0.318181 374 140 558 137 371 263 586 262 461 99 4.88588 397 504 3.14159
48.3325 0.524966 0.316432 219 -66 0.4 0 0.656704 0.318181 374 140 558 137 370 263 585 262 461 99 4.89774 397 504 3.18053
48.3991 0.524966 0.316432 219 -66 0.4 0 0.657104 0.318181 373 139 558 137 371 263 585 262 461 99 4.89774 397 504 3.14159
48.4658 0.524966 0.316432 219 -66 0.4 0 0.657504 0.318181 373 140 558 137 371 263 586 262 461 100 4.90778 397 503 3.12894
48.5324 0.526509 0.316432 229 -65 0.4 0 0.657904 0.318181 372 139 557 137 370 263 584 262 460 99 4.88588 397 503 3.12909
48.5991 0.526509 0.316432 229 -65 0.4 0 0.658304 0.318181 372 140 556 137 369 263 584 262 459 99 4.91573 397 503 3.12909
48.6658 0.526509 0.316432 229 -65 0.4 0 0.658704 0.318181 372 140 557 138 370 263 584 262 459 99 4.92348 397 504 3.14159
48.7324 0.526509 0.316432 225 -67 0.4 0 0.659104 0.318181 372 140 557 138 370 263 584 262 459 99 4.94992 397 504 3.14159
48.7991 0.526509 0.316432 225 -67 0.4 0 0.659504 0.318181 372 140 557 138 370 263 584 262 459 99 4.91989 397 503 3.12909
48.8658 0.526509 0.316432 225 -67 0.4 0 0.659904 0.318181 370 139 556 138 369 263 583 262 458 100 4.91989 397 504 3.18053
48.9325 0.528308 0.316432 234 -65 0.4 0 0.660304 0.318181 370 140 555 138 368 263 584 262 457 100 4.93447 397 503 3.12909
48.9991 0.528308 0.316432 234 -65 0.4 0 0.660704 0.318181 370 140 555 138 368 263 583 262 457 100 4.91173 397 503 3.12894
49.0658 0.528308 0.316432 209 -66 0.4 0 0.661104 0.318181 370 140 555 138 368 263 583 262 456 100 4.92348 397 503 3.12894
49.1324 0.528308 0.316432 209 -66 0.4 0 0.661504 0.318181 370 140 555 138 368 263 583 262 457 100 4.93767 397 504 3.14159
49.1991 0.528308 0.316432 209 -66 0.4 0 0.661904 0.318181 368 140 553 138 367 263 583 262 454 100 4.92348 397 504 3.15394
49.2658 0.528308 0.316432 209 -66 0.4 0 0.662304 0.318181 368 140 553 138 367 263 583 262 455 100 4.93767 397 504 3.14159
49.3324 0.530364 0.316432 234 -67 0.4 0 0.662704 0.318181 368 140 553 138 367 263 583 262 454 100 4.93767 397 504 3.12909
49.3991 0.530364 0.316432 234 -67 0.4 0 0.663104 0.318181 368 140 553 138 367 263 583 262 454 100 4.95236 397 504 3.14159
49.4658 0.531907 0.316432 235 -67 0.4 0 0.663504 0.318181 368 140 553 138 367 264 583 262 455 101 4.96757 397 504 3.14159
49.5324 0.531907 0.316432 235 -67 0.4 0 0.663904 0.318181 367 140 552 138 366 264 583 262 453 101 4.93767 397 504 3.14159
49.5991 0.531907 0.316432 235 -67 0.4 0 0.664304 0.318181 366 140 552 138 366 264 583 262 453 100 4.9452 397 504 3.14159
49.6658 0.531907 0.316432 239 -67 0.4 0 0.664704 0.318181 366 140 552 139 366 264 583 262 453 101 4.97233 397 504 3.14159
49.7324 0.531907 0.316432 239 -67 0.4 0 0.665104 0.318181 366 140 552 139 366 264 583 262 452 100 4.9452 397 504 3.15394
49.7991 0.531907 0.316432 239 -67 0.4 0 0.665504 0.318181 366 140 551 139 365 264 582 262 451 100 4.93767 397 503 3.12909
49.8658 0.533706 0.316432 239 -66 0.4 0 0.665904 0.318181 365 140 550 139 365 264 582 262 451 101 4.93767 397 504 3.14159
49.9324 0.533706 0.316432 239 -66 0.4 0 0.666304 0.318181 365 140 550 139 365 264 582 262 451 101 4.94754 397 504 3.14159
49.9991 0.533706 0.316432 239 -66 0.4 0 0.666704 0.318181 365 140 550 139 365 264 582 262 450 101 4.96971 397 504 3.14159
50.0658 0.533963 0.316432 227 -66 0.4 0 0.667104 0.318181 365 140 550 139 365 264 582 262 451 101 4.95494 397 504 3.14159
50.1324 0.533963 0.316432 227 -66 0.4 0 0.667504 0.318181 364 140 549 139 364 264 582 262 450 101 4.95494 397 504 3.15394
50.1991 0.533963 0.316432 227 -66 0.4 0 0.667904 0.318181 364 140 549 139 364 264 582 262 449 101 4.96971 397 503 3.12909
50.2658 0.53602 0.316432 232 -66 0.4 0 0.668304 0.318181 363 140 549 139 364 264 582 262 449 101 4.96715 397 504 3.14159
50.3325 0.53602 0.316432 232 -66 0.4 0 0.668704 0.318181 363 140 549 139 364 264 582 262 449 102 5.03414 397 504 3.14159
50.3991 0.53602 0.316432 232 -66 0.4 0 0.669104 0.318181 363 140 549 140 363 264 582 262 449 101 4.96971 397 504 3.14159
50.4658 0.537562 0.316432 237 -55 0.4 0 0.669504 0.318181 363 141 548 140 363 264 582 262 448 102 5.00483 397 504 3.15394
50.5324 0.537562 0.316432 237 -55 0.4 0 0.669904 0.318181 362 140 548 140 363 264 582 262 447 101 4.9893 397 504 3.14159
50.5991 0.537562 0.316432 237 -55 0.4 0 0.670304 0.318181 362 141 548 140 363 264 582 262 447 102 4.9893 397 504 3.14159
50.6658 0.537819 0.316432 247 -56 0.4 0 0.670704 0.318181 362 140 547 140 363 264 582 262 447 103 5.03094 397 504 3.15394
50.7324 0.537819 0.316432 247 -56 0.4 0 0.671104 0.318181 362 140 547 140 362 264 582 262 447 103 5.03414 397 503 3.12909
50.7991 0.537819 0.316432 247 -56 0.4 0 0.671504 0.318181 361 141 547 140 362 264 582 262 447 103 5.04713 397 504 3.14159
50.8658 0.539361 0.316432 244 -55 0.4 0 0.671904 0.318181 361 141 547 140 363 264 582 262 446 103 4.99209 397 504 3.14159
50.9324 0.539361 0.316432 244 -55 0.4 0 0.672304 0.318181 361 141 547 140 362 264 582 262 446 103 5.04713 397 504 3.14159
50.9991 0.539361 0.316432 244 -55 0.4 0 0.672704 0.318181 361 141 547 140 362 264 582 262 446 103 4.97688 397 504 3.14159
51.0658 0.539361 0.316432 242 -55 0.4 0 0.673104 0.318181 361 140 546 140 362 264 582 262 446 103 5.04713 397 504 3.14159
51.1324 0.539361 0.316432 242 -55 0.4 0 0.673504 0.318181 359 141 545 140 362 264 582 262 445 103 5.04672 397 504 3.14159
51.1991 0.539361 0.316432 242 -55 0.4 0 0.673904 0.318181 359 141 546 141 361 264 582 262 445 104 5.05053 397 504 3.14159
51.2658 0.541418 0.316432 243 -55 0.4 0 0.674304 0.318181 359 141 545 141 361 264 582 262 444 103 5.04072 397 504 3.14159
51.3324 0.541418 0.316432 243 -55 0.4 0 0.674704 0.318181 359 141 545 141 361 264 582 262 444 103 5.02132 397 504 3.12877
51.3991 0.541418 0.316432 243 -55 0.4 0 0.675104 0.318181 358 141 545 141 361 265 582 262 443 104 5.07359 397 504 3.14159
51.4658 0.543474 0.316432 243 -55 0.4 0 0.675504 0.318181 358 141 545 141 360 265 582 262 443 104 5.05337 397 504 3.14159
51.5324 0.543474 0.316432 243 -55 0.4 0 0.675904 0.318181 357 141 544 141 360 265 582 262 443 103 5.06289 397 504 3.12877
51.5991 0.543474 0.316432 256 -55 0.4 0 0.676304 0.318181 357 141 544 141 360 265 582 262 443 104 5.06289 397 504 3.14159
51.6658 0.543474 0.316432 256 -55 0.4 0 0.676704 0.318181 357 141 544 141 360 264 582 262 443 105 5.08328 397 504 3.14159
51.7324 0.543474 0.316432 256 -55 0.4 0 0.677104 0.318181 357 141 544 141 360 265 582 262 441 104 5.05337 397 504 3.14159
51.7991 0.545273 0.316432 242 -55 0.4 0 0.677504 0.318181 356 141 544 141 359 265 582 262 441 106 5.07359 397 504 3.14159
51.8658 0.545273 0.316432 242 -55 0.4 0 0.677904 0.318181 356 141 543 142 359 265 582 262 441 105 5.08707 397 504 3.12877
51.9324 0.545273 0.316432 242 -55 0.4 0 0.678304 0.318181 356 141 543 142 359 265 582 262 440 104 5.05337 397 504 3.14159
51.9991 0.546559 0.316432 243 -55 0.4 0 0.678704 0.318181 356 141 543 142 359 265 582 262 440 105 5.05679 397 503 3.12894
52.0658 0.546559 0.316432 243 -55 0.4 0 0.679104 0.318181 356 141 542 142 359 264 582 262 440 106 5.10638 397 504 3.14159
52.1324 0.546559 0.316432 243 -55 0.4 0 0.679504 0.318181 355 141 542 142 358 265 582 262 440 105 5.07814 397 503 3.12894
52.1991 0.54733 0.316432 233 -56 0.4 0 0.679904 0.318181 355 141 542 142 358 265 582 262 439 105 5.07234 397 504 3.12877
52.2658 0.54733 0.316432 233 -56 0.4 0 0.680304 0.318181 355 141 542 142 358 265 582 262 439 105 5.10409 397 504 3.12877
52.3325 0.54733 0.316432 233 -56 0.4 0 0.680704 0.318181 354 142 541 142 358 265 582 262 438 106 5.09477 397 504 3.11596
52.3991 0.548615 0.316432 241 -55 0.4 0 0.681104 0.318181 354 141 541 142 358 265 582 262 437 106 5.09857 397 504 3.12877
52.4658 0.548615 0.316432 241 -55 0.4 0 0.681504 0.318181 354 142 541 143 358 265 582 262 437 106 5.09477 397 504 3.12877
52.5324 0.548615 0.316432 241 -55 0.4 0 0.681904 0.318181 353 142 541 143 358 265 582 262 437 106 5.09857 397 504 3.12877
52.5991 0.548615 0.316432 225 -55 0.4 0 0.682304 0.318181 353 142 540 143 358 265 582 262 437 106 5.11592 397 504 3.14159
52.6658 0.548615 0.316432 225 -55 0.4 0 0.682704 0.318181 353 141 540 143 357 265 582 262 436 107 5.11334 397 504 3.14159
52.7325 0.548615 0.316432 225 -55 0.4 0 0.683104 0.318181 352 142 539 144 357 265 582 262 436 107 5.12252 397 504 3.11596
52.7991 0.550929 0.316432 243 -55 0.4 0 0.683504 0.318181 352 142 539 143 356 266 582 262 436 107 5.13985 397 504 3.12877
52.8658 0.550929 0.316432 243 -55 0.4 0 0.683904 0.318181 352 142 539 143 356 266 582 262 435 107 5.11592 397 504 3.12877
52.9324 0.550929 0.316432 243 -55 0.4 0 0.684304 0.318181 352 142 539 143 356 266 582 262 435 107 5.11592 397 504 3.12877
52.9991 0.552471 0.316432 247 -55 0.4 0 0.684704 0.318181 351 142 539 143 356 265 582 262 434 107 5.13985 397 504 3.12877
53.0658 0.552471 0.316432 247 -55 0.4 0 0.685104 0.318181 351 142 538 144 356 265 582 262 434 108 5.13061 397 504 3.12877
53.1324 0.552471 0.316432 241 -55 0.4 0 0.685504 0.318181 350 142 538 144 356 265 582 262 434 108 5.13985 397 504 3.12877
53.1991 0.552471 0.316432 241 -55 0.4 0 0.685904 0.318181 350 142 538 144 356 265 582 262 434 108 5.13985 397 504 3.12877
53.2658 0.552471 0.316432 241 -55 0.4 0 0.686304 0.318181 351 142 538 144 356 265 582 262 434 108 5.13478 397 504 3.12877
53.3324 0.554013 0.316432 255 -55 0.4 0 0.686704 0.318181 350 142 538 144 356 265 582 262 434 109 5.18062 397 504 3.12877
53.3991 0.554013 0.316432 255 -55 0.4 0 0.687104 0.318181 350 142 537 145 355 265 582 262 433 108 5.15382 397 504 3.11596
53.4658 0.554013 0.316432 255 -55 0.4 0 0.687504 0.318181 350 142 537 145 355 266 582 262 433 109 5.15769 397 504 3.12877
53.5324 0.554013 0.316432 236 -55 0.4 0 0.687904 0.318181 349 142 537 145 355 265 582 262 433 109 5.16215 397 504 3.12877
53.5991 0.554013 0.316432 236 -55 0.4 0 0.688304 0.318181 349 142 537 145 355 266 582 263 432 108 5.14408 397 504 3.12877
53.6658 0.554013 0.316432 236 -55 0.4 0 0.688704 0.318181 349 142 537 145 355 266 582 262 431 109 5.18509 397 504 3.12877
53.7325 0.555556 0.316432 246 -55 0.4 0 0.689104 0.318181 348 143 536 145 354 266 582 262 432 109 5.17604 397 504 3.12877
53.7991 0.555556 0.316432 246 -55 0.4 0 0.689504 0.318181 348 143 536 145 354 266 582 262 432 110 5.17604 398 504 3.14159
53.8658 0.555556 0.316432 246 -55 0.4 0 0.689904 0.318181 348 143 536 145 354 266 582 262 432 110 5.18062 397 504 3.12877
53.9325 0.557355 0.316432 241 -55 0.4 0 0.690304 0.318181 348 143 536 145 354 266 582 262 431 110 5.2042 397 504 3.12877
53.9991 0.557355 0.316432 241 -55 0.4 0 0.690704 0.318181 347 143 535 146 354 266 582 262 430 110 5.21749 397 504 3.12877
54.0658 0.557355 0.316432 241 -55 0.4 0 0.691104 0.318181 347 143 535 146 353 266 582 262 430 111 5.22251 397 504 3.12877
54.1324 0.558126 0.316432 241 -55 0.4 0 0.691504 0.318181 347 143 535 146 353 266 582 262 430 110 5.19405 397 504 3.11596
54.1991 0.558126 0.316432 241 -55 0.4 0 0.691904 0.318181 347 143 535 146 353 266 582 262 430 110 5.19876 397 504 3.11596
54.2658 0.558126 0.316432 241 -55 0.4 0 0.692304 0.318181 346 143 535 146 353 266 582 262 429 110 5.21749 397 504 3.11596
54.3324 0.559925 0.316432 240 -55 0.4 0 0.692704 0.318181 346 143 535 146 353 266 582 262 429 111 5.20294 397 504 3.11596
54.3991 0.559925 0.316432 240 -55 0.4 0 0.693104 0.318181 346 143 534 146 352 266 582 262 428 111 5.20843 397 504 3.11596
54.4658 0.559925 0.316432 240 -55 0.4 0 0.693504 0.318181 346 143 534 146 352 266 582 262 428 111 5.21749 397 504 3.12877
54.5325 0.559925 0.316432 225 -55 0.4 0 0.693904 0.318181 345 143 534 146 352 266 582 262 428 111 5.21749 397 504 3.11596
54.5991 0.559925 0.316432 225 -55 0.4 0 0.694304 0.318181 345 143 533 147 352 266 582 262 427 111 5.23028 397 504 3.12877
54.6658 0.561982 0.316432 240 -55 0.4 0 0.694704 0.318181 344 143 533 147 352 266 582 262 427 112 5.24411 397 504 3.11596
54.7325 0.561982 0.316432 240 -55 0.4 0 0.695104 0.318181 344 143 533 147 352 267 582 262 427 112 5.27431 397 504 3.12877
54.7991 0.561982 0.316432 240 -55 0.4 0 0.695504 0.318181 344 143 532 147 351 266 582 262 426 112 5.22645 397 504 3.12877
54.8658 0.563524 0.316432 239 -55 0.4 0 0.695904 0.318181 344 143 533 147 351 266 582 262 426 112 5.22645 397 504 3.12894
54.9324 0.563524 0.316432 239 -55 0.4 0 0.696304 0.318181 343 143 532 148 351 266 582 262 425 113 5.26879 397 505 3.1166
54.9991 0.563524 0.316432 239 -55 0.4 0 0.696704 0.318181 343 143 532 148 351 266 582 262 425 112 5.24411 397 504 3.12877
55.0658 0.563781 0.316432 240 -55 0.4 0 0.697104 0.318181 343 144 532 148 351 267 582 262 425 113 5.2493 397 504 3.12877
55.1324 0.563781 0.316432 240 -55 0.4 0 0.697504 0.318181 343 144 532 148 351 266 582 262 425 113 5.24411 397 504 3.11596
55.1991 0.563781 0.316432 240 -55 0.4 0 0.697904 0.318181 343 144 531 148 350 267 582 263 425 113 5.26879 397 504 3.11596
55.2658 0.565838 0.316432 243 -55 0.4 0 0.698304 0.318181 342 143 531 148 350 267 582 262 424 113 5.25281 397 504 3.11596
55.3324 0.565838 0.316432 243 -55 0.4 0 0.698704 0.318181 342 144 531 148 350 267 582 262 424 114 5.25804 397 504 3.11596
55.3991 0.565838 0.316432 243 -55 0.4 0 0.699104 0.318181 342 144 530 148 350 267 582 262 424 113 5.27754 397 504 3.11596
55.4658 0.565838 0.316432 255 -55 0.4 0 0.699504 0.318181 342 144 530 148 350 267 582 262 424 114 5.27754 397 504 3.11596
55.5324 0.565838 0.316432 255 -55 0.4 0 0.699904 0.318181 341 144 531 149 350 267 582 262 424 115 5.28876 397 504 3.11596
55.5991 0.565838 0.316432 255 -55 0.4 0 0.700304 0.318181 341 144 530 149 350 267 582 262 423 114 5.27526 397 504 3.11596
55.6658 0.567123 0.316432 254 -55 0.4 0 0.700704 0.318181 341 144 530 149 350 267 583 262 423 114 5.29761 397 504 3.12877
55.7325 0.567123 0.316432 254 -55 0.4 0 0.701104 0.318181 341 144 530 149 350 267 582 262 423 114 5.3032 397 504 3.12877
55.7991 0.567123 0.316432 254 -55 0.4 0 0.701504 0.318181 341 144 530 149 349 267 582 262 423 114 5.29761 397 504 3.12877
55.8658 0.569179 0.316432 249 -55 0.4 0 0.701904 0.318181 340 144 529 149 349 267 583 262 422 114 5.2918 397 504 3.12894
55.9324 0.569179 0.316432 249 -55 0.4 0 0.702304 0.318181 340 144 529 149 349 267 583 262 421 115 5.3032 397 504 3.11596
55.9991 0.569179 0.316432 249 -55 0.4 0 0.702704 0.318181 340 144 528 149 349 267 583 262 422 116 5.32904 397 504 3.14159
56.0658 0.569436 0.316432 267 -55 0.4 0 0.703104 0.318181 339 144 528 149 349 267 582 262 421 115 5.31729 397 504 3.11596
56.1324 0.569436 0.316432 267 -55 0.4 0 0.703504 0.318181 339 144 528 150 348 267 583 262 421 115 5.31468 397 504 3.12894
56.1991 0.569436 0.316432 267 -55 0.4 0 0.703904 0.318181 339 144 528 150 348 267 583 262 421 116 5.31468 397 504 3.11596
56.2658 0.570979 0.316432 241 -55 0.4 0 0.704304 0.318181 339 144 528 150 348 267 583 262 421 116 5.31468 397 504 3.11596
56.3324 0.570979 0.316432 241 -55 0.4 0 0.704704 0.318181 339 144 528 150 348 267 583 262 421 116 5.31468 397 504 3.14159
56.3991 0.570979 0.316432 241 -55 0.4 0 0.705104 0.318181 338 144 527 150 348 268 583 262 420 116 5.33146 397 504 3.11596
56.4658 0.571236 0.316432 257 -55 0.4 0 0.705504 0.318181 338 144 527 150 347 268 583 262 420 116 5.3256 397 504 3.11596
56.5324 0.571236 0.316432 257 -55 0.4 0 0.705904 0.318181 338 144 527 151 347 267 583 262 420 116 5.3256 397 504 3.12894
56.5991 0.572521 0.316432 251 -55 0.4 0 0.706304 0.318181 337 144 527 151 347 267 583 262 419 117 5.3397 397 504 3.12894
56.6658 0.572521 0.316432 251 -55 0.4 0 0.706704 0.318181 337 144 526 151 347 267 583 262 418 117 5.3662 397 504 3.12894
56.7324 0.572521 0.316432 251 -55 0.4 0 0.707104 0.318181 337 144 526 151 347 268 583 262 418 117 5.3662 397 504 3.12877
56.7991 0.572521 0.316432 251 -55 0.4 0 0.707505 0.318181 337 144 526 152 346 268 583 262 418 117 5.3662 397 504 3.12894
56.8658 0.574835 0.316432 252 -55 0.4 0 0.707905 0.318181 336 144 526 152 346 268 583 262 417 118 5.38068 397 504 3.14159
56.9324 0.574835 0.316432 252 -55 0.4 0 0.708305 0.318181 336 144 526 152 346 268 583 263 417 118 5.38068 397 504 3.14159
56.9991 0.574835 0.316432 252 -55 0.4 0 0.708705 0.318181 335 144 525 152 346 268 583 262 417 118 5.38068 397 504 3.14159
57.0658 0.574835 0.316432 251 -55 0.4 0 0.709105 0.318181 335 145 525 152 346 268 583 262 417 118 5.37433 397 504 3.12877
57.1325 0.574835 0.316432 251 -55 0.4 0 0.709505 0.318181 335 145 525 152 345 268 583 262 417 118 5.37433 397 504 3.11596
57.1991 0.574835 0.316432 251 -55 0.4 0 0.709905 0.318181 335 144 524 153 345 268 583 262 417 118 5.37433 397 504 3.12894
57.2658 0.576377 0.316432 252 -55 0.4 0 0.710305 0.318181 334 145 524 153 345 268 583 262 416 119 5.38068 397 504 3.14159
57.3324 0.576377 0.316432 252 -55 0.4 0 0.710705 0.318181 334 145 525 153 345 268 583 262 416 119 5.40978 397 504 3.12894
57.3991 0.57869 0.316432 239 -55 0.4 0 0.711105 0.318181 334 145 524 153 345 268 583 263 416 119 5.40978 397 504 3.12894
57.4658 0.57869 0.316432 239 -55 0.4 0 0.711505 0.318181 334 145 523 154 345 268 583 263 414 120 5.43122 397 504 3.12894
57.5324 0.57869 0.316432 239 -55 0.4 0 0.711905 0.318181 334 145 523 154 345 268 583 263 414 120 5.42439 397 504 3.14159
57.5991 0.57869 0.316432 239 -55 0.4 0 0.712305 0.318181 333 145 523 154 344 268 583 262 414 120 5.42439 397 504 3.12894
57.6658 0.57869 0.316432 239 -55 0.4 0 0.712705 0.318181 333 145 523 154 344 268 583 263 414 120 5.42439 397 504 3.12894
57.7324 0.57869 0.316432 239 -55 0.4 0 0.713105 0.318181 333 145 522 154 344 269 583 263 413 121 5.43219 397 504 3.12894
57.7991 0.58049 0.316432 251 -55 0.4 0 0.713505 0.318181 333 145 522 155 344 268 583 263 413 121 5.43219 397 504 3.12877
57.8658 0.58049 0.316432 251 -55 0.4 0 0.713905 0.318181 333 146 522 155 344 268 583 263 412 122 5.56436 397 504 3.12894
57.9324 0.58049 0.316432 251 -55 0.4 0 0.714305 0.318181 332 145 522 155 344 268 583 263 412 122 5.56245 397 504 3.11596
57.9991 0.581004 0.316432 230 -55 0.4 0 0.714705 0.318181 332 145 522 155 343 268 583 263 413 123 5.54959 397 504 3.14159
58.0658 0.581004 0.316432 230 -55 0.4 0 0.715105 0.318181 332 145 522 155 343 269 583 263 413 123 5.54959 397 504 3.14159
58.1324 0.581004 0.316432 230 -55 0.4 0 0.715505 0.318181 331 145 522 155 343 269 583 263 411 123 5.57791 397 504 3.14159
58.1991 0.58306 0.316432 243 -55 0.4 0 0.715905 0.318181 331 145 521 155 343 269 583 263 411 122 5.51228 397 504 3.12894
58.2658 0.58306 0.316432 243 -55 0.4 0 0.716305 0.318181 331 146 521 156 343 269 583 263 411 124 5.59379 397 504 3.12894
58.3326 0.58306 0.316432 243 -55 0.4 0 0.716705 0.318181 331 146 521 156 342 269 583 263 411 124 5.5871 397 504 3.12894
58.3991 0.584603 0.316432 243 -55 0.4 0 0.717105 0.318181 330 146 520 156 342 269 583 263 410 123 5.58453 397 504 3.12894
58.4658 0.584603 0.316432 243 -55 0.4 0 0.717505 0.318181 330 146 520 156 342 269 583 263 409 123 5.56909 397 504 3.12894
58.5325 0.584603 0.316432 243 -55 0.4 0 0.717905 0.318181 330 146 520 156 342 269 583 263 410 125 5.59522 397 504 3.14159
58.5991 0.584603 0.316432 231 -55 0.4 0 0.718305 0.318181 329 146 520 156 342 269 583 263 410 125 5.59522 397 504 3.12894
58.6658 0.584603 0.316432 231 -55 0.4 0 0.718705 0.318181 329 146 520 156 342 269 583 263 410 125 5.59889 397 504 3.12894
58.7324 0.584603 0.316432 231 -55 0.4 0 0.719105 0.318181 329 146 519 157 342 269 583 263 409 125 5.6149 397 504 3.14159
58.7991 0.586402 0.316432 242 -55 0.4 0 0.719505 0.318181 329 146 519 157 341 269 583 263 408 125 5.61663 397 504 3.12894
58.8658 0.586402 0.316432 242 -55 0.4 0 0.719905 0.318181 329 146 519 157 341 269 583 262 409 125 5.6438 397 504 3.12894
58.9325 0.586402 0.316432 242 -55 0.4 0 0.720305 0.318181 329 146 519 157 341 269 583 263 409 125 5.6149 397 504 3.11596
58.9991 0.586659 0.316432 244 -55 0.4 0 0.720705 0.318181 329 146 519 157 341 269 583 263 408 125 5.60528 397 505 3.1166
59.0658 0.586659 0.316432 244 -55 0.4 0 0.721105 0.318181 328 146 519 157 341 269 583 263 407 126 5.63132 397 504 3.12894
59.1324 0.587944 0.316432 245 -55 0.4 0 0.721505 0.318181 328 146 518 158 341 269 583 263 407 126 5.62492 397 504 3.11596
59.1991 0.587944 0.316432 245 -55 0.4 0 0.721905 0.318181 328 146 518 158 341 269 583 263 408 126 5.6149 397 504 3.12877
59.2658 0.587944 0.316432 245 -55 0.4 0 0.722305 0.318181 328 146 518 158 340 269 583 263 408 126 5.6149 397 504 3.12894
59.3324 0.590001 0.316432 250 -55 0.4 0 0.722705 0.318181 327 146 518 158 340 270 583 262 407 127 5.65211 397 504 3.10364
59.3991 0.590001 0.316432 250 -55 0.4 0 0.723105 0.318181 327 146 518 158 340 270 583 262 407 127 5.66412 397 504 3.12894
59.4658 0.590001 0.316432 250 -55 0.4 0 0.723505 0.318181 327 147 517 159 340 269 583 263 407 126 5.61948 397 504 3.12894
59.5324 0.590001 0.316432 248 -55 0.4 0 0.723905 0.318181 326 147 517 159 340 269 583 262 407 127 5.61158 397 505 3.1166
59.5991 0.590001 0.316432 248 -55 0.4 0 0.724305 0.318181 326 147 517 159 340 269 583 263 406 128 5.65816 397 504 3.12894
59.6658 0.590001 0.316432 248 -55 0.4 0 0.724705 0.318181 326 146 517 160 339 270 583 263 405 127 5.65588 397 504 3.12894
59.7324 0.5918 0.316432 254 -55 0.4 0 0.725105 0.318181 326 147 516 160 339 270 583 263 405 128 5.69807 397 505 3.1166
59.7991 0.5918 0.316432 254 -55 0.4 0 0.725505 0.318181 325 147 516 160 339 270 583 262 405 129 5.66051 397 504 3.12894
59.8658 0.5918 0.316432 254 -55 0.4 0 0.725905 0.318181 325 147 516 160 339 270 583 262 405 129 5.66051 397 504 3.12894
59.9325 0.592057 0.316432 249 -55 0.4 0 0.726305 0.318181 325 147 516 160 339 270 583 262 405 128 5.65588 397 504 3.14159
59.9991 0.592057 0.316432 249 -55 0.4 0 0.726705 0.318181 325 147 516 160 339 270 583 263 404 129 5.71247 397 504 3.12894
60.0658 0.592057 0.316432 249 -55 0.4 0 0.727105 0.318181 324 147 516 160 338 270 583 262 404 129 5.67501 397 505 3.1166
60.1324 0.593856 0.316432 251 -55 0.4 0 0.727505 0.318181 324 147 515 161 338 270 583 262 404 129 5.66412 397 504 3.12894
60.1991 0.593856 0.316432 251 -55 0.4 0 0.727905 0.318181 324 147 515 161 338 270 583 263 403 129 5.66412 397 504 3.11596
60.2658 0.593856 0.316432 251 -55 0.4 0 0.728305 0.318181 324 147 515 161 338 270 583 263 404 129 5.68401 397 504 3.12894
60.3325 0.595399 0.316432 249 -55 0.4 0 0.728705 0.318181 324 147 515 161 337 270 583 262 403 130 5.71804 397 504 3.12894
60.3991 0.595399 0.316432 249 -55 0.4 0 0.729105 0.318181 323 148 515 161 337 270 583 262 403 130 5.67246 397 504 3.12894
60.4658 0.595399 0.316432 249 -55 0.4 0 0.729505 0.318181 323 147 515 161 337 270 583 262 402 130 5.66998 397 504 3.12894
60.5324 0.595399 0.316432 260 -55 0.4 0 0.729905 0.318181 323 148 514 162 337 270 583 262 403 130 5.69797 397 504 3.12894
60.5991 0.595399 0.316432 260 -55 0.4 0 0.730305 0.318181 323 147 514 162 337 270 583 263 402 131 5.72678 397 504 3.12894
60.6658 0.597455 0.316432 259 -55 0.4 0 0.730705 0.318181 322 148 514 163 337 271 583 263 402 131 5.71804 397 504 3.12894
60.7324 0.597455 0.316432 259 -55 0.4 0 0.731105 0.318181 322 148 514 162 337 271 583 263 401 132 5.76025 397 504 3.14159
60.7991 0.597455 0.316432 259 -55 0.4 0 0.731505 0.318181 322 148 513 162 337 270 583 262 402 132 5.73562 397 504 3.14159
60.8658 0.597455 0.316432 259 -55 0.4 0 0.731905 0.318181 322 148 513 162 336 270 583 262 402 132 5.73562 397 504 3.12894
60.9324 0.597455 0.316432 259 -55 0.4 0 0.732305 0.318181 322 148 513 163 336 270 583 262 401 132 5.7235 397 505 3.1166
60.9991 0.597455 0.316432 259 -55 0.4 0 0.732705 0.318181 321 148 513 163 336 271 583 262 401 132 5.77306 397 505 3.1166
61.0658 0.598997 0.316432 260 -55 0.4 0 0.733105 0.318181 321 148 513 163 336 271 583 262 401 132 5.74456 397 504 3.12894
61.1324 0.598997 0.316432 260 -55 0.4 0 0.733505 0.318181 321 148 512 164 336 271 583 262 400 133 5.72888 397 504 3.12894
61.1991 0.598997 0.316432 260 -55 0.4 0 0.733905 0.318181 321 148 512 164 335 271 583 262 400 132 5.73753 397 504 3.11596
61.2658 0.598997 0.316432 260 -55 0.4 0 0.734305 0.318181 321 148 512 164 335 271 583 263 399 133 5.77809 397 504 3.11596
61.3325 0.601311 0.316432 260 -55 0.4 0 0.734705 0.318181 320 148 511 165 335 271 583 263 399 134 5.76025 397 505 3.1166
61.3991 0.601311 0.316432 260 -55 0.4 0 0.735105 0.318181 320 148 511 165 334 271 583 263 399 134 5.78302 397 504 3.14159
61.4658 0.601568 0.316432 251 -55 0.4 0 0.735505 0.318181 319 148 511 165 334 271 583 263 398 134 5.78714 397 504 3.14159
61.5324 0.601568 0.316432 251 -55 0.4 0 0.735905 0.318181 319 149 511 166 334 271 583 263 399 134 5.76404 397 504 3.12894
61.5991 0.601568 0.316432 251 -55 0.4 0 0.736305 0.318181 319 149 510 166 334 271 583 263 398 135 5.80111 397 504 3.12894
61.6658 0.602853 0.316432 250 -55 0.4 0 0.736705 0.318181 319 148 510 166 334 272 584 262 397 135 5.79629 397 504 3.12894
61.7325 0.602853 0.316432 250 -55 0.4 0 0.737105 0.318181 319 149 510 166 334 272 583 263 398 135 5.81049 397 504 3.12894
61.7991 0.602853 0.316432 250 -55 0.4 0 0.737505 0.318181 319 149 510 166 334 272 583 262 397 136 5.82415 397 504 3.12894
61.8658 0.60491 0.316432 249 -55 0.4 0 0.737905 0.318181 318 149 510 167 334 271 583 263 397 136 5.79681 397 504 3.12894
61.9324 0.60491 0.316432 249 -55 0.4 0 0.738305 0.318181 318 149 509 167 333 271 584 262 397 136 5.81049 397 504 3.12894
61.9991 0.60491 0.316432 249 -55 0.4 0 0.738705 0.318181 318 149 509 167 333 271 584 262 396 137 5.83343 397 504 3.12894
62.0658 0.605167 0.316432 216 -55 0.4 0 0.739105 0.318181 318 149 509 167 333 272 583 263 396 137 5.85572 397 504 3.12894
62.1324 0.605167 0.316432 216 -55 0.4 0 0.739505 0.318181 317 149 509 167 333 272 583 263 397 137 5.82867 397 504 3.12894
62.1991 0.605167 0.316432 216 -55 0.4 0 0.739905 0.318181 317 150 509 168 332 272 583 262 395 138 5.85224 397 504 3.12894
62.2658 0.606966 0.316432 240 -56 0.4 0 0.740305 0.318181 316 149 508 168 332 272 583 263 395 138 5.85149 397 504 3.12894
62.3324 0.606966 0.316432 240 -56 0.4 0 0.740705 0.318181 316 150 508 168 332 272 583 262 395 138 5.86496 397 504 3.12894
62.3991 0.606966 0.316432 240 -56 0.4 0 0.741105 0.318181 316 150 508 169 332 272 583 262 395 138 5.84279 397 504 3.14159
62.4658 0.608508 0.316432 251 -55 0.4 0 0.741505 0.318181 316 150 508 169 332 272 583 263 395 139 5.87555 397 504 3.14159
62.5324 0.608508 0.316432 251 -55 0.4 0 0.741905 0.318181 316 149 507 169 331 272 583 263 394 140 5.89487 397 504 3.10364
62.5991 0.608508 0.316432 251 -55 0.4 0 0.742305 0.318181 316 150 507 170 332 272 583 263 394 139 5.88517 397 504 3.12877
62.6658 0.608508 0.316432 252 -55 0.4 0 0.742705 0.318181 315 150 507 169 331 272 583 262 394 140 5.90268 397 504 3.14159
62.7324 0.608508 0.316432 252 -55 0.4 0 0.743105 0.318181 315 150 507 170 331 272 583 262 395 140 5.85572 397 505 3.1166
62.7991 0.608508 0.316432 252 -55 0.4 0 0.743505 0.318181 315 150 507 170 331 273 583 263 394 140 5.89701 397 504 3.12894
62.8658 0.610565 0.316432 250 -55 0.4 0 0.743905 0.318181 315 150 506 171 331 273 583 262 393 141 5.90268 397 504 3.12894
