39.7992 0.475869 0.313862 53 -48 0.2 0.2 0.598846 0.316838 406 138 587 134 391 261 599 261 496 83 1.34777 398 503 3.15409
39.8658 0.475869 0.313862 53 -48 0.2 0.2 0.599046 0.317038 406 138 587 134 391 261 599 261 496 83 1.34777 397 503 3.14159
39.9325 0.475869 0.313862 53 -48 0.2 0.2 0.599246 0.317238 406 138 587 134 391 261 599 261 496 83 1.34777 398 503 3.15409
39.9991 0.47664 0.313862 48 -53 0.2 0.2 0.599446 0.317438 405 138 587 134 391 261 599 261 496 83 1.33326 398 503 3.15409
40.0658 0.47664 0.313862 48 -53 0.2 0.2 0.599646 0.317638 405 138 587 134 391 261 599 261 496 83 1.3633 397 503 3.14159
40.1325 0.47664 0.313862 48 -53 0.2 0.2 0.599846 0.317838 406 138 587 134 391 261 599 261 496 83 1.37961 397 503 3.14159
40.1991 0.47664 0.315147 47 -51 0.2 0.2 0.600046 0.318038 406 138 587 134 391 261 599 261 496 84 1.38915 397 503 3.14159
40.2658 0.47664 0.315147 47 -51 0.2 0.2 0.600246 0.318238 406 138 587 134 391 261 599 261 496 83 1.37737 398 503 3.15409
40.3337 0.47664 0.315147 47 -51 0.2 0.2 0.600446 0.318438 406 138 587 134 391 261 599 261 496 83 1.37136 398 503 3.15409
40.3991 0.477154 0.315147 43 -47 0.2 0.2 0.600646 0.318638 406 138 587 134 391 261 599 261 496 83 1.37961 397 503 3.14159
40.4658 0.477154 0.315147 43 -47 0.2 0.2 0.600846 0.318838 406 138 587 134 391 261 599 261 496 83 1.3816 397 503 3.14159
40.5325 0.477154 0.315147 43 -47 0.2 0.2 0.601046 0.319038 406 138 587 134 391 261 599 261 496 83 1.3816 397 503 3.14159
40.5991 0.477411 0.315661 43 -50 0.2 0.2 0.601246 0.319238 406 138 587 134 390 261 599 261 496 83 1.3816 397 503 3.14159
40.6658 0.477411 0.315661 43 -50 0.2 0.2 0.601446 0.319438 406 138 587 134 390 261 599 261 497 84 1.34777 397 503 3.14159
40.7325 0.477411 0.315661 43 -50 0.2 0.2 0.601646 0.319638 406 138 587 134 390 261 599 261 496 84 1.3633 398 503 3.14159
40.7991 0.478183 0.316432 48 -57 0.2 0.2 0.601846 0.319838 406 138 587 134 390 261 599 261 496 83 1.38545 397 503 3.14159
40.8658 0.478183 0.316432 48 -57 0.2 0.2 0.602046 0.320038 406 138 587 134 390 261 599 261 497 84 1.3597 397 503 3.14159
40.9325 0.478183 0.316432 48 -57 0.2 0.2 0.602246 0.320238 406 138 588 134 390 261 599 261 497 84 1.3597 397 503 3.14159
40.9991 0.478697 0.316432 53 -65 0.2 0.2 0.602446 0.320438 406 138 587 134 390 261 599 261 497 84 1.3597 398 503 3.14159
41.0658 0.478697 0.316432 53 -65 0.2 0.2 0.602646 0.320638 406 139 588 134 390 261 599 261 497 84 1.3597 397 503 3.14159
41.1325 0.478697 0.316432 53 -65 0.2 0.2 0.602846 0.320838 406 138 588 134 390 261 599 261 496 84 1.3754 398 503 3.12909
41.1992 0.478954 0.316946 63 -59 0.2 0.2 0.603046 0.321038 406 138 588 134 390 261 599 262 497 84 1.34552 397 503 3.14159
41.2658 0.478954 0.316946 63 -59 0.2 0.2 0.603246 0.321238 406 138 588 134 390 261 599 262 497 84 1.34552 397 503 3.11596
41.3325 0.478954 0.316946 63 -59 0.2 0.2 0.603446 0.321438 406 138 588 134 390 261 599 262 497 84 1.34552 397 503 3.12894
41.3991 0.479725 0.317717 59 -64 0.2 0.2 0.603646 0.321638 406 138 588 134 390 261 599 262 497 84 1.34552 398 503 3.12909
41.4658 0.479725 0.317717 59 -64 0.2 0.2 0.603846 0.321838 406 138 588 134 390 261 599 262 497 84 1.34552 398 503 3.12909
41.5325 0.479725 0.317717 59 -64 0.2 0.2 0.604046 0.322038 406 138 588 134 390 261 600 261 497 84 1.3597 397 503 3.14159
41.5991 0.480496 0.317974 55 -62 0.2 0.2 0.604246 0.322238 406 138 588 134 390 261 600 261 497 84 1.3597 397 503 3.14159
41.6658 0.480496 0.317974 55 -62 0.2 0.2 0.604446 0.322438 406 138 588 134 390 261 600 261 497 84 1.34777 398 503 3.12909
41.7325 0.480753 0.318746 59 -61 0.2 0.2 0.604646 0.322638 406 138 588 134 390 261 600 261 497 84 1.34777 398 503 3.12909
41.7991 0.480753 0.318746 59 -61 0.2 0.2 0.604846 0.322838 406 139 588 134 390 261 600 262 497 84 1.3597 398 503 3.15409
41.8658 0.480753 0.318746 59 -61 0.2 0.2 0.605046 0.323038 406 138 588 134 390 261 600 262 497 84 1.34777 398 503 3.12909
41.9325 0.481524 0.318746 65 -61 0.2 0.2 0.605246 0.323238 406 138 588 134 390 261 600 262 497 84 1.34777 398 503 3.12909
41.9991 0.481524 0.318746 65 -61 0.2 0.2 0.605446 0.323438 406 139 588 134 390 261 600 262 497 84 1.34777 398 503 3.15409
42.0658 0.481524 0.318746 65 -61 0.2 0.2 0.605646 0.323638 406 139 588 134 390 261 600 262 497 84 1.34777 398 503 3.14159
42.1325 0.481524 0.319517 58 -67 0.2 0.2 0.605846 0.323838 406 139 588 134 390 261 600 262 497 84 1.34777 397 503 3.14159
42.1991 0.481524 0.319517 58 -67 0.2 0.2 0.606046 0.324038 406 139 588 134 390 261 600 262 497 84 1.33798 398 503 3.12909
42.2658 0.481524 0.319517 58 -67 0.2 0.2 0.606246 0.324238 406 138 588 134 390 261 600 262 498 85 1.34552 398 503 3.14159
42.3325 0.482038 0.320288 73 -66 0.2 0.2 0.606446 0.324438 406 139 588 134 390 261 600 262 498 84 1.35759 398 503 3.12909
42.3991 0.482038 0.320288 73 -66 0.2 0.2 0.606646 0.324638 406 139 588 134 390 261 600 261 497 84 1.34552 398 503 3.14159
42.4658 0.482038 0.320288 73 -66 0.2 0.2 0.606846 0.324838 406 139 588 134 390 261 600 262 498 85 1.3597 398 503 3.12909
42.5325 0.48281 0.320545 74 -66 0.2 0.2 0.607046 0.325038 406 139 588 134 390 261 600 262 497 84 1.34777 397 503 3.12894
42.5991 0.48281 0.320545 74 -66 0.2 0.2 0.607246 0.325238 406 139 588 134 390 261 600 261 498 85 1.34777 398 503 3.14159
42.6658 0.48281 0.320545 74 -66 0.2 0.2 0.607446 0.325438 406 139 588 134 390 261 600 261 497 84 1.34777 398 503 3.14159
42.7325 0.483067 0.321573 75 -67 0.2 0.2 0.607646 0.325638 406 139 588 134 390 261 600 261 497 85 1.34027 398 503 3.14159
42.7991 0.483067 0.321573 75 -67 0.2 0.2 0.607846 0.325838 406 139 588 134 390 261 600 261 498 84 1.36746 397 503 3.12894
42.8658 0.483067 0.321573 75 -67 0.2 0.2 0.608046 0.326038 406 139 588 134 390 261 600 262 497 84 1.3816 398 503 3.14159
42.9325 0.483838 0.321573 73 -62 0.2 0.2 0.608246 0.326238 406 139 588 134 390 261 600 261 498 85 1.3597 398 503 3.14159
42.9991 0.483838 0.321573 73 -62 0.2 0.2 0.608446 0.326438 406 139 588 134 390 261 600 262 498 84 1.34777 397 503 3.12894
43.0658 0.483838 0.321573 73 -62 0.2 0.2 0.608646 0.326638 406 139 588 134 390 261 600 262 498 85 1.33798 398 503 3.14159
43.1325 0.483838 0.322601 75 -70 0.2 0.2 0.608846 0.326838 406 139 588 134 390 261 600 262 498 85 1.33326 398 503 3.14159
43.1991 0.483838 0.322601 75 -70 0.2 0.2 0.609046 0.327038 406 139 588 134 389 261 601 262 498 85 1.34552 397 503 3.12894
43.2658 0.483838 0.322601 75 -70 0.2 0.2 0.609246 0.327238 406 139 588 134 389 261 601 262 498 85 1.33326 398 503 3.14159
43.3325 0.484609 0.323373 70 -75 0.2 0.2 0.609446 0.327438 406 139 589 134 389 261 601 262 498 85 1.34552 397 503 3.12894
43.3991 0.484609 0.323373 70 -75 0.2 0.2 0.609646 0.327638 406 139 589 134 389 261 601 262 498 85 1.34552 397 503 3.12894
43.4658 0.484609 0.323373 70 -75 0.2 0.2 0.609846 0.327838 406 139 588 134 389 261 601 262 498 85 1.34552 397 503 3.12894
43.5325 0.48538 0.323373 90 -83 0.2 0.2 0.610046 0.328038 406 139 588 134 389 261 601 262 498 85 1.34552 398 503 3.14159
43.5992 0.48538 0.323373 90 -83 0.2 0.2 0.610246 0.328238 406 139 588 134 389 261 601 262 498 85 1.3597 398 503 3.14159
43.6658 0.48538 0.324144 101 -78 0.2 0.2 0.610446 0.328438 406 139 588 134 389 261 601 262 498 85 1.34777 397 503 3.12894
43.7325 0.48538 0.324144 101 -78 0.2 0.2 0.610646 0.328638 406 139 588 134 389 261 601 262 498 85 1.33798 398 503 3.14159
43.7991 0.48538 0.324144 101 -78 0.2 0.2 0.610846 0.328838 406 139 588 134 389 261 601 262 498 85 1.33326 398 503 3.14159
43.8658 0.486408 0.324401 90 -84 0.2 0.2 0.611046 0.329038 406 139 588 134 389 261 601 262 498 85 1.34777 397 503 3.12894
43.9325 0.486408 0.324401 90 -84 0.2 0.2 0.611246 0.329238 406 139 588 134 389 261 601 262 498 85 1.34777 398 503 3.14159
43.9991 0.486408 0.324401 90 -84 0.2 0.2 0.611446 0.329438 406 139 589 134 389 261 601 262 498 85 1.34777 398 503 3.14159
44.0658 0.486408 0.324658 86 -84 0.2 0.2 0.611646 0.329638 406 139 589 134 389 261 601 262 498 85 1.33326 398 503 3.14159
44.1325 0.486408 0.324658 86 -84 0.2 0.2 0.611846 0.329838 406 139 589 135 389 261 601 262 498 86 1.32582 398 503 3.14159
44.1991 0.486408 0.324658 86 -84 0.2 0.2 0.612046 0.330038 406 139 589 135 389 261 601 262 498 86 1.33565 398 503 3.14159
44.2658 0.487179 0.325429 91 -84 0.2 0.2 0.612246 0.330238 406 139 589 135 389 261 601 262 498 86 1.33326 398 503 3.14159
44.3325 0.487179 0.325429 91 -84 0.2 0.2 0.612446 0.330438 406 139 589 135 389 261 601 262 498 86 1.351 397 504 3.11628
44.3991 0.487179 0.325429 91 -84 0.2 0.2 0.612646 0.330638 406 139 589 135 389 261 601 262 499 86 1.34552 397 503 3.12894
44.4658 0.487694 0.325429 96 -92 0.2 0.2 0.612846 0.330838 406 139 589 135 389 261 601 262 498 85 1.34552 397 504 3.11628
44.5325 0.487694 0.325429 96 -92 0.2 0.2 0.613046 0.331038 406 139 589 135 389 261 601 262 499 85 1.34997 398 503 3.14159
44.5991 0.487694 0.325429 96 -92 0.2 0.2 0.613246 0.331238 406 139 589 135 389 261 601 262 498 85 1.35544 397 504 3.11628
44.6658 0.487694 0.3262 105 -93 0.2 0.2 0.613446 0.331438 406 139 589 134 389 261 601 262 499 85 1.34997 397 503 3.12894
44.7325 0.487694 0.3262 105 -93 0.2 0.2 0.613646 0.331638 406 139 590 134 389 261 601 262 499 85 1.34997 397 503 3.12894
44.7991 0.487694 0.3262 105 -93 0.2 0.2 0.613846 0.331838 406 139 589 134 389 261 601 262 499 85 1.35759 398 503 3.14159
44.8658 0.488979 0.3262 91 -91 0.2 0.2 0.614046 0.332038 406 139 589 135 389 261 601 262 499 86 1.34552 397 503 3.12894
44.9325 0.488979 0.3262 91 -91 0.2 0.2 0.614246 0.332238 406 139 590 135 389 261 601 262 499 86 1.33798 397 503 3.12894
44.9991 0.488979 0.3262 91 -91 0.2 0.2 0.614446 0.332438 406 139 589 135 389 261 601 262 499 86 1.34777 398 503 3.14159
45.0658 0.488979 0.327228 104 -91 0.2 0.2 0.614646 0.332638 406 139 590 135 389 261 601 262 499 85 1.35213 398 503 3.14159
45.1325 0.488979 0.327228 104 -91 0.2 0.2 0.614846 0.332838 406 139 590 135 389 261 601 262 498 86 1.32582 397 503 3.12894
45.1991 0.488979 0.327228 104 -91 0.2 0.2 0.615046 0.333038 406 139 590 135 389 261 602 262 499 86 1.3597 397 503 3.12894
45.2658 0.489493 0.328257 101 -90 0.2 0.2 0.615246 0.333238 406 139 590 135 389 261 602 262 499 86 1.33326 397 503 3.12894
45.3325 0.489493 0.328257 101 -90 0.2 0.2 0.615446 0.333438 406 139 590 135 389 261 602 262 499 86 1.33798 398 503 3.14159
45.3991 0.490521 0.328257 101 -102 0.2 0.2 0.615646 0.333638 406 139 590 135 389 261 602 262 499 86 1.33798 398 503 3.14159
45.4658 0.490521 0.328257 101 -102 0.2 0.2 0.615846 0.333838 406 139 590 135 389 261 602 262 499 86 1.32582 398 503 3.14159
45.5325 0.490521 0.328257 101 -102 0.2 0.2 0.616046 0.334038 406 139 590 135 389 261 602 262 499 86 1.33798 397 503 3.12894
45.5991 0.490521 0.329028 115 -99 0.2 0.2 0.616246 0.334238 406 139 590 135 389 261 602 262 499 86 1.33326 398 503 3.14159
45.6658 0.490521 0.329028 115 -99 0.2 0.2 0.616446 0.334438 406 139 590 135 389 261 602 262 499 86 1.33326 397 504 3.11628
45.7325 0.490521 0.329028 115 -99 0.2 0.2 0.616646 0.334638 406 139 590 135 389 261 602 262 499 86 1.33326 397 504 3.11628
45.7991 0.491292 0.328771 106 -99 0.2 0.2 0.616846 0.334838 406 139 590 135 389 261 602 262 499 86 1.33326 397 503 3.12894
45.8658 0.491292 0.328771 106 -99 0.2 0.2 0.617046 0.335038 406 139 590 135 389 261 602 262 499 86 1.33326 397 503 3.12894
45.9325 0.491292 0.328771 106 -99 0.2 0.2 0.617246 0.335238 406 139 590 135 389 261 602 262 499 86 1.34552 398 503 3.14159
45.9991 0.491549 0.329799 117 -98 0.2 0.2 0.617446 0.335438 406 139 590 135 388 261 602 262 499 86 1.34552 397 503 3.12894
46.0658 0.491549 0.329799 117 -98 0.2 0.2 0.617646 0.335638 406 139 590 135 388 261 602 262 499 86 1.34552 397 503 3.12894
46.1325 0.491549 0.329799 117 -98 0.2 0.2 0.617846 0.335838 406 139 590 135 388 261 601 262 499 86 1.34552 397 503 3.12894
46.1991 0.492063 0.330313 116 -108 0.2 0.2 0.618046 0.336038 406 139 590 135 388 261 601 262 499 87 1.32582 397 503 3.12894
46.2658 0.492063 0.330313 116 -108 0.2 0.2 0.618246 0.336238 406 139 590 135 388 261 601 262 499 86 1.3597 397 503 3.12894
46.3325 0.492063 0.330313 116 -108 0.2 0.2 0.618446 0.336438 406 139 590 135 388 261 601 262 499 86 1.3597 397 503 3.12894
46.3991 0.492835 0.33057 116 -107 0.2 0.2 0.618646 0.336638 406 139 590 135 388 261 601 262 499 86 1.34552 397 503 3.12894
46.4658 0.492835 0.33057 116 -107 0.2 0.2 0.618846 0.336838 406 139 590 135 388 261 601 262 499 86 1.35213 397 503 3.12894
46.5325 0.492835 0.331084 116 -109 0.2 0.2 0.619046 0.337038 406 139 590 135 388 261 601 262 499 86 1.34027 397 503 3.12894
46.5991 0.492835 0.331084 116 -109 0.2 0.2 0.619246 0.337238 406 139 590 135 388 261 601 262 499 86 1.34027 397 503 3.12894
46.6658 0.492835 0.331084 116 -109 0.2 0.2 0.619446 0.337438 406 139 590 135 388 261 601 262 499 86 1.34027 397 503 3.12894
46.7325 0.493606 0.331084 119 -117 0.2 0.2 0.619646 0.337638 406 139 590 135 388 261 601 262 499 86 1.34027 397 503 3.12894
46.7991 0.493606 0.331084 119 -117 0.2 0.2 0.619846 0.337838 406 139 590 135 388 261 602 262 499 86 1.34027 397 503 3.12894
46.8658 0.493606 0.331084 119 -117 0.2 0.2 0.620046 0.338038 406 139 590 135 388 261 601 262 499 86 1.35544 397 503 3.12894
46.9325 0.493606 0.331598 113 -117 0.2 0.2 0.620246 0.338238 406 139 590 135 388 261 602 262 499 87 1.32582 397 504 3.11628
46.9992 0.493606 0.331598 113 -117 0.2 0.2 0.620446 0.338438 406 139 590 135 388 261 602 262 499 87 1.32582 397 504 3.11628
47.0658 0.493606 0.331598 113 -117 0.2 0.2 0.620646 0.338638 406 139 590 135 388 261 601 262 499 87 1.32582 397 503 3.12894
47.1325 0.494377 0.332883 118 -120 0.2 0.2 0.620846 0.338838 406 139 590 135 388 261 602 262 499 87 1.32582 397 503 3.12894
47.1991 0.494377 0.332883 118 -120 0.2 0.2 0.621046 0.339038 406 139 590 135 388 261 602 262 499 86 1.33798 397 503 3.12894
47.2658 0.494377 0.332883 118 -120 0.2 0.2 0.621246 0.339238 406 139 590 135 388 261 602 262 499 86 1.33798 397 503 3.12894
47.3325 0.495148 0.332883 132 -120 0.2 0.2 0.621446 0.339438 406 139 590 135 388 261 602 262 499 86 1.33798 397 503 3.12894
47.3991 0.495148 0.332883 132 -120 0 0 0.621446 0.339438 406 139 590 135 388 261 602 262 499 86 1.34323 397 503 3.12894
47.4658 0.495148 0.332883 132 -120 0 0 0.621446 0.339438 406 139 590 135 388 261 602 262 499 86 1.33798 397 504 3.11628
47.5325 0.495148 0.333912 132 -117 0 0 0.621446 0.339438 406 139 590 135 388 261 602 262 499 86 1.33798 397 503 3.12894
47.5991 0.495148 0.333912 132 -117 0 0 0.621446 0.339438 406 139 590 135 388 261 602 262 499 86 1.33798 397 504 3.11628
47.6658 0.495148 0.333912 132 -117 0 0 0.621446 0.339438 406 139 590 135 388 261 602 262 499 86 1.33798 397 504 3.11628
47.7325 0.496176 0.334169 131 -115 0 0 0.621446 0.339438 406 140 590 135 388 261 602 262 499 86 1.35544 397 503 3.12894
47.7991 0.496176 0.334169 131 -115 0 0 0.621446 0.339438 406 140 590 135 388 261 602 262 499 86 1.33798 397 503 3.12894
47.8658 0.496176 0.334169 131 -115 0 0 0.621446 0.339438 406 140 590 135 388 261 602 262 499 86 1.33798 397 503 3.12894
47.9325 0.496176 0.33494 132 -120 0 0 0.621446 0.339438 406 140 590 135 388 261 602 262 500 87 1.34777 397 503 3.12894
47.9991 0.496176 0.33494 132 -120 0 0 0.621446 0.339438 406 140 590 135 388 261 602 262 499 86 1.37737 397 503 3.12894
48.0658 0.496176 0.33494 132 -120 0 0 0.621446 0.339438 406 140 590 135 388 261 602 262 499 87 1.33798 397 503 3.12894
48.1325 0.496176 0.33494 130 -120 0 0 0.621446 0.339438 406 140 590 135 388 261 602 262 499 87 1.351 397 504 3.11628
48.1991 0.496176 0.33494 130 -120 0 0 0.621446 0.339438 406 140 590 135 388 261 602 262 499 86 1.35759 397 504 3.11628
48.2658 0.496176 0.33494 130 -120 0 0 0.621446 0.339438 406 140 590 135 387 261 602 262 499 86 1.35759 397 503 3.12894
48.3325 0.496176 0.33494 131 -121 0 0 0.621446 0.339438 406 140 590 135 387 261 602 262 499 86 1.35759 397 504 3.11628
48.3991 0.496176 0.33494 131 -121 0 0 0.621446 0.339438 406 140 591 135 387 261 602 262 499 87 1.34871 397 504 3.11628
48.4658 0.496176 0.33494 132 -120 0 0 0.621446 0.339438 406 140 591 135 387 261 602 262 499 86 1.34777 397 503 3.12894
48.5325 0.496176 0.33494 132 -120 0 0 0.621446 0.339438 406 140 590 135 387 261 602 262 499 87 1.3654 398 503 3.14159
48.5991 0.496176 0.33494 132 -120 0 0 0.621446 0.339438 406 140 590 135 387 261 602 262 499 86 1.34777 397 503 3.12894
48.6658 0.496176 0.334683 131 -122 0 0 0.621446 0.339438 406 140 590 135 387 261 602 262 498 87 1.33083 397 504 3.11628
48.7325 0.496176 0.334683 131 -122 0 0 0.621446 0.339438 406 140 590 135 387 261 602 262 499 87 1.33798 397 504 3.11628
48.7991 0.496176 0.334683 131 -122 0 0 0.621446 0.339438 406 140 590 135 387 261 602 262 498 87 1.33083 397 503 3.12894
48.8658 0.496176 0.33494 131 -120 0 0 0.621446 0.339438 406 140 590 135 387 261 602 262 499 86 1.34552 397 503 3.12894
48.9325 0.496176 0.33494 131 -120 0 0 0.621446 0.339438 406 140 590 135 387 261 602 262 499 86 1.34777 397 504 3.11628
48.9991 0.496176 0.33494 131 -120 0 0 0.621446 0.339438 406 140 590 135 387 261 602 262 499 86 1.34552 397 503 3.12894
49.0658 0.496176 0.33494 130 -121 0 0 0.621446 0.339438 406 140 590 135 387 261 602 262 499 87 1.3654 397 503 3.12894
49.1325 0.496176 0.33494 130 -121 0 0 0.621446 0.339438 406 140 590 135 387 261 602 262 499 87 1.33798 397 503 3.12894
49.1991 0.496176 0.33494 130 -121 0 0 0.621446 0.339438 406 140 590 135 387 261 602 262 499 86 1.34552 397 504 3.11628
49.2658 0.496176 0.334683 133 -120 0 0 0.621446 0.339438 406 140 590 135 387 261 602 262 499 86 1.34777 397 504 3.11628
49.3325 0.496176 0.334683 133 -120 0 0 0.621446 0.339438 406 140 590 135 387 261 602 262 499 86 1.34552 397 503 3.12894
49.3992 0.496176 0.334683 133 -120 0 0 0.621446 0.339438 406 140 590 135 387 261 602 262 499 87 1.32344 397 503 3.12894
49.4658 0.496176 0.33494 131 -120 0 0 0.621446 0.339438 406 140 590 135 387 261 602 262 499 87 1.33798 397 503 3.12894
49.5325 0.496176 0.33494 131 -120 0 0 0.621446 0.339438 406 140 590 135 387 261 602 262 499 86 1.34777 397 503 3.12894
49.5991 0.496176 0.33494 131 -120 0 0 0.621446 0.339438 406 140 590 135 387 261 602 262 499 86 1.34552 397 504 3.11628
49.6658 0.496176 0.33494 129 -119 0 0 0.621446 0.339438 406 140 590 135 387 261 602 262 499 87 1.32344 397 503 3.12894
49.7325 0.496176 0.33494 129 -119 0 0 0.621446 0.339438 406 140 590 135 387 261 602 262 499 87 1.33798 397 504 3.11628
49.7991 0.496176 0.33494 129 -119 0 -0.4 0.621446 0.339038 406 140 590 135 387 261 602 262 499 87 1.32102 397 503 3.12894
49.8658 0.496176 0.33494 129 -119 0 -0.4 0.621446 0.338638 406 140 590 135 387 261 602 262 499 87 1.32102 397 503 3.12894
49.9325 0.496176 0.33494 129 -119 0 -0.4 0.621446 0.338238 406 140 590 135 387 261 602 262 499 87 1.33798 397 504 3.11628
49.9991 0.496176 0.33494 129 -119 0 -0.4 0.621446 0.337838 406 139 590 135 387 261 602 262 499 87 1.33798 397 503 3.12894
50.0658 0.496176 0.334683 129 -120 0 -0.4 0.621446 0.337438 406 140 590 135 387 261 602 262 499 87 1.30631 397 503 3.12894
50.1325 0.496176 0.334683 129 -120 0 -0.4 0.621446 0.337038 406 140 590 135 387 261 602 262 499 87 1.32102 397 504 3.11628
50.1991 0.496176 0.334683 129 -120 0 -0.4 0.621446 0.336638 406 140 590 135 387 261 602 262 499 87 1.33798 397 503 3.12894
50.2658 0.496176 0.33494 129 -108 0 -0.4 0.621446 0.336238 406 140 590 135 387 261 602 262 499 87 1.32344 397 504 3.11628
50.3325 0.496176 0.33494 129 -108 0 -0.4 0.621446 0.335838 406 140 590 135 387 261 602 262 499 87 1.33798 397 503 3.12894
50.3991 0.496176 0.33494 129 -108 0 -0.4 0.621446 0.335438 406 140 590 135 387 261 602 262 499 87 1.33798 397 504 3.11628
50.4658 0.496176 0.33494 129 -109 0 -0.4 0.621446 0.335038 406 140 590 135 387 261 602 262 499 87 1.33798 397 504 3.11628
50.5325 0.496176 0.33494 129 -109 0 -0.4 0.621446 0.334638 406 139 590 135 387 261 602 262 499 87 1.33798 397 503 3.12894
50.5991 0.496176 0.334683 129 -67 0 -0.4 0.621446 0.334238 406 140 590 135 387 261 602 262 499 87 1.33798 397 503 3.12894
50.6658 0.496176 0.334683 129 -67 0 -0.4 0.621446 0.333838 406 140 590 135 387 261 602 262 499 87 1.33798 397 503 3.12894
50.7325 0.496176 0.334683 129 -67 0 -0.4 0.621446 0.333438 406 140 590 135 387 261 602 262 499 87 1.33798 397 503 3.12894
50.7991 0.496176 0.33494 128 -67 0 -0.4 0.621446 0.333038 406 139 590 135 387 261 602 262 499 87 1.34997 397 504 3.11628
50.8658 0.496176 0.33494 128 -67 0 -0.4 0.621446 0.332638 406 140 590 135 387 261 602 262 499 87 1.33798 397 503 3.12894
50.9325 0.496176 0.33494 128 -67 0 -0.4 0.621446 0.332238 406 139 590 135 387 261 602 262 499 87 1.32102 397 503 3.12894
50.9991 0.496176 0.333912 130 -34 0 -0.4 0.621446 0.331838 405 140 590 135 387 261 602 262 499 87 1.33063 397 503 3.12894
51.0658 0.496176 0.333912 130 -34 0 -0.4 0.621446 0.331438 406 140 590 135 387 261 602 262 499 87 1.33326 397 503 3.12894
51.1325 0.496176 0.333912 130 -34 0 -0.4 0.621446 0.331038 405 139 590 135 387 261 602 262 499 87 1.32582 397 503 3.12894
51.1991 0.496176 0.333912 129 -34 0 -0.4 0.621446 0.330638 405 140 590 135 387 261 602 262 499 87 1.32582 397 504 3.11628
51.2658 0.496176 0.333912 129 -34 0 -0.4 0.621446 0.330238 405 140 590 135 387 261 602 262 499 87 1.32582 397 503 3.12894
51.3325 0.496176 0.333912 129 -34 0 -0.4 0.621446 0.329838 405 140 590 135 386 261 601 262 498 87 1.32582 397 503 3.12894
51.3991 0.496176 0.332112 130 -26 0 -0.4 0.621446 0.329438 405 139 589 135 386 261 601 262 498 87 1.32102 397 503 3.12894
51.4658 0.496176 0.332112 130 -26 0 -0.4 0.621446 0.329038 405 139 589 135 386 261 601 262 498 87 1.32102 397 503 3.12894
51.5325 0.496176 0.332112 130 -26 0 -0.4 0.621446 0.328638 405 139 589 135 386 261 601 262 498 87 1.34552 397 503 3.12894
51.5991 0.496176 0.332112 130 -13 0 -0.4 0.621446 0.328238 405 139 589 135 386 261 601 262 498 88 1.33798 398 503 3.14159
51.6658 0.496176 0.332112 130 -13 0 -0.4 0.621446 0.327838 404 139 589 135 386 261 602 262 497 87 1.34552 397 503 3.12894
51.7325 0.496176 0.33057 130 -26 0 -0.4 0.621446 0.327438 404 139 589 135 386 261 602 262 497 87 1.33326 398 503 3.14159
51.7991 0.496176 0.33057 130 -26 0 -0.4 0.621446 0.327038 404 139 589 135 386 261 601 262 497 88 1.34552 397 503 3.12894
51.8658 0.496176 0.33057 130 -26 0 -0.4 0.621446 0.326638 404 140 589 135 386 261 602 262 497 86 1.34552 397 503 3.12894
51.9325 0.496176 0.329285 129 -18 0 -0.4 0.621446 0.326238 404 140 589 135 386 261 601 262 497 88 1.34552 398 503 3.14159
51.9991 0.496176 0.329285 129 -18 0 -0.4 0.621446 0.325838 403 139 587 135 385 261 601 262 496 87 1.3597 397 503 3.12894
52.0658 0.496176 0.329285 129 -18 0 -0.4 0.621446 0.325438 403 139 587 135 385 261 601 262 496 87 1.3597 397 503 3.12894
52.1325 0.49669 0.328771 122 -19 0 -0.4 0.621446 0.325038 402 139 587 135 385 261 600 262 495 87 1.3597 398 503 3.14159
52.1991 0.49669 0.328771 122 -19 0 -0.4 0.621446 0.324638 402 139 587 135 385 261 600 262 495 87 1.3597 398 503 3.14159
52.2658 0.49669 0.328771 122 -19 0 -0.4 0.621446 0.324238 401 139 586 135 385 261 599 262 494 86 1.3633 398 503 3.14159
52.3325 0.496947 0.326714 108 -17 0 -0.4 0.621446 0.323838 399 139 583 135 383 261 598 262 490 86 1.4022 398 503 3.14159
52.3991 0.496947 0.326714 108 -17 0 -0.4 0.621446 0.323438 398 139 583 135 383 261 598 262 491 87 1.3597 398 503 3.14159
52.4658 0.496947 0.326714 108 -17 0 -0.4 0.621446 0.323038 398 139 583 135 382 261 598 262 491 87 1.3597 398 503 3.14159
52.5325 0.497462 0.326714 102 1 0 -0.4 0.621446 0.322638 398 139 583 135 383 261 598 262 490 87 1.3633 398 503 3.14159
52.5991 0.497462 0.326714 102 1 0 -0.4 0.621446 0.322238 396 139 581 135 381 261 597 261 488 86 1.39372 398 503 3.14159
52.6658 0.497462 0.326714 102 1 0 -0.4 0.621446 0.321838 395 139 580 135 381 261 596 261 487 87 1.38118 398 503 3.14159
52.7325 0.497462 0.324915 93 -17 0 -0.4 0.621446 0.321438 395 139 580 135 381 261 596 261 486 87 1.39553 398 503 3.12909
52.7991 0.497462 0.324915 93 -17 0 -0.4 0.621446 0.321038 395 139 580 135 381 261 596 261 486 87 1.39553 397 503 3.12894
52.8658 0.497462 0.324915 93 -17 0 -0.4 0.621446 0.320638 395 139 580 135 380 261 596 261 486 87 1.39553 397 503 3.12894
52.9325 0.497719 0.322858 89 -11 0 -0.4 0.621446 0.320238 392 139 577 135 379 261 594 261 483 86 1.41256 397 503 3.15425
52.9991 0.497719 0.322858 89 -11 0 -0.4 0.621446 0.319838 391 139 577 135 378 261 594 261 482 86 1.40394 398 503 3.14159
53.0658 0.497719 0.322858 89 -11 0 -0.4 0.621446 0.319438 391 139 577 135 378 261 594 261 482 86 1.4158 398 503 3.14159
53.1325 0.497976 0.322601 89 1 0 -0.4 0.621446 0.319038 391 139 577 135 378 261 594 262 482 86 1.42448 398 503 3.12909
53.1991 0.497976 0.322601 89 1 0 -0.4 0.621446 0.318638 391 139 576 135 378 261 594 261 482 86 1.42448 398 503 3.15409
53.2658 0.497976 0.322601 89 1 0 -0.4 0.621446 0.318238 389 139 575 135 377 261 593 261 480 87 1.4158 397 503 3.14159
53.3325 0.498233 0.321059 73 -17 0 -0.4 0.621446 0.317838 389 139 574 135 376 261 592 261 480 87 1.42042 398 503 3.12894
53.3991 0.498233 0.321059 73 -17 0 -0.4 0.621446 0.317438 389 139 574 135 376 261 592 261 479 87 1.42191 397 503 3.14159
53.4658 0.498233 0.320802 75 0 0 -0.4 0.621446 0.317038 388 139 574 135 376 261 592 261 479 87 1.4158 398 503 3.15409
53.5325 0.498233 0.320802 75 0 0 -0.4 0.621446 0.316638 388 139 573 135 375 261 591 261 478 86 1.4362 398 503 3.15409
53.5991 0.498233 0.320802 75 0 0 -0.4 0.621446 0.316238 386 139 571 135 374 262 591 261 476 87 1.4158 398 503 3.15409
53.6658 0.498747 0.319003 67 -15 0 0 0.621446 0.316238 385 139 571 135 374 262 590 261 475 86 1.44644 398 503 3.15409
53.7325 0.498747 0.319003 67 -15 0 0 0.621446 0.316238 385 139 571 135 374 262 591 261 475 86 1.44515 398 503 3.15409
53.7991 0.498747 0.319003 67 -15 0 0 0.621446 0.316238 385 139 571 135 374 262 590 261 475 86 1.4362 398 503 3.15409
53.8658 0.498747 0.317717 53 0 0 0 0.621446 0.316238 385 139 570 135 373 262 589 261 475 86 1.4362 398 503 3.14159
53.9325 0.498747 0.317717 53 0 0 0 0.621446 0.316238 383 139 568 135 372 262 589 261 473 87 1.44023 398 503 3.15409
53.9991 0.498747 0.317717 53 0 0 0 0.621446 0.316238 382 139 568 135 372 262 589 261 472 87 1.42191 398 503 3.15409
54.0658 0.499004 0.316946 55 -16 0 0 0.621446 0.316238 382 139 568 135 372 262 589 261 471 86 1.44644 398 503 3.15409
54.1325 0.499004 0.316946 55 -16 0.4 0 0.621846 0.316238 382 139 568 135 372 262 588 261 472 87 1.44895 397 503 3.14159
54.1991 0.499004 0.316946 55 -16 0.4 0 0.622246 0.316238 382 139 567 135 372 262 588 261 471 87 1.44895 398 503 3.12894
54.2658 0.499004 0.316432 56 0 0.4 0 0.622646 0.316238 381 140 567 135 372 262 588 261 471 87 1.44895 398 503 3.15409
54.3325 0.499004 0.316432 56 0 0.4 0 0.623046 0.316238 381 140 566 135 371 262 588 261 471 87 1.42746 398 503 3.15409
54.3992 0.499004 0.316432 56 0 0.4 0 0.623446 0.316238 381 139 566 135 371 262 588 261 470 87 1.4362 397 503 3.14159
54.4658 0.499004 0.316175 54 -5 0.4 0 0.623846 0.316238 381 139 566 135 371 261 588 261 471 87 1.43031 398 503 3.15409
54.5325 0.499004 0.316175 54 -5 0.4 0 0.624246 0.316238 381 139 566 135 371 262 588 261 470 86 1.467 398 503 3.15409
54.5991 0.499004 0.316175 54 -5 0.4 0 0.624646 0.316238 381 139 566 135 371 262 587 261 470 86 1.45788 397 503 3.14159
54.6658 0.499004 0.316432 57 -10 0.4 0 0.625046 0.316238 380 139 566 135 371 262 587 261 470 87 1.44895 398 503 3.15409
54.7325 0.499004 0.316432 57 -10 0.4 0 0.625446 0.316238 380 139 565 135 371 262 587 261 469 87 1.46014 397 503 3.14159
54.7991 0.499004 0.316432 57 -10 0.4 0 0.625846 0.316238 380 139 565 135 371 262 587 261 469 87 1.44023 397 503 3.14159
54.8658 0.500289 0.316175 67 -12 0.4 0 0.626246 0.316238 380 139 565 135 371 262 587 261 469 87 1.45137 398 503 3.15409
54.9325 0.500289 0.316175 67 -12 0.4 0 0.626646 0.316238 380 139 565 135 371 262 587 261 469 87 1.44895 397 503 3.14159
54.9991 0.501574 0.316175 78 -17 0.4 0 0.627046 0.316238 379 140 564 135 371 262 586 261 468 88 1.45137 397 503 3.14159
55.0658 0.501574 0.316175 78 -17 0.4 0 0.627446 0.316238 378 139 563 135 370 262 586 261 466 87 1.47828 397 503 3.14159
55.1325 0.501574 0.316175 78 -17 0.4 0 0.627846 0.316238 378 139 563 135 370 262 586 261 467 87 1.44023 397 503 3.14159
55.1991 0.501832 0.316175 78 -17 0.4 0 0.628246 0.316238 378 139 563 136 370 262 586 261 467 87 1.44023 397 503 3.14159
55.2658 0.501832 0.316175 78 -17 0.4 0 0.628646 0.316238 378 139 563 136 370 262 586 261 467 86 1.46014 397 503 3.14159
55.3325 0.501832 0.316175 78 -17 0.4 0 0.629046 0.316238 377 140 562 136 370 263 585 261 466 88 1.45671 397 503 3.14159
55.3991 0.503374 0.316175 90 -13 0.4 0 0.629446 0.316238 377 139 562 136 369 262 585 261 466 88 1.44895 397 503 3.11596
55.4658 0.503374 0.316175 90 -13 0.4 0 0.629846 0.316238 377 139 562 136 370 263 585 261 466 87 1.46911 397 503 3.14159
55.5325 0.503374 0.316175 90 -13 0.4 0 0.630246 0.316238 377 140 562 136 370 263 585 261 466 87 1.46014 398 503 3.14159
55.5991 0.503374 0.316175 92 -17 0.4 0 0.630646 0.316238 377 140 562 136 370 263 585 261 466 87 1.46014 397 503 3.12894
55.6658 0.503374 0.316175 92 -17 0.4 0 0.631046 0.316238 376 139 560 136 369 262 585 261 465 87 1.46014 397 503 3.14159
55.7325 0.503374 0.316175 92 -17 0.4 0 0.631446 0.316238 376 140 560 136 369 262 584 261 465 87 1.46014 397 503 3.12894
55.7991 0.504916 0.316175 104 -17 0.4 0 0.631846 0.316238 376 140 560 136 369 262 584 261 465 88 1.44895 397 503 3.14159
55.8658 0.504916 0.316175 104 -17 0.4 0 0.632246 0.316238 376 140 560 136 369 262 584 261 464 88 1.46014 397 503 3.14159
55.9325 0.504916 0.316175 104 -17 0.4 0 0.632646 0.316238 376 140 560 136 369 262 584 261 465 88 1.44895 397 503 3.12894
55.9991 0.505944 0.316175 119 -18 0.4 0 0.633046 0.316238 375 140 559 136 369 262 584 261 463 88 1.46911 398 503 3.12909
56.0658 0.505944 0.316175 119 -18 0.4 0 0.633446 0.316238 375 140 559 136 369 262 584 261 463 88 1.46911 397 503 3.11596
56.1325 0.506201 0.316175 119 -20 0.4 0 0.633846 0.316238 375 140 559 136 369 262 584 261 463 88 1.46911 397 503 3.11596
56.1991 0.506201 0.316175 119 -20 0.4 0 0.634246 0.316238 375 140 559 136 369 262 584 261 463 88 1.46911 398 503 3.12909
56.2658 0.506201 0.316175 119 -20 0.4 0 0.634646 0.316238 375 140 559 136 368 262 584 261 463 88 1.46911 397 503 3.12894
56.3325 0.506201 0.316175 119 -20 0.4 0 0.635046 0.316238 373 140 559 136 367 263 583 261 461 88 1.47828 397 503 3.12894
56.3991 0.508001 0.315918 121 -23 0.4 0 0.635446 0.316238 373 140 557 136 367 263 583 261 462 88 1.46911 397 503 3.11596
56.4658 0.508001 0.315918 121 -23 0.4 0 0.635846 0.316238 373 139 557 136 367 263 582 261 461 88 1.47828 398 503 3.12909
56.5325 0.508001 0.315918 134 -25 0.4 0 0.636246 0.316238 373 140 557 136 367 263 582 261 461 88 1.46911 398 503 3.12909
56.5991 0.508001 0.315918 134 -25 0.4 0 0.636646 0.316238 372 140 557 136 367 263 582 261 461 88 1.48934 397 503 3.12894
56.6658 0.508001 0.315918 134 -25 0.4 0 0.637046 0.316238 372 140 556 136 367 263 582 261 460 88 1.46911 397 503 3.12894
56.7325 0.509286 0.315918 132 -26 0.4 0 0.637446 0.316238 372 140 556 136 367 263 582 262 459 88 1.49876 398 503 3.12909
56.7991 0.509286 0.315918 132 -26 0.4 0 0.637846 0.316238 372 140 556 136 367 263 582 262 460 88 1.46911 397 503 3.12894
56.8658 0.509286 0.315918 132 -26 0.4 0 0.638246 0.316238 372 140 556 137 367 263 582 262 460 88 1.46911 397 503 3.12894
56.9325 0.510314 0.315918 141 -33 0.4 0 0.638646 0.316238 371 140 555 137 366 263 581 261 459 88 1.48014 398 503 3.14159
56.9991 0.510314 0.315918 141 -33 0.4 0 0.639046 0.316238 371 140 555 137 366 263 581 261 458 88 1.5016 398 503 3.14159
57.0658 0.510314 0.315918 141 -33 0.4 0 0.639446 0.316238 371 140 555 137 366 263 581 261 458 88 1.5016 397 503 3.12894
57.1325 0.511085 0.315918 144 -33 0.4 0 0.639846 0.316238 370 140 555 137 366 263 581 261 458 88 1.48014 397 504 3.11628
57.1991 0.511085 0.315918 144 -33 0.4 0 0.640246 0.316238 371 140 555 136 366 263 581 262 458 87 1.58111 397 503 3.12894
57.2658 0.511085 0.315918 144 -33 0.4 0 0.640646 0.316238 369 140 554 137 365 263 581 261 456 87 1.60171 398 503 3.14159
57.3325 0.512628 0.315918 154 -33 0.4 0 0.641046 0.316238 369 140 554 137 365 263 580 262 457 88 1.50902 397 503 3.12894
57.3991 0.512628 0.315918 154 -33 0.4 0 0.641446 0.316238 369 140 554 137 365 263 580 261 457 88 1.50902 398 503 3.14159
57.4658 0.512628 0.315918 154 -33 0.4 0 0.641846 0.316238 369 140 554 137 365 263 580 261 457 88 1.50902 398 503 3.14159
57.5325 0.512628 0.315918 140 -32 0.4 0 0.642246 0.316238 369 140 554 137 365 263 580 261 457 89 1.48934 397 503 3.12894
57.5991 0.512628 0.315918 140 -32 0.4 0 0.642646 0.316238 368 140 552 137 364 263 579 262 455 88 1.52084 398 503 3.14159
57.6658 0.514427 0.315918 160 -32 0.4 0 0.643046 0.316238 368 140 552 137 364 263 579 262 454 88 1.59163 397 503 3.12894
57.7325 0.514427 0.315918 160 -32 0.4 0 0.643446 0.316238 368 140 552 137 364 263 579 262 454 88 1.59163 397 503 3.12894
57.7991 0.514427 0.315918 160 -32 0.4 0 0.643846 0.316238 368 140 552 137 364 263 580 262 455 88 1.52033 397 503 3.12894
57.8658 0.514684 0.315918 165 -31 0.4 0 0.644246 0.316238 368 140 552 137 364 263 580 262 455 88 1.52033 397 503 3.12894
57.9325 0.514684 0.315918 165 -31 0.4 0 0.644646 0.316238 367 140 552 137 364 263 579 261 453 88 1.60171 397 503 3.12894
57.9992 0.514684 0.315918 165 -31 0.4 0 0.645046 0.316238 367 140 551 137 364 263 579 262 454 88 1.5607 398 503 3.14159
58.0658 0.515969 0.315918 166 -25 0.4 0 0.645446 0.316238 367 140 551 137 364 263 579 261 454 88 1.5708 397 503 3.12894
58.1325 0.515969 0.315918 166 -25 0.4 0 0.645846 0.316238 367 140 551 137 363 264 579 261 453 87 1.61159 397 503 3.12894
58.1994 0.515969 0.315918 166 -25 0.4 0 0.646246 0.316238 366 140 551 137 363 263 579 262 453 88 1.5806 398 503 3.14159
58.2658 0.517512 0.315918 169 -25 0.4 0 0.646646 0.316238 366 141 550 137 363 263 579 262 452 88 1.60204 397 503 3.12894
58.3325 0.517512 0.315918 169 -25 0.4 0 0.647046 0.316238 365 141 550 137 363 263 578 261 452 89 1.53 397 504 3.11628
58.3991 0.517512 0.315918 169 -25 0.4 0 0.647446 0.316238 365 141 550 137 363 263 578 261 452 89 1.53 397 503 3.12894
58.4658 0.517769 0.315918 173 -25 0.4 0 0.647846 0.316238 365 141 550 137 363 263 578 261 452 88 1.60079 397 503 3.12894
58.5325 0.517769 0.315918 173 -25 0.4 0 0.648246 0.316238 365 141 550 137 363 263 578 261 452 88 1.60079 397 503 3.12894
58.5991 0.517769 0.315918 173 -25 0.4 0 0.648646 0.316238 364 140 549 137 362 264 577 262 452 88 1.60079 397 503 3.12894
58.6658 0.519311 0.315918 180 -27 0.4 0 0.649046 0.316238 364 141 549 137 362 264 578 262 450 89 1.6223 397 503 3.12894
58.7325 0.519311 0.315918 180 -27 0.4 0 0.649446 0.316238 364 140 549 137 362 264 577 262 450 89 1.60204 397 503 3.12894
58.7991 0.519311 0.315918 180 -27 0.4 0 0.649846 0.316238 364 141 549 137 362 264 577 262 450 89 1.60204 397 503 3.12894
58.8658 0.519311 0.315918 198 -28 0.4 0 0.650246 0.316238 364 141 548 137 361 264 577 262 450 89 1.60204 397 504 3.11628
58.9325 0.519311 0.315918 198 -28 0.4 0 0.650646 0.316238 363 141 548 137 361 264 577 262 449 89 1.61118 397 503 3.12894
58.9991 0.519311 0.315918 198 -28 0.4 0 0.651046 0.316238 363 141 547 138 361 264 576 262 449 89 1.61201 397 503 3.12894
59.0658 0.52111 0.315661 181 -28 0.4 0 0.651446 0.316238 363 141 547 138 361 264 576 262 448 89 1.62283 397 503 3.12894
59.1325 0.52111 0.315661 181 -28 0.4 0 0.651846 0.316238 363 141 547 138 361 264 576 262 448 89 1.62283 397 503 3.12894
59.1991 0.52111 0.315661 181 -28 0.4 0 0.652246 0.316238 361 141 546 138 360 264 576 262 447 89 1.59079 398 503 3.14159
59.2658 0.522653 0.315661 191 -28 0.4 0 0.652646 0.316238 361 141 546 138 360 264 576 262 447 89 1.59079 398 503 3.14159
59.3325 0.522653 0.315661 191 -28 0.4 0 0.653046 0.316238 361 141 546 138 360 264 576 262 447 89 1.61201 397 504 3.11628
59.3991 0.522653 0.315661 191 -28 0.4 0 0.653446 0.316238 361 141 546 138 360 264 576 262 447 89 1.63322 397 503 3.12894
59.4658 0.522653 0.315661 188 -34 0.4 0 0.653846 0.316238 361 141 546 138 360 264 575 262 447 89 1.62075 397 503 3.12894
59.5325 0.522653 0.315661 188 -34 0.4 0 0.654246 0.316238 360 141 545 138 360 264 575 262 446 89 1.63387 397 503 3.12894
59.5991 0.522653 0.315661 188 -34 0.4 0 0.654646 0.316238 360 141 545 138 360 264 575 262 446 90 1.61038 397 503 3.12894
59.6658 0.523681 0.315661 197 -36 0.4 0 0.655046 0.316238 360 141 545 138 360 264 575 262 446 90 1.61978 397 503 3.12894
59.7325 0.523681 0.315661 197 -36 0.4 0 0.655446 0.316238 360 141 545 138 360 264 575 262 446 90 1.62075 397 503 3.12894
59.7991 0.525223 0.315661 206 -35 0.4 0 0.655846 0.316238 360 141 544 138 359 264 575 262 445 89 1.63133 397 503 3.12894
59.8658 0.525223 0.315661 206 -35 0.4 0 0.656246 0.316238 359 141 544 138 359 264 574 262 445 89 1.61201 397 503 3.12894
59.9325 0.525223 0.315661 206 -35 0.4 0 0.656646 0.316238 359 141 543 138 359 264 574 262 444 90 1.62283 397 503 3.12894
59.9991 0.52548 0.315661 207 -35 0.4 0 0.657046 0.316238 359 141 544 138 359 264 574 262 444 89 1.63257 397 503 3.12894
60.0658 0.52548 0.315661 207 -35 0.4 0 0.657446 0.316238 359 141 543 138 359 264 574 262 444 89 1.63387 397 503 3.12894
60.1325 0.52548 0.315661 207 -35 0.4 0 0.657846 0.316238 358 141 542 138 358 265 574 262 443 90 1.60109 397 503 3.12894
60.1991 0.527023 0.315661 215 -36 0.4 0 0.658246 0.316238 358 141 542 138 358 265 574 262 443 89 1.62126 397 503 3.12894
60.2658 0.527023 0.315661 215 -36 0.4 0 0.658646 0.316238 358 141 542 138 358 264 574 262 443 90 1.61078 397 503 3.12909
60.3325 0.527023 0.315661 215 -36 0.4 0 0.659046 0.316238 358 141 542 138 358 265 574 262 443 90 1.63257 397 503 3.12894
60.3991 0.527023 0.315661 189 -36 0.4 0 0.659446 0.316238 358 141 542 138 358 265 574 262 443 90 1.65225 397 503 3.12894
60.4658 0.527023 0.315661 189 -36 0.4 0 0.659846 0.316238 356 141 541 139 357 265 573 262 441 90 1.65143 397 504 3.11628
60.5325 0.527023 0.315661 189 -36 0.4 0 0.660246 0.316238 356 142 540 139 357 265 572 262 441 90 1.64358 397 503 3.12894
60.5991 0.529079 0.315661 214 -35 0.4 0 0.660646 0.316238 356 142 540 139 357 265 572 262 441 91 1.61078 397 503 3.12894
60.6658 0.529079 0.315661 214 -35 0.4 0 0.661046 0.316238 356 142 540 139 357 265 573 262 440 90 1.62126 397 503 3.12894
60.7325 0.529079 0.315661 214 -35 0.4 0 0.661446 0.316238 356 142 540 139 357 265 573 262 440 90 1.62126 397 503 3.12894
60.7991 0.530364 0.315661 226 -35 0.4 0 0.661846 0.316238 355 142 539 139 356 265 572 263 440 90 1.62026 397 503 3.12894
60.8658 0.530364 0.315661 226 -35 0.4 0 0.662246 0.316238 355 142 539 139 356 265 572 263 439 91 1.64358 397 503 3.12894
60.9325 0.530364 0.315661 226 -35 0.4 0 0.662646 0.316238 355 142 539 139 356 265 572 263 439 90 1.65481 397 503 3.12909
60.9991 0.530621 0.315404 224 -36 0.4 0 0.663046 0.316238 355 142 539 139 356 265 572 263 439 90 1.64358 397 504 3.11628
61.0658 0.530621 0.315404 224 -36 0.4 0 0.663446 0.316238 354 142 539 139 356 265 572 263 439 90 1.65308 397 503 3.12894
61.1325 0.530621 0.315404 224 -36 0.4 0 0.663846 0.316238 353 142 538 139 356 265 572 262 438 91 1.63194 397 503 3.12894
61.1991 0.532421 0.315661 229 -34 0.4 0 0.664246 0.316238 353 142 538 139 355 265 572 262 438 91 1.64358 397 503 3.12894
61.2658 0.532421 0.315661 229 -34 0.4 0 0.664647 0.316238 353 142 538 139 355 265 572 262 438 91 1.64358 397 503 3.12894
61.3325 0.532421 0.315661 229 -34 0.4 0 0.665047 0.316238 353 142 538 139 355 265 571 262 437 91 1.66331 397 503 3.12894
61.3991 0.532678 0.315404 234 -34 0.4 0 0.665447 0.316238 352 142 537 140 355 265 571 263 438 91 1.67249 397 503 3.12909
61.4658 0.532678 0.315404 234 -34 0.4 0 0.665847 0.316238 352 142 537 140 355 265 571 263 437 91 1.64139 397 503 3.12909
61.5325 0.532678 0.315404 234 -34 0.4 0 0.666247 0.316238 352 142 537 140 354 265 572 262 437 91 1.65308 397 504 3.14159
61.5991 0.533963 0.315404 233 -35 0.4 0 0.666647 0.316238 352 142 536 140 354 265 572 262 436 91 1.68372 397 503 3.12894
61.6658 0.533963 0.315404 233 -35 0.4 0 0.667047 0.316238 352 142 536 140 355 265 571 263 436 91 1.68372 397 504 3.18053
61.7326 0.536277 0.315404 228 -35 0.4 0 0.667447 0.316238 351 142 536 140 354 266 572 262 436 91 1.69264 397 503 3.12909
61.7991 0.536277 0.315404 228 -35 0.4 0 0.667847 0.316238 351 142 535 140 354 265 572 262 435 92 1.67249 397 503 3.12909
61.8658 0.536277 0.315404 228 -35 0.4 0 0.668247 0.316238 350 142 535 140 354 265 572 262 435 91 1.69264 397 504 3.1166
61.9325 0.536277 0.315404 231 -35 0.4 0 0.668647 0.316238 350 142 535 140 354 265 572 262 435 93 1.68145 397 503 3.12894
61.9991 0.536277 0.315404 231 -35 0.4 0 0.669047 0.316238 350 142 535 140 354 265 571 263 434 92 1.68145 397 504 3.19349
62.0658 0.536277 0.315404 231 -35 0.4 0 0.669447 0.316238 350 142 535 141 354 265 572 262 434 93 1.68036 397 504 3.14159
62.1325 0.538076 0.315404 234 -37 0.4 0 0.669847 0.316238 350 142 535 141 354 265 572 262 434 93 1.67353 397 503 3.12909
62.1991 0.538076 0.315404 234 -37 0.4 0 0.670247 0.316238 350 142 535 141 353 266 571 263 433 93 1.70136 397 503 3.12909
62.2666 0.538076 0.315404 234 -37 0.4 0 0.670647 0.316238 350 142 534 141 353 266 571 263 433 92 1.70136 397 503 3.12909
62.3325 0.538333 0.315404 242 -36 0.4 0 0.671047 0.316238 349 143 534 141 353 266 571 263 433 92 1.69264 397 503 3.12909
62.3991 0.538333 0.315404 242 -36 0.4 0 0.671447 0.316238 349 142 534 141 353 266 571 263 433 93 1.70136 397 503 3.12894
62.4658 0.538333 0.315404 242 -36 0.4 0 0.671847 0.316238 349 142 534 141 353 266 571 263 432 93 1.71414 397 503 3.12894
62.5325 0.539618 0.315404 240 -37 0.4 0 0.672247 0.316238 349 143 534 141 353 266 572 262 433 93 1.70136 397 504 3.19349
62.5991 0.539618 0.315404 240 -37 0.4 0 0.672647 0.316238 349 143 534 141 353 266 572 262 433 93 1.71269 397 503 3.12909
62.6658 0.539618 0.315404 240 -37 0.4 0 0.673047 0.316238 348 143 534 141 352 266 571 263 432 93 1.68257 397 503 3.12894
62.7325 0.541418 0.315404 242 -36 0.4 0 0.673447 0.316238 348 143 533 141 352 266 571 263 431 94 1.70136 397 503 3.12894
62.7991 0.541418 0.315404 242 -36 0.4 0 0.673847 0.316238 348 143 533 141 352 266 571 263 431 93 1.70136 397 503 3.12909
62.8658 0.541418 0.315404 242 -36 0.4 0 0.674247 0.316238 348 143 533 141 352 266 571 263 431 93 1.74429 397 503 3.12894
62.9325 0.541418 0.315404 243 -37 0.4 0 0.674647 0.316238 348 143 533 141 352 266 571 263 431 94 1.70136 397 504 3.14159
62.9991 0.541418 0.315404 243 -37 0.4 0 0.675047 0.316238 346 143 533 142 351 266 571 263 431 94 1.71269 397 504 3.19349
63.0658 0.541418 0.315404 243 -37 0.4 0 0.675447 0.316238 346 143 533 142 351 266 572 262 430 93 1.73765 397 503 3.12894
63.1325 0.543474 0.315404 245 -37 0.4 0 0.675847 0.316238 347 143 532 142 351 266 571 263 429 95 1.72579 397 503 3.12894
63.1991 0.543474 0.315404 245 -37 0.4 0 0.676247 0.316238 346 143 532 142 351 266 571 263 430 94 1.73427 397 503 3.12909
63.2658 0.543731 0.315404 251 -37 0.4 0 0.676647 0.316238 346 143 532 142 351 266 571 263 430 95 1.72117 397 503 3.12894
63.3325 0.543731 0.315404 251 -37 0.4 0 0.677047 0.316238 345 143 532 142 351 266 572 262 429 94 1.73427 397 503 3.12894
63.3991 0.543731 0.315404 251 -37 0.4 0 0.677447 0.316238 345 143 531 142 350 266 572 262 428 94 1.75245 397 503 3.12909
63.4658 0.545273 0.315404 243 -36 0.4 0 0.677847 0.316238 345 143 531 142 350 266 572 262 428 95 1.74429 397 504 3.1679
63.5325 0.545273 0.315404 243 -36 0.4 0 0.678247 0.316238 345 143 531 142 350 266 572 262 429 95 1.73427 397 503 3.12909
63.5991 0.545273 0.315404 243 -36 0.4 0 0.678647 0.316238 345 143 531 142 350 266 572 262 428 94 1.77829 397 503 3.12894
63.6658 0.54733 0.315404 245 -37 0.4 0 0.679047 0.316238 344 143 531 142 350 267 572 262 427 95 1.74606 397 504 3.12894
63.7325 0.54733 0.315404 245 -37 0.4 0 0.679447 0.316238 344 144 531 142 350 267 572 262 427 95 1.76422 397 504 3.12894
63.7991 0.54733 0.315404 245 -37 0.4 0 0.679847 0.316238 344 143 530 143 350 267 572 262 426 95 1.77829 397 503 3.12877
63.8658 0.54733 0.315404 246 -37 0.4 0 0.680247 0.316238 344 144 530 143 350 267 572 262 426 95 1.74606 397 503 3.12894
63.9325 0.54733 0.315404 246 -37 0.4 0 0.680647 0.316238 343 144 530 143 350 267 572 263 427 96 1.75245 397 503 3.12877
63.9991 0.54733 0.315404 246 -37 0.4 0 0.681047 0.316238 343 144 529 143 349 267 572 262 426 96 1.76422 397 503 3.12894
64.0658 0.548615 0.315404 243 -36 0.4 0 0.681447 0.316238 343 144 529 143 349 267 572 263 425 95 1.77829 397 503 3.12894
64.1325 0.548615 0.315404 243 -36 0.4 0 0.681847 0.316238 343 144 529 143 349 267 572 262 425 96 1.76422 397 503 3.12894
64.1991 0.548615 0.315404 243 -36 0.4 0 0.682247 0.316238 343 144 528 143 349 267 572 262 425 96 1.76422 397 503 3.12877
64.2658 0.550157 0.315404 248 -36 0.4 0 0.682647 0.316238 342 144 528 143 349 267 572 263 424 96 1.79059 397 503 3.12877
64.3325 0.550157 0.315404 248 -36 0.4 0 0.683047 0.316238 342 144 528 143 348 267 572 262 425 97 1.77211 397 503 3.12894
64.3991 0.550157 0.315404 248 -36 0.4 0 0.683447 0.316238 342 144 528 144 348 267 572 263 424 97 1.76422 397 503 3.12877
64.4658 0.550415 0.315404 250 -35 0.4 0 0.683847 0.316238 341 144 528 144 348 267 572 263 424 96 1.81076 397 504 3.12894
64.5325 0.550415 0.315404 250 -35 0.4 0 0.684247 0.316238 341 144 527 144 348 267 572 263 424 97 1.79607 397 504 3.19349
64.5991 0.550415 0.315404 250 -35 0.4 0 0.684647 0.316238 341 144 527 144 348 267 572 263 424 97 1.77829 397 503 3.12877
64.6658 0.551957 0.315404 260 -34 0.4 0 0.685047 0.316238 340 144 527 144 347 267 572 263 423 98 1.77211 397 504 3.14159
64.7325 0.551957 0.315404 260 -34 0.4 0 0.685447 0.316238 340 144 527 144 347 267 572 263 423 98 1.78615 397 503 3.12877
64.7991 0.551957 0.315404 260 -34 0.4 0 0.685847 0.316238 340 144 527 144 347 267 572 263 423 98 1.78615 397 503 3.12894
64.8658 0.551957 0.315404 248 -36 0.4 0 0.686247 0.316238 340 144 526 144 347 267 572 263 422 98 1.80361 397 503 3.12894
64.9325 0.551957 0.315404 248 -36 0.4 0 0.686647 0.316238 339 144 526 145 347 267 572 263 422 98 1.81577 397 504 3.10315
64.9991 0.551957 0.315404 248 -36 0.4 0 0.687047 0.316238 339 144 526 145 347 267 572 263 422 98 1.80361 397 504 3.11596
65.0658 0.553756 0.315404 250 -37 0.4 0 0.687447 0.316238 339 145 526 145 347 267 572 263 421 98 1.80361 397 504 3.11596
65.1325 0.553756 0.315404 250 -37 0.4 0 0.687847 0.316238 339 145 525 145 346 267 572 263 422 98 1.81577 397 504 3.11628
65.1991 0.553756 0.315404 250 -37 0.4 0 0.688247 0.316238 339 145 525 145 346 267 572 263 421 98 1.83074 397 503 3.12894
65.2658 0.555041 0.315404 252 -37 0.4 0 0.688647 0.316238 338 145 525 145 346 268 572 263 420 99 1.82555 397 503 3.12894
65.3325 0.555041 0.315404 252 -37 0.4 0 0.689047 0.316238 338 145 525 145 346 268 572 263 420 99 1.81577 397 503 3.12877
65.3992 0.555299 0.315404 254 -36 0.4 0 0.689447 0.316238 337 145 524 145 346 268 572 263 420 99 1.83074 397 503 3.12877
65.4658 0.555299 0.315404 254 -36 0.4 0 0.689847 0.316238 337 144 524 146 345 268 572 263 420 100 1.81577 397 504 3.11596
65.5325 0.555299 0.315404 254 -36 0.4 0 0.690247 0.316238 337 145 524 146 345 268 572 263 419 100 1.84771 397 504 3.10315
65.5991 0.557869 0.315404 245 -36 0.4 0 0.690647 0.316238 336 145 524 146 345 268 572 263 419 100 1.82057 397 504 3.10315
65.6658 0.557869 0.315404 245 -36 0.4 0 0.691047 0.316238 336 145 524 146 344 268 572 263 418 99 1.91595 397 504 3.11596
65.7325 0.557869 0.315404 245 -36 0.4 0 0.691447 0.316238 336 145 524 146 344 268 572 263 418 100 1.87973 397 504 3.10315
65.7991 0.558126 0.315404 241 -37 0.4 0 0.691847 0.316238 336 145 524 146 344 268 572 263 417 100 1.92479 397 503 3.12894
65.8658 0.558126 0.315404 241 -37 0.4 0 0.692247 0.316238 336 145 523 147 344 268 572 263 418 100 1.87973 397 504 3.11628
65.9325 0.558126 0.315404 241 -37 0.4 0 0.692647 0.316238 335 145 522 147 344 268 572 263 417 100 1.91595 397 504 3.11596
65.9991 0.559925 0.315404 241 -37 0.4 0 0.693047 0.316238 335 145 522 147 344 268 572 263 416 100 1.89913 397 504 3.10315
66.0658 0.559925 0.315404 241 -37 0.4 0 0.693447 0.316238 334 145 522 147 344 268 572 263 416 101 1.87973 397 504 3.10315
66.1325 0.559925 0.315404 231 -37 0.4 0 0.693847 0.316238 334 145 522 147 344 268 572 263 416 101 1.91178 397 504 3.11562
66.1991 0.559925 0.315404 231 -37 0.4 0 0.694247 0.316238 334 145 521 147 344 268 572 263 416 101 1.90219 397 504 3.10315
66.2658 0.559925 0.315404 231 -37 0.4 0 0.694647 0.316238 334 145 521 147 343 268 572 262 415 101 1.91178 397 504 3.11596
66.3325 0.561982 0.315404 241 -37 0.4 0 0.695047 0.316238 333 145 521 148 343 269 572 263 415 102 1.93654 397 504 3.10315
66.3991 0.561982 0.315404 241 -37 0.4 0 0.695447 0.316238 333 145 521 148 343 269 572 263 415 102 1.94378 397 504 3.12877
66.4658 0.561982 0.315404 241 -37 0.4 0 0.695847 0.316238 333 145 521 148 343 269 572 263 414 102 1.94751 397 504 3.10315
66.5325 0.563781 0.315404 243 -36 0.4 0 0.696247 0.316238 333 145 521 148 343 269 572 262 414 102 1.91178 397 504 3.11596
66.5992 0.563781 0.315404 243 -36 0.4 0 0.696647 0.316238 333 145 520 148 342 268 572 262 413 103 1.94378 397 504 3.11596
66.6658 0.563781 0.315404 243 -36 0.4 0 0.697047 0.316238 332 146 519 148 342 268 572 262 413 103 1.94378 397 504 3.10315
66.7325 0.563781 0.315404 248 -36 0.4 0 0.697447 0.316238 332 146 519 148 342 269 572 262 413 103 1.94378 397 504 3.10315
66.7991 0.563781 0.315404 248 -36 0.4 0 0.697847 0.316238 332 146 519 148 342 269 572 262 413 103 1.92723 397 504 3.12894
66.8658 0.563781 0.315404 248 -36 0.4 0 0.698247 0.316238 331 146 519 149 342 269 572 263 412 104 1.97175 397 504 3.11596
66.9325 0.566352 0.315404 241 -36 0.4 0 0.698647 0.316238 331 146 519 149 342 269 572 263 412 104 1.97433 397 504 3.10315
66.9991 0.566352 0.315404 241 -36 0.4 0 0.699047 0.316238 331 146 519 149 342 269 572 263 412 104 1.97433 397 504 3.10315
67.0658 0.566352 0.315404 241 -36 0.4 0 0.699447 0.316238 330 146 518 149 341 269 572 263 411 104 1.95697 397 504 3.10315
67.1325 0.566609 0.315404 244 -37 0.4 0 0.699847 0.316238 330 146 518 149 341 269 572 263 411 104 1.95318 397 504 3.10315
67.1991 0.566609 0.315404 244 -37 0.4 0 0.700247 0.316238 330 146 518 149 341 269 572 263 411 105 1.96788 397 504 3.11596
67.2658 0.566609 0.315404 244 -37 0.4 0 0.700647 0.316238 330 146 517 150 341 269 572 262 411 105 1.98493 397 504 3.11596
67.3325 0.567894 0.315404 241 -37 0.4 0 0.701047 0.316238 330 146 517 150 341 269 572 262 411 105 1.9797 397 504 3.11628
67.3991 0.567894 0.315404 241 -37 0.4 0 0.701447 0.316238 330 146 517 150 341 269 572 263 410 105 1.97175 397 504 3.11596
67.4658 0.567894 0.315404 241 -37 0.4 0 0.701847 0.316238 330 146 517 150 341 269 572 263 410 105 1.97175 397 504 3.10315
67.5325 0.569179 0.315404 251 -37 0.4 0 0.702247 0.316238 329 146 517 150 341 269 573 262 409 106 1.99826 397 504 3.10315
67.5991 0.569179 0.315404 251 -37 0.4 0 0.702647 0.316238 329 146 517 150 340 269 572 263 410 106 1.98902 397 504 3.11596
67.6658 0.569436 0.315404 250 -37 0.4 0 0.703047 0.316238 329 146 516 150 340 269 572 263 409 106 1.97175 397 504 3.10315
67.7325 0.569436 0.315404 250 -37 0.4 0 0.703447 0.316238 329 146 516 150 340 269 572 263 409 105 1.99318 397 504 3.11596
67.7992 0.569436 0.315404 250 -37 0.4 0 0.703847 0.316238 329 146 516 150 340 269 572 263 409 106 1.97175 397 504 3.11596
67.8658 0.571236 0.315404 250 -37 0.4 0 0.704247 0.316238 328 146 516 151 340 269 572 263 408 106 2.02531 397 504 3.10315
67.9325 0.571236 0.315404 250 -37 0.4 0 0.704647 0.316238 328 146 516 151 340 269 572 263 408 106 2.02087 397 504 3.11596
67.9992 0.571236 0.315404 250 -37 0.4 0 0.705047 0.316238 328 146 516 151 340 269 572 263 408 106 2.00742 397 504 3.12877
68.0658 0.571236 0.315404 237 -37 0.4 0 0.705447 0.316238 328 146 515 151 340 269 572 263 408 105 2.02984 397 504 3.12894
68.1325 0.571236 0.315404 237 -37 0.4 0 0.705847 0.316238 327 147 515 151 339 270 573 262 408 106 2.04349 397 504 3.11596
68.1991 0.571236 0.315404 237 -37 0.4 0 0.706247 0.316238 326 147 515 152 339 270 573 262 407 108 2.03444 397 504 3.11596
68.2658 0.573035 0.315404 255 -37 0.4 0 0.706647 0.316238 326 147 515 152 339 270 573 262 406 107 2.05288 397 504 3.12894
68.3325 0.573035 0.315404 255 -37 0.4 0 0.707047 0.316238 326 147 514 152 339 270 573 262 407 107 2.03903 397 504 3.11596
68.3998 0.573035 0.315404 255 -37 0.4 0 0.707447 0.316238 326 147 514 152 339 270 573 262 407 107 2.03444 397 504 3.11596
68.4658 0.574577 0.315404 256 -37 0.4 0 0.707847 0.316238 326 147 514 152 339 270 572 263 406 108 2.05666 397 504 3.11596
68.5325 0.574577 0.315404 256 -37 0.4 0 0.708247 0.316238 325 147 514 152 338 270 573 262 405 108 2.04814 397 504 3.11596
68.5991 0.574577 0.315404 256 -37 0.4 0 0.708647 0.316238 325 147 514 152 338 270 573 262 405 108 2.04349 397 504 3.11596
68.6658 0.574835 0.315404 252 -37 0.4 0 0.709047 0.316238 325 147 514 152 338 270 573 262 405 108 2.04814 397 504 3.10315
68.7325 0.574835 0.315404 252 -37 0.4 0 0.709447 0.316238 325 147 514 152 338 270 573 262 405 108 2.05717 397 504 3.10315
68.7991 0.574835 0.315404 252 -37 0.4 0 0.709847 0.316238 325 147 514 152 338 270 573 262 405 109 2.07987 397 504 3.11596
68.8658 0.576634 0.315404 263 -37 0.4 0 0.710247 0.316238 325 147 512 153 338 270 573 263 405 108 2.10771 397 504 3.14159
68.9325 0.576634 0.315404 263 -37 0.4 0 0.710647 0.316238 324 148 512 153 338 270 573 262 404 109 2.07589 397 504 3.12894
68.9991 0.576634 0.315404 263 -37 0.4 0 0.711047 0.316238 324 147 512 153 337 270 573 263 404 109 2.08092 397 504 3.12894
69.0658 0.576891 0.315404 250 -37 0.4 0 0.711447 0.316238 324 147 512 153 337 270 573 263 403 110 2.08869 397 504 3.12894
69.1325 0.576891 0.315404 250 -37 0.4 0 0.711847 0.316238 323 147 511 154 337 270 573 263 403 110 2.09374 397 504 3.12894
69.1991 0.576891 0.315404 250 -37 0.4 0 0.712247 0.316238 323 148 511 154 337 270 573 263 402 110 2.13272 397 504 3.11596
69.2658 0.57869 0.315404 242 -37 0.4 0 0.712647 0.316238 323 148 511 154 337 270 573 263 402 111 2.10252 397 504 3.12894
69.3325 0.57869 0.315404 242 -37 0.4 0 0.713047 0.316238 323 147 511 154 336 270 573 263 402 111 2.11836 397 504 3.12894
69.3991 0.58049 0.315404 252 -37 0.4 0 0.713447 0.316238 322 148 511 155 336 270 573 263 402 111 2.09887 397 504 3.12894
69.4658 0.58049 0.315404 252 -37 0.4 0 0.713847 0.316238 322 148 511 155 336 270 573 263 401 111 2.13908 397 504 3.12894
69.5325 0.58049 0.315404 252 -37 0.4 0 0.714247 0.316238 322 148 510 155 336 270 573 263 401 112 2.13595 397 504 3.12894
69.5991 0.581004 0.315404 247 -37 0.4 0 0.714647 0.316238 322 148 509 155 336 271 573 263 401 112 2.12178 397 504 3.12894
69.6658 0.581004 0.315404 247 -37 0.4 0 0.715047 0.316238 322 148 509 155 336 271 573 263 401 112 2.11645 397 504 3.12894
69.7325 0.581004 0.315404 247 -37 0.4 0 0.715447 0.316238 321 148 509 156 336 271 573 263 400 112 2.15315 397 504 3.12894
69.7991 0.583317 0.315404 247 -37 0.4 0 0.715847 0.316238 321 148 509 156 335 271 573 263 400 113 2.13048 397 504 3.12894
69.8658 0.583317 0.315404 247 -37 0.4 0 0.716247 0.316238 320 148 509 156 335 271 573 263 399 113 2.1673 397 504 3.12894
69.9325 0.583317 0.315404 247 -37 0.4 0 0.716647 0.316238 320 149 509 156 335 271 573 263 399 113 2.18152 397 504 3.12894
69.9991 0.583317 0.315404 231 -37 0.4 0 0.717047 0.316238 320 149 508 157 335 271 573 263 399 113 2.1673 397 504 3.12894
70.0658 0.583317 0.315404 231 -37 0.4 0 0.717447 0.316238 319 148 508 157 335 271 573 263 399 113 2.17039 397 504 3.12894
70.1325 0.583317 0.315404 231 -37 0.4 0 0.717847 0.316238 319 149 508 157 334 271 573 263 398 115 2.1757 397 504 3.12894
70.1991 0.585888 0.315404 236 -37 0.4 0 0.718247 0.316238 319 149 507 158 334 271 573 263 398 114 2.22714 397 504 3.12894
70.2658 0.585888 0.315404 236 -37 0.4 0 0.718647 0.316238 319 149 507 158 334 271 573 263 398 114 2.19582 397 504 3.12894
70.3325 0.585888 0.315404 236 -37 0.4 0 0.719047 0.316238 319 149 507 158 334 271 573 263 398 114 2.19582 397 504 3.12894
70.3991 0.587173 0.315404 236 -37 0.4 0 0.719447 0.316238 318 149 507 158 334 271 573 263 397 115 2.2143 397 504 3.12894
70.4658 0.587173 0.315404 236 -37 0.4 0 0.719847 0.316238 318 149 506 158 334 271 573 262 397 115 2.2143 397 504 3.12894
70.5325 0.587173 0.315404 236 -37 0.4 0 0.720247 0.316238 318 149 506 158 334 271 573 263 397 115 2.22461 397 504 3.12894
70.5991 0.58743 0.315404 236 -37 0.4 0 0.720647 0.316238 318 149 506 159 334 271 573 263 397 116 2.23093 397 504 3.12894
70.6658 0.58743 0.315404 236 -37 0.4 0 0.721047 0.316238 318 149 506 159 334 271 573 263 397 116 2.22461 397 504 3.12894
70.7325 0.58743 0.315404 236 -37 0.4 0 0.721447 0.316238 318 149 506 159 334 272 573 263 397 116 2.22461 397 504 3.12894
70.7991 0.588972 0.315404 237 -37 0.4 0 0.721847 0.316238 317 149 506 159 333 271 573 263 397 116 2.22461 397 504 3.12894
70.8658 0.588972 0.315404 237 -37 0.4 0 0.722247 0.316238 317 149 505 159 333 271 573 262 396 116 2.24554 397 504 3.12894
70.9325 0.588972 0.315404 237 -37 0.4 0 0.722647 0.316238 317 149 505 159 333 271 573 262 396 116 2.24554 397 504 3.12894
70.9991 0.589229 0.315404 240 -37 0.4 0 0.723047 0.316238 317 149 505 160 333 271 573 262 395 117 2.21839 397 504 3.12894
71.0658 0.589229 0.315404 240 -37 0.4 0 0.723447 0.316238 317 149 505 160 333 271 573 262 395 117 2.21839 397 504 3.12894
71.1325 0.589229 0.315404 240 -37 0.4 0 0.723848 0.316238 317 149 504 160 333 271 573 263 395 117 2.21839 397 504 3.12894
71.1991 0.590515 0.315404 244 -37 0.4 0 0.724248 0.316238 317 149 504 160 333 272 573 263 395 116 2.29656 397 504 3.12894
71.2658 0.590515 0.315404 244 -37 0.4 0 0.724648 0.316238 317 149 504 160 333 272 573 263 395 117 2.26819 397 504 3.12894
71.3325 0.592571 0.315404 239 -37 0.4 0 0.725048 0.316238 316 149 504 160 332 272 573 262 394 118 2.24714 397 504 3.12894
71.3991 0.592571 0.315404 239 -37 0.4 0 0.725448 0.316238 316 150 504 161 332 272 573 262 394 118 2.24714 397 504 3.12894
71.4658 0.592571 0.315404 239 -37 0.4 0 0.725848 0.316238 315 149 504 161 332 272 573 262 394 118 2.28963 397 504 3.12894
71.5325 0.592571 0.315147 245 -37 0.4 0 0.726248 0.316238 315 150 504 161 332 272 573 262 394 119 2.27607 397 504 3.12894
71.5992 0.592571 0.315147 245 -37 0.4 0 0.726648 0.316238 315 149 504 161 332 272 573 262 394 119 2.29911 397 504 3.12894
71.6658 0.592571 0.315147 245 -37 0.4 0 0.727048 0.316238 315 150 504 161 331 272 573 262 394 119 2.29911 397 504 3.12894
71.7325 0.594628 0.315147 250 -37 0.4 0 0.727448 0.316238 315 150 503 162 331 272 573 263 393 119 2.31274 397 504 3.12894
71.7991 0.594628 0.315147 250 -37 0.4 0 0.727848 0.316238 314 150 503 162 332 272 573 262 393 119 2.31971 397 504 3.12894
71.8658 0.594628 0.315147 250 -37 0.4 0 0.728248 0.316238 314 150 503 162 332 272 573 262 392 118 2.38517 397 504 3.12894
71.9325 0.594628 0.315404 251 -37 0.4 0 0.728648 0.316238 314 150 503 162 332 272 573 262 393 119 2.42959 397 504 3.12894
71.9991 0.594628 0.315404 251 -37 0.4 0 0.729048 0.316238 314 150 502 162 332 272 573 262 393 119 2.42959 397 504 3.12894
72.0658 0.594628 0.315404 251 -37 0.4 0 0.729448 0.316238 314 150 502 163 331 272 573 262 393 119 2.42959 397 504 3.12894
72.1325 0.595913 0.315404 251 -37 0.4 0 0.729848 0.316238 314 150 502 163 331 272 573 262 392 120 2.37069 397 504 3.12894
72.1991 0.595913 0.315404 251 -37 0.4 0 0.730248 0.316238 314 150 502 163 331 272 573 262 391 120 2.37777 397 504 3.12894
72.2658 0.595913 0.315404 251 -37 0.4 0 0.730648 0.316238 314 150 502 163 331 272 573 262 392 120 2.42853 397 504 3.12894
72.3325 0.597712 0.315404 262 -37 0.4 0 0.731048 0.316238 314 150 502 163 331 272 573 262 392 120 2.45219 397 504 3.12894
72.3991 0.597712 0.315404 262 -37 0.4 0 0.731448 0.316238 313 150 501 163 331 272 573 263 391 120 2.45219 397 504 3.12894
72.4658 0.597712 0.315404 262 -37 0.4 0 0.731848 0.316238 313 150 501 163 331 272 573 263 391 120 2.45219 397 504 3.12894
72.5325 0.597712 0.315404 251 -37 0.4 0 0.732248 0.316238 313 150 501 163 331 273 573 263 391 120 2.45219 397 504 3.12894
72.5991 0.597712 0.315404 251 -37 0.4 0 0.732648 0.316238 313 150 501 164 330 273 573 263 391 121 2.4417 397 504 3.12894
72.6658 0.597712 0.315404 251 -37 0.4 0 0.733048 0.316238 313 150 501 164 330 273 574 262 390 121 2.43871 397 504 3.12894
72.7325 0.599769 0.315404 261 -37 0.4 0 0.733448 0.316238 313 150 501 164 330 273 573 263 390 121 2.46029 397 504 3.12894
72.7992 0.599769 0.315404 261 -37 0.4 0 0.733848 0.316238 312 150 500 165 330 272 573 263 390 121 2.46029 397 504 3.12894
72.8658 0.600283 0.315404 263 -37 0.4 0 0.734248 0.316238 312 150 500 165 330 272 573 263 390 121 2.46029 397 504 3.12894
72.9325 0.600283 0.315404 263 -37 0.4 0 0.734648 0.316238 311 150 500 165 330 272 573 263 389 123 2.47162 397 504 3.12894
72.9991 0.600283 0.315404 263 -37 0.4 0 0.735048 0.316238 311 151 500 165 330 273 573 263 389 123 2.46685 397 504 3.12894
73.0658 0.600283 0.315404 263 -37 0.4 0 0.735448 0.316238 312 150 499 166 329 273 573 262 390 123 2.49602 397 504 3.12894
73.1325 0.601568 0.315404 263 -38 0.4 0 0.735848 0.316238 311 151 500 166 329 273 574 262 390 122 2.494 397 504 3.12894
73.1991 0.601568 0.315404 263 -38 0.4 0 0.736248 0.316238 312 151 499 166 329 273 573 263 389 122 2.50435 397 504 3.12894
73.2658 0.601568 0.315404 263 -38 0.4 0 0.736648 0.316238 311 151 499 166 329 273 573 262 388 124 2.47162 397 504 3.12894
73.3325 0.602853 0.315404 262 -37 0.4 0 0.737048 0.316238 311 151 499 167 329 273 574 262 388 124 2.48778 397 504 3.12894
73.3991 0.602853 0.315404 262 -37 0.4 0 0.737448 0.316238 310 151 499 167 329 273 574 262 389 124 2.46525 397 504 3.12894
73.4658 0.602853 0.315404 262 -37 0.4 0 0.737848 0.316238 311 151 499 166 329 273 573 263 389 124 2.50221 397 504 3.12894
73.5325 0.603367 0.315404 249 -37 0.4 0 0.738248 0.316238 310 151 498 167 329 273 573 263 388 124 2.51657 397 504 3.12894
73.5991 0.603367 0.315404 249 -37 0.4 0 0.738648 0.316238 310 151 498 167 328 273 573 263 387 125 2.52839 397 504 3.12894
73.6658 0.603367 0.315404 249 -37 0.4 0 0.739048 0.316238 310 151 498 168 328 273 574 262 387 125 2.51657 397 504 3.12894
73.7325 0.605424 0.315404 223 -38 0.4 0 0.739448 0.316238 310 151 498 168 328 273 574 262 387 125 2.51428 397 504 3.12894
73.7991 0.605424 0.315404 223 -38 0.4 0 0.739848 0.316238 309 151 498 168 328 273 573 263 387 126 2.55359 397 504 3.12894
73.8658 0.605424 0.315404 223 -38 0.4 0 0.740248 0.316238 309 151 497 169 328 273 574 263 386 127 2.53087 397 504 3.12894
73.9325 0.607223 0.315404 247 -38 0.4 0 0.740648 0.316238 309 151 497 169 328 273 573 263 386 127 2.55638 397 504 3.12894
73.9991 0.607223 0.315404 247 -38 0.4 0 0.741048 0.316238 309 151 497 169 328 273 573 263 386 127 2.56779 397 504 3.12894
74.0658 0.607223 0.315404 247 -38 0.4 0 0.741448 0.316238 309 151 497 169 328 273 573 263 386 127 2.57088 397 504 3.12894
74.1325 0.60928 0.315404 248 -38 0.4 0 0.741848 0.316238 308 151 496 170 327 274 574 263 386 127 2.59061 397 504 3.12894
74.1991 0.60928 0.315404 248 -38 0.4 0 0.742248 0.316238 308 151 496 170 327 274 574 263 385 128 2.59403 397 504 3.12894
74.2658 0.60928 0.315404 248 -38 0.4 0 0.742648 0.316238 308 152 496 171 327 274 574 263 385 128 2.58519 397 504 3.12894
74.3325 0.60928 0.315404 245 -37 0.4 0 0.743048 0.316238 308 152 496 171 327 274 574 263 385 129 2.60987 397 504 3.12894
74.3991 0.60928 0.315404 245 -37 0.4 0 0.743448 0.316238 307 152 495 171 327 274 574 263 385 128 2.62245 397 504 3.12894
74.4658 0.60928 0.315404 245 -37 0.4 0 0.743848 0.316238 307 152 495 171 327 274 574 263 384 129 2.5994 397 504 3.12894
74.5325 0.610822 0.315404 242 -37 0.4 0 0.744248 0.316238 307 152 495 171 327 274 574 263 385 129 2.61865 397 504 3.1289
