34.9326 0.477154 0.313862 65 -64 0.4 0 0.60116 0.317981 405 139 588 134 390 261 599 261 497 91 1.45017 398 503 3.15409
34.9992 0.477154 0.313862 65 -64 0.4 0 0.60156 0.317981 405 139 588 134 390 261 599 262 496 91 1.46807 398 503 3.15409
35.0659 0.477154 0.313862 65 -64 0.4 0 0.60196 0.317981 405 138 588 134 390 261 600 262 497 91 1.44895 398 503 3.14159
35.1326 0.477154 0.315147 66 -64 0.4 0 0.60236 0.317981 405 139 588 134 390 261 599 262 497 91 1.43757 398 503 3.14159
35.1992 0.477154 0.315147 66 -64 0.4 0 0.60276 0.317981 405 139 588 134 390 261 599 262 497 91 1.4289 398 503 3.15409
35.2659 0.477154 0.315147 66 -64 0.4 0 0.60316 0.317981 405 138 588 134 389 261 599 261 497 90 1.46807 398 503 3.15409
35.3325 0.477926 0.315661 66 -63 0.4 0 0.60356 0.317981 405 139 588 134 389 261 600 262 497 91 1.4289 398 503 3.15409
35.3992 0.477926 0.315661 66 -63 0.4 0 0.60396 0.317981 405 139 588 134 389 261 599 262 497 91 1.4289 398 503 3.15409
35.4659 0.477926 0.315661 66 -63 0.4 0 0.60436 0.317981 405 139 588 134 389 261 599 262 497 91 1.4289 398 503 3.14159
35.5325 0.479468 0.315918 76 -66 0.4 0 0.60476 0.317981 405 139 588 134 389 261 599 262 496 92 1.44895 398 503 3.14159
35.5992 0.479468 0.315918 76 -66 0.4 0 0.60516 0.317981 405 139 588 134 389 261 600 262 496 91 1.45671 398 503 3.15409
35.6659 0.479468 0.315918 76 -66 0.4 0 0.60556 0.317981 405 139 588 134 389 261 600 261 496 91 1.46807 398 503 3.15409
35.7325 0.479468 0.315918 69 -67 0.4 0 0.60596 0.317981 405 139 588 134 389 261 600 262 496 91 1.44644 397 503 3.15425
35.7992 0.479468 0.315918 69 -67 0.4 0 0.60636 0.317981 405 139 588 134 389 261 600 261 496 91 1.45788 398 503 3.15409
35.8659 0.479468 0.315918 69 -67 0.4 0 0.60676 0.317981 405 139 588 134 389 261 600 262 496 91 1.44895 398 503 3.15409
35.9325 0.481267 0.315918 84 -67 0.4 0 0.60716 0.317981 405 139 588 134 389 261 600 262 496 91 1.43757 398 503 3.15409
35.9992 0.481267 0.315918 84 -67 0.4 0 0.60756 0.317981 405 139 588 134 389 261 600 261 496 91 1.44895 398 503 3.15409
36.0659 0.481267 0.315918 84 -67 0.4 0 0.60796 0.317981 405 139 588 134 389 261 600 261 496 91 1.44023 398 503 3.14159
36.1325 0.482295 0.315918 91 -67 0.4 0 0.60836 0.317981 405 139 587 134 389 261 600 261 496 92 1.45552 398 503 3.14159
36.1992 0.482295 0.315918 91 -67 0.4 0 0.60876 0.317981 404 139 587 134 389 261 600 262 496 91 1.47922 398 503 3.15409
36.2659 0.482295 0.315918 91 -67 0.4 0 0.60916 0.317981 404 139 587 134 389 261 600 262 496 91 1.45788 398 503 3.15409
36.3325 0.482553 0.315918 91 -67 0.4 0 0.60956 0.317981 404 139 587 134 389 261 600 261 496 92 1.43757 398 503 3.15409
36.3992 0.482553 0.315918 91 -67 0.4 0 0.60996 0.317981 404 139 588 135 389 261 600 262 496 92 1.44895 398 503 3.14159
36.4659 0.484095 0.315918 100 -67 0.4 0 0.61036 0.317981 404 139 588 135 389 261 600 261 496 91 1.47013 398 503 3.14159
36.5325 0.484095 0.315918 100 -67 0.4 0 0.61076 0.317981 404 139 588 135 389 261 600 261 495 92 1.45788 397 503 3.14159
36.5992 0.484095 0.315918 100 -67 0.4 0 0.61116 0.317981 404 139 588 135 389 261 600 261 495 92 1.45902 398 503 3.14159
36.6659 0.484095 0.315918 104 -67 0.4 0 0.61156 0.317981 404 139 588 135 389 261 600 261 495 92 1.45902 397 503 3.14159
36.7326 0.484095 0.315918 104 -67 0.4 0 0.61196 0.317981 404 139 588 135 388 261 600 262 496 92 1.45017 398 503 3.15409
36.7992 0.484095 0.315918 104 -67 0.4 0 0.61236 0.317981 404 139 587 135 388 261 600 262 496 92 1.45017 398 503 3.15409
36.8659 0.485637 0.315918 107 -67 0.4 0 0.61276 0.317981 404 139 587 135 388 261 600 262 496 92 1.44895 398 503 3.15409
36.9325 0.485637 0.315918 107 -67 0.4 0 0.61316 0.317981 404 139 587 135 388 261 600 262 496 92 1.44895 398 503 3.15409
36.9992 0.485637 0.315918 107 -67 0.4 0 0.61356 0.317981 404 139 587 135 388 261 600 262 495 91 1.47732 398 503 3.14159
37.0659 0.486922 0.315918 108 -67 0.4 0 0.61396 0.317981 403 139 587 135 388 261 599 261 495 92 1.46124 398 503 3.14159
37.1325 0.486922 0.315918 108 -67 0.4 0 0.61436 0.317981 403 139 586 135 388 261 599 262 495 92 1.44895 398 503 3.14159
37.1992 0.486922 0.315918 108 -67 0.4 0 0.61476 0.317981 403 139 586 135 388 261 599 262 494 91 1.48851 398 503 3.14159
37.2659 0.487694 0.315918 104 -67 0.4 0 0.61516 0.317981 403 139 586 135 388 261 599 262 494 92 1.47922 398 503 3.14159
37.3325 0.487694 0.315918 104 -67 0.4 0 0.61556 0.317981 403 139 586 135 388 261 599 261 494 92 1.46014 398 503 3.14159
37.3992 0.487694 0.315918 104 -67 0.4 0 0.61596 0.317981 402 139 586 135 387 261 599 262 494 92 1.47211 398 503 3.14159
37.4659 0.489236 0.315918 120 -67 0.4 0 0.61636 0.317981 402 139 586 135 387 261 599 262 493 92 1.50965 398 503 3.14159
37.5326 0.489236 0.315918 120 -67 0.4 0 0.61676 0.317981 402 139 586 135 387 261 599 262 493 92 1.47013 398 503 3.12909
37.5992 0.489236 0.315918 120 -67 0.4 0 0.61716 0.317981 402 139 586 135 387 261 599 262 493 92 1.47013 398 503 3.15409
37.6659 0.489493 0.315918 124 -67 0.4 0 0.61756 0.317981 402 139 585 135 387 261 599 262 493 92 1.46014 398 503 3.14159
37.7325 0.489493 0.315918 124 -67 0.4 0 0.61796 0.317981 401 139 585 135 387 261 599 262 493 92 1.46124 398 503 3.14159
37.7992 0.489493 0.315918 124 -67 0.4 0 0.61836 0.317981 401 139 585 135 387 261 599 262 493 92 1.47922 398 503 3.14159
37.8659 0.490521 0.315918 125 -67 0.4 0 0.61876 0.317981 401 139 585 135 387 261 599 261 493 92 1.45902 398 503 3.14159
37.9325 0.490521 0.315918 125 -67 0.4 0 0.61916 0.317981 401 139 585 135 387 261 599 262 493 92 1.47013 398 503 3.14159
37.9992 0.490521 0.315918 125 -67 0.4 0 0.61956 0.317981 401 139 584 135 386 261 598 262 492 92 1.46014 398 503 3.14159
38.0659 0.492321 0.315918 133 -67 0.4 0 0.61996 0.317981 401 139 584 135 386 261 598 262 492 92 1.47013 398 503 3.14159
38.1326 0.492321 0.315918 133 -67 0.4 0 0.62036 0.317981 400 139 584 135 386 261 599 262 492 92 1.47013 398 503 3.14159
38.1993 0.492321 0.315918 133 -67 0.4 0 0.62076 0.317981 400 139 584 135 386 261 598 262 492 93 1.46911 398 503 3.14159
38.2659 0.492321 0.315918 138 -67 0.4 0 0.62116 0.317981 400 139 584 135 386 261 598 262 492 92 1.45788 398 503 3.14159
38.3325 0.492321 0.315918 138 -67 0.4 0 0.62156 0.317981 400 139 583 135 386 261 598 262 491 93 1.46911 398 503 3.14159
38.3992 0.494377 0.315918 132 -67 0.4 0 0.62196 0.317981 400 139 583 135 386 261 598 262 490 93 1.48014 398 503 3.14159
38.4659 0.494377 0.315918 132 -67 0.4 0 0.62236 0.317981 399 139 583 135 386 261 598 262 491 92 1.46911 397 504 3.11628
38.5325 0.494377 0.315918 132 -67 0.4 0 0.62276 0.317981 399 139 583 135 386 261 598 262 490 92 1.48014 398 503 3.14159
38.5992 0.494634 0.315918 142 -66 0.4 0 0.62316 0.317981 400 139 583 135 386 261 598 262 491 92 1.46911 398 503 3.14159
38.6659 0.494634 0.315918 142 -66 0.4 0 0.62356 0.317981 399 139 583 135 385 261 598 262 491 92 1.49097 398 503 3.15409
38.7326 0.494634 0.315918 142 -66 0.4 0 0.62396 0.317981 399 139 583 135 385 261 597 261 490 93 1.49949 397 503 3.14159
38.7992 0.495662 0.315918 140 -67 0.4 0 0.62436 0.317981 399 139 583 135 385 261 598 262 489 92 1.56059 397 503 3.14159
38.8659 0.495662 0.315918 140 -67 0.4 0 0.62476 0.317981 399 139 582 136 385 261 597 261 489 93 1.48104 398 504 3.11596
38.9325 0.495662 0.315918 140 -67 0.4 0 0.62516 0.317981 399 139 583 135 385 261 598 261 489 92 1.50021 397 504 3.11628
38.9992 0.497462 0.315918 146 -67 0.4 0 0.62556 0.317981 398 139 582 135 385 261 597 261 488 92 1.50965 398 503 3.14159
39.0659 0.497462 0.315918 146 -67 0.4 0 0.62596 0.317981 398 139 582 135 385 261 597 262 489 92 1.49175 397 504 3.11628
39.1325 0.497462 0.315918 146 -67 0.4 0 0.62636 0.317981 398 139 582 135 385 261 597 262 489 93 1.48104 398 503 3.14159
39.1992 0.497462 0.315918 141 -67 0.4 0 0.62676 0.317981 398 139 582 135 385 261 597 262 488 92 1.5708 398 503 3.14159
39.2659 0.497462 0.315918 141 -67 0.4 0 0.62716 0.317981 398 138 582 135 385 261 597 262 488 92 1.5708 398 503 3.14159
39.3326 0.497462 0.315918 141 -67 0.4 0 0.62756 0.317981 397 139 581 135 384 261 597 262 488 93 1.50091 397 504 3.11628
39.4004 0.498747 0.315918 159 -66 0.4 0 0.62796 0.317981 397 139 581 135 384 261 597 262 488 93 1.50091 398 503 3.14159
39.4659 0.498747 0.315918 159 -66 0.4 0 0.62836 0.317981 397 139 581 135 384 261 597 262 488 93 1.50091 398 503 3.14159
39.5326 0.498747 0.315918 159 -66 0.4 0 0.62876 0.317981 397 139 581 135 384 261 597 262 487 92 1.5193 398 503 3.14159
39.5992 0.499004 0.315918 169 -67 0.4 0 0.62916 0.317981 397 139 581 135 384 261 596 262 487 92 1.59163 398 503 3.14159
39.6659 0.499004 0.315918 169 -67 0.4 0 0.62956 0.317981 396 139 580 135 384 261 596 262 487 93 1.50091 397 504 3.11628
39.7326 0.499004 0.315918 169 -67 0.4 0 0.62996 0.317981 396 139 580 135 384 261 596 262 487 93 1.50091 397 504 3.11628
39.7992 0.500546 0.315918 170 -67 0.4 0 0.63036 0.317981 396 139 580 135 384 261 596 262 487 93 1.48104 398 503 3.14159
39.8659 0.500546 0.315918 170 -67 0.4 0 0.63076 0.317981 396 139 580 135 384 261 596 262 486 92 1.58111 397 504 3.11628
39.9326 0.502346 0.315918 172 -67 0.4 0 0.63116 0.317981 395 139 579 135 384 261 595 262 486 93 1.49175 397 504 3.11628
39.9992 0.502346 0.315918 172 -67 0.4 0 0.63156 0.317981 395 139 579 135 383 261 595 262 484 92 1.5808 397 504 3.11628
40.0659 0.502346 0.315918 172 -67 0.4 0 0.63196 0.317981 394 139 579 135 383 261 595 262 485 92 1.5708 397 504 3.11628
40.1325 0.502346 0.315918 180 -67 0.4 0 0.63236 0.317981 394 139 579 135 383 261 595 262 484 92 1.5607 397 504 3.11628
40.1992 0.502346 0.315918 180 -67 0.4 0 0.63276 0.317981 394 139 579 135 383 261 595 262 485 93 1.49016 397 504 3.11628
40.2659 0.502346 0.315918 180 -67 0.4 0 0.63316 0.317981 393 139 577 135 382 261 594 261 484 93 1.48934 397 503 3.12894
40.3326 0.504145 0.315918 179 -68 0.4 0 0.63356 0.317981 393 139 577 135 382 261 594 261 484 93 1.53082 398 503 3.14159
40.3992 0.504145 0.315918 179 -68 0.4 0 0.63396 0.317981 393 139 577 135 382 261 594 261 483 93 1.5808 398 503 3.14159
40.4659 0.504145 0.315918 179 -68 0.4 0 0.63436 0.317981 393 139 577 135 382 261 594 261 483 93 1.52033 397 504 3.11628
40.5325 0.504145 0.315918 180 -67 0.4 0 0.63476 0.317981 393 139 577 135 382 261 594 262 482 93 1.581 397 504 3.11628
40.5993 0.504145 0.315918 180 -67 0.4 0 0.63516 0.317981 392 139 576 135 381 262 593 262 482 93 1.52033 397 504 3.11628
40.6659 0.504145 0.315918 180 -67 0.4 0 0.63556 0.317981 392 139 576 135 381 262 593 262 481 92 1.59141 397 504 3.11628
40.7325 0.50543 0.315918 184 -67 0.4 0 0.63596 0.317981 391 139 576 135 381 262 593 262 481 92 1.60204 398 503 3.14159
40.7992 0.50543 0.315918 184 -67 0.4 0 0.63636 0.317981 391 139 576 135 381 262 593 262 481 92 1.60204 397 504 3.11628
40.8659 0.50543 0.315918 184 -67 0.4 0 0.63676 0.317981 391 139 576 135 380 261 593 262 481 93 1.58111 397 504 3.11628
40.9325 0.50723 0.315918 192 -67 0.4 0 0.63716 0.317981 390 139 575 136 380 262 593 262 480 93 1.60204 397 504 3.11628
40.9992 0.50723 0.315918 192 -67 0.4 0 0.63756 0.317981 390 139 574 135 380 262 593 262 479 92 1.60204 398 503 3.14159
41.0659 0.50723 0.315918 192 -67 0.4 0 0.63796 0.317981 390 139 574 135 380 262 593 262 479 93 1.60079 397 504 3.11628
41.1326 0.50723 0.315918 197 -68 0.4 0 0.63836 0.317981 390 139 574 135 380 262 593 262 479 92 1.60204 397 504 3.11628
41.1992 0.50723 0.315918 197 -68 0.4 0 0.63876 0.317981 389 139 574 136 379 262 592 262 479 93 1.5809 397 504 3.11628
41.2659 0.50723 0.315918 197 -68 0.4 0 0.63916 0.317981 388 139 573 136 379 262 592 262 478 92 1.61288 397 504 3.11628
41.3326 0.509029 0.315918 198 -66 0.4 0 0.63956 0.317981 388 139 572 135 379 262 592 262 476 93 1.60204 397 504 3.11628
41.3992 0.509029 0.315918 198 -66 0.4 0 0.63996 0.317981 388 139 572 135 379 262 592 262 477 93 1.59079 398 503 3.14159
41.4659 0.509029 0.315918 198 -66 0.4 0 0.64036 0.317981 388 139 572 135 379 262 592 262 477 93 1.60109 397 504 3.11628
41.5325 0.509286 0.315918 209 -67 0.4 0 0.64076 0.317981 387 139 572 135 378 262 591 262 476 93 1.60109 397 504 3.11628
41.5992 0.509286 0.315918 209 -67 0.4 0 0.64116 0.317981 387 139 571 136 378 262 591 262 476 93 1.60109 397 504 3.11628
41.6659 0.510314 0.315918 206 -67 0.4 0 0.64156 0.317981 387 139 571 136 378 262 591 262 476 93 1.61159 397 504 3.11628
41.7326 0.510314 0.315918 206 -67 0.4 0 0.64196 0.317981 387 139 571 136 378 262 591 262 475 93 1.60109 397 504 3.11628
41.7992 0.510314 0.315918 206 -67 0.4 0 0.64236 0.317981 386 139 571 136 377 262 591 262 475 93 1.60109 397 504 3.11628
41.8659 0.512628 0.315918 204 -67 0.4 0 0.64276 0.317981 385 139 569 136 376 262 590 262 474 93 1.61159 397 504 3.11628
41.9325 0.512628 0.315918 204 -67 0.4 0 0.64316 0.317981 384 139 569 136 376 262 590 262 473 93 1.62283 398 503 3.14159
41.9992 0.512628 0.315918 204 -67 0.4 0 0.64356 0.317981 384 139 568 136 376 262 589 262 473 94 1.61038 397 503 3.12894
42.0659 0.512628 0.315918 216 -67 0.4 0 0.64396 0.317981 384 139 569 136 376 262 590 262 473 94 1.62075 397 504 3.11628
42.1326 0.512628 0.315918 216 -67 0.4 0 0.64436 0.317981 384 139 569 136 376 262 589 262 472 93 1.63257 397 503 3.12894
42.1992 0.512628 0.315918 216 -67 0.4 0 0.64476 0.317981 383 139 568 136 375 262 589 262 472 93 1.63257 397 504 3.11628
42.2659 0.51417 0.315918 203 -67 0.4 0 0.64516 0.317981 383 139 567 136 375 262 589 262 471 93 1.63257 397 504 3.11628
42.3325 0.51417 0.315918 203 -67 0.4 0 0.64556 0.317981 383 139 567 136 375 262 589 262 472 94 1.61159 397 504 3.11628
42.3992 0.51417 0.315918 203 -67 0.4 0 0.645961 0.317981 383 139 567 136 375 262 589 262 471 94 1.60049 397 504 3.11628
42.4659 0.514427 0.315918 216 -67 0.4 0 0.646361 0.317981 382 139 567 136 375 263 588 262 470 93 1.62126 397 504 3.11628
42.5326 0.514427 0.315918 216 -67 0.4 0 0.646761 0.317981 381 139 566 136 374 262 588 262 469 93 1.63257 397 504 3.11628
42.5992 0.514427 0.315918 216 -67 0.4 0 0.647161 0.317981 381 139 565 136 374 262 588 262 470 94 1.61078 397 504 3.11628
42.6659 0.515712 0.315918 215 -67 0.4 0 0.647561 0.317981 381 139 565 136 374 262 588 262 469 93 1.62126 397 504 3.11628
42.7325 0.515712 0.315918 215 -67 0.4 0 0.647961 0.317981 381 139 565 136 374 262 588 262 469 93 1.61118 397 504 3.11628
42.7992 0.515712 0.315918 215 -67 0.4 0 0.648361 0.317981 380 139 565 136 373 263 587 262 469 94 1.63133 397 504 3.11628
42.8659 0.517769 0.315918 215 -67 0.4 0 0.648761 0.317981 379 139 564 136 373 262 587 262 467 94 1.62126 397 504 3.11628
42.9325 0.517769 0.315918 215 -67 0.4 0 0.649161 0.317981 379 139 564 137 372 263 587 262 467 94 1.64358 397 504 3.1166
42.9992 0.517769 0.315918 215 -67 0.4 0 0.649561 0.317981 379 139 563 137 372 263 587 262 467 94 1.61078 397 504 3.11628
43.0659 0.517769 0.315918 201 -67 0.4 0 0.649961 0.317981 379 139 563 137 372 263 587 262 466 94 1.63072 397 503 3.12894
43.1326 0.517769 0.315918 201 -67 0.4 0 0.650361 0.317981 378 139 562 137 372 263 587 262 465 95 1.64358 397 504 3.11628
43.1992 0.517769 0.315918 201 -67 0.4 0 0.650761 0.317981 378 139 562 137 372 262 586 262 465 95 1.64984 397 504 3.11628
43.2659 0.519568 0.315918 222 -67 0.4 0 0.651161 0.317981 377 140 562 137 371 263 586 262 465 95 1.65063 397 504 3.12894
43.3325 0.519568 0.315918 222 -67 0.4 0 0.651561 0.317981 377 139 562 137 371 263 586 262 464 95 1.66238 397 504 3.19349
43.3992 0.519568 0.315918 222 -67 0.4 0 0.651961 0.317981 377 139 562 137 371 263 587 262 464 94 1.67353 397 504 3.12909
43.4659 0.520853 0.315918 222 -67 0.4 0 0.652361 0.317981 376 140 561 137 371 263 587 262 464 95 1.65063 397 504 3.11628
43.5325 0.520853 0.315918 222 -67 0.4 0 0.652761 0.317981 376 140 561 137 371 263 586 262 464 95 1.64984 397 503 3.12894
43.5992 0.52111 0.315918 221 -67 0.4 0 0.653161 0.317981 376 140 561 137 370 263 586 262 464 95 1.67146 397 504 3.19349
43.6659 0.52111 0.315918 221 -67 0.4 0 0.653561 0.317981 376 140 561 137 370 262 586 262 463 95 1.65308 397 504 3.19349
43.7326 0.52111 0.315918 221 -67 0.4 0 0.653961 0.317981 376 140 561 137 371 263 587 262 463 95 1.67353 397 503 3.12894
43.7992 0.522653 0.315918 227 -67 0.4 0 0.654361 0.317981 375 140 560 137 370 263 586 262 463 96 1.66427 397 503 3.12894
43.8659 0.522653 0.315918 227 -67 0.4 0 0.654761 0.317981 375 140 560 137 370 263 586 262 462 95 1.69264 397 504 3.12925
43.9325 0.522653 0.315918 227 -67 0.4 0 0.655161 0.317981 375 140 560 137 370 263 586 262 462 95 1.67353 397 504 3.14159
43.9992 0.522653 0.315918 226 -68 0.4 0 0.655561 0.317981 375 140 560 137 370 263 586 262 462 95 1.70402 397 504 3.14159
44.0659 0.522653 0.315918 226 -68 0.4 0 0.655961 0.317981 375 140 560 137 370 263 587 262 462 95 1.66948 397 504 3.12909
44.1325 0.522653 0.315918 226 -68 0.4 0 0.656361 0.317981 374 140 559 137 370 263 587 262 461 95 1.67353 397 504 3.12909
44.1992 0.524195 0.315918 235 -67 0.4 0 0.656761 0.317981 374 140 559 137 369 263 587 262 461 96 1.68036 397 504 3.12894
44.2659 0.524195 0.315918 235 -67 0.4 0 0.657161 0.317981 374 140 559 137 369 263 587 262 461 95 1.71269 397 503 3.12894
44.3326 0.524195 0.315918 235 -67 0.4 0 0.657561 0.317981 374 140 559 137 369 263 586 262 461 96 1.68145 397 504 3.19349
44.3992 0.525737 0.315918 232 -67 0.4 0 0.657961 0.317981 374 140 559 138 369 263 587 262 460 96 1.70539 397 504 3.19349
44.4659 0.525737 0.315918 232 -67 0.4 0 0.658361 0.317981 373 140 559 138 369 263 586 262 460 96 1.69388 397 504 3.12894
44.5325 0.525737 0.315918 232 -67 0.4 0 0.658761 0.317981 373 140 559 138 369 263 587 262 459 97 1.70136 398 504 3.12909
44.5992 0.526252 0.315661 231 -68 0.4 0 0.659161 0.317981 373 140 558 138 369 263 587 262 459 97 1.70136 397 504 3.12894
44.6659 0.526252 0.315661 231 -68 0.4 0 0.659561 0.317981 373 140 558 138 368 263 586 262 459 97 1.71269 397 504 3.12925
44.7325 0.526252 0.315661 231 -68 0.4 0 0.659961 0.317981 372 140 558 138 368 263 587 262 459 97 1.68905 397 504 3.12909
44.7992 0.528051 0.315918 239 -67 0.4 0 0.660361 0.317981 372 140 558 138 368 263 587 262 458 97 1.70136 397 504 3.12894
44.8659 0.528051 0.315918 239 -67 0.4 0 0.660761 0.317981 372 140 558 138 368 263 587 262 458 96 1.72422 398 504 3.14159
44.9326 0.528051 0.315918 239 -67 0.4 0 0.661161 0.317981 371 140 557 138 368 263 587 262 458 97 1.70136 397 504 3.18053
44.9992 0.528051 0.315918 223 -67 0.4 0 0.661561 0.317981 371 140 557 138 368 263 587 262 458 97 1.71269 397 504 3.18053
45.0659 0.528051 0.315918 223 -67 0.4 0 0.661961 0.317981 371 140 557 138 368 263 587 262 457 97 1.70268 397 504 3.14159
45.1325 0.529593 0.315918 238 -67 0.4 0 0.662361 0.317981 370 140 557 139 367 263 587 262 458 97 1.71269 397 504 3.12894
45.1992 0.529593 0.315918 238 -67 0.4 0 0.662761 0.317981 370 140 557 139 367 263 587 262 456 97 1.74606 397 504 3.12909
45.2659 0.529593 0.315918 238 -67 0.4 0 0.663161 0.317981 370 140 556 139 367 263 587 262 457 97 1.72117 397 504 3.12909
45.3326 0.531136 0.315918 249 -67 0.4 0 0.663561 0.317981 370 140 556 139 367 263 587 262 457 98 1.73103 397 504 3.14159
45.3992 0.531136 0.315918 249 -67 0.4 0 0.663961 0.317981 370 140 556 139 367 263 587 262 456 97 1.72117 397 504 3.18053
45.4659 0.531136 0.315918 249 -67 0.4 0 0.664361 0.317981 369 140 556 139 367 263 587 262 456 97 1.73427 397 504 3.18053
45.5326 0.531136 0.315918 249 -67 0.4 0 0.664761 0.317981 369 140 555 139 366 264 587 262 456 98 1.73263 397 504 3.12909
45.5992 0.531136 0.315918 249 -67 0.4 0 0.665161 0.317981 369 140 555 139 366 263 587 262 455 97 1.77829 397 504 3.12909
45.6659 0.531136 0.315918 249 -67 0.4 0 0.665561 0.317981 369 140 555 139 366 264 587 262 455 98 1.76422 397 504 3.14159
45.7325 0.533706 0.315661 244 -67 0.4 0 0.665961 0.317981 368 140 555 140 365 264 587 262 453 98 1.76422 397 504 3.14159
45.7992 0.533706 0.315661 244 -67 0.4 0 0.666361 0.317981 367 140 554 140 365 264 587 262 453 97 1.76819 397 504 3.12909
45.8659 0.533706 0.315661 244 -67 0.4 0 0.666761 0.317981 367 140 554 140 365 264 587 262 454 98 1.75428 397 504 3.12909
45.9326 0.533963 0.315918 219 -68 0.4 0 0.667161 0.317981 367 140 554 140 365 264 587 262 454 99 1.75245 397 504 3.12909
45.9992 0.533963 0.315918 219 -68 0.4 0 0.667561 0.317981 366 141 553 140 365 264 587 262 453 99 1.76422 397 504 3.14159
46.0659 0.533963 0.315918 219 -68 0.4 0 0.667961 0.317981 366 141 553 140 364 264 587 262 452 100 1.77211 397 504 3.12894
46.1326 0.536277 0.315661 230 -67 0.4 0 0.668361 0.317981 366 141 553 140 364 264 587 262 451 99 1.79836 397 504 3.14159
46.1992 0.536277 0.315661 230 -67 0.4 0 0.668761 0.317981 366 141 553 140 364 264 587 262 452 100 1.78615 397 504 3.12894
46.2659 0.536277 0.315661 230 -67 0.4 0 0.669161 0.317981 365 140 553 140 364 264 587 262 451 99 1.81324 397 503 3.12877
46.3325 0.537562 0.315918 236 -70 0.4 0 0.669561 0.317981 365 141 552 140 364 264 587 262 451 99 1.79836 397 503 3.12877
46.3998 0.537562 0.315918 236 -70 0.4 0 0.669961 0.317981 365 141 552 140 363 264 587 262 451 100 1.77211 397 504 3.12894
46.4659 0.537562 0.315918 236 -70 0.4 0 0.670361 0.317981 364 140 552 140 363 264 588 262 450 100 1.77982 397 504 3.12894
46.5326 0.537819 0.315918 232 -68 0.4 0 0.670761 0.317981 364 140 552 140 363 264 587 262 450 100 1.77982 397 504 3.14159
46.5992 0.537819 0.315918 232 -68 0.4 0 0.671161 0.317981 364 141 551 140 363 264 587 262 450 100 1.82077 397 504 3.12894
46.6659 0.537819 0.315918 232 -68 0.4 0 0.671561 0.317981 364 141 551 141 363 264 587 262 449 100 1.82335 397 504 3.12894
46.7326 0.539618 0.315918 243 -68 0.4 0 0.671961 0.317981 363 140 551 141 363 264 587 262 449 101 1.77211 397 504 3.14159
46.7992 0.539618 0.315918 243 -68 0.4 0 0.672361 0.317981 363 141 551 141 362 264 587 262 449 101 1.78615 397 504 3.12894
46.8659 0.539618 0.315918 229 -67 0.4 0 0.672761 0.317981 363 141 551 141 362 264 587 262 448 101 1.80361 397 504 3.14159
46.9326 0.539618 0.315918 229 -67 0.4 0 0.673161 0.317981 363 141 551 141 363 264 588 262 448 101 1.81577 397 504 3.12894
46.9992 0.539618 0.315918 229 -67 0.4 0 0.673561 0.317981 362 141 550 141 363 264 587 262 447 100 1.83074 397 504 3.12894
47.0659 0.541675 0.315918 236 -68 0.4 0 0.673961 0.317981 362 141 550 141 362 264 587 262 447 101 1.83268 397 504 3.12894
47.1325 0.541675 0.315918 236 -68 0.4 0 0.674361 0.317981 362 141 550 141 362 265 587 262 447 101 1.83268 397 504 3.12894
47.1992 0.541675 0.315918 236 -68 0.4 0 0.674761 0.317981 362 141 550 141 362 265 587 262 447 101 1.84622 397 504 3.12894
47.2659 0.541932 0.315661 239 -67 0.4 0 0.675161 0.317981 361 141 549 142 362 265 588 263 447 102 1.82304 397 504 3.12894
47.3325 0.541932 0.315661 239 -67 0.4 0 0.675561 0.317981 360 141 549 142 361 264 587 262 446 102 1.83268 397 504 3.12894
47.3992 0.541932 0.315661 239 -67 0.4 0 0.675961 0.317981 360 141 548 142 361 264 587 262 446 103 1.83268 397 503 3.12877
47.4659 0.543474 0.315661 238 -67 0.4 0 0.676361 0.317981 360 141 548 142 361 264 587 262 445 102 1.85335 397 504 3.12894
47.5325 0.543474 0.315661 238 -67 0.4 0 0.676761 0.317981 360 141 548 142 361 265 587 262 445 102 1.84227 397 504 3.12894
47.5992 0.543474 0.315661 238 -67 0.4 0 0.677161 0.317981 359 141 548 142 360 265 587 262 445 102 1.85459 397 504 3.12894
47.6659 0.545788 0.315918 236 -68 0.4 0 0.677561 0.317981 359 141 547 142 360 265 587 262 444 103 1.87004 397 504 3.12894
47.7325 0.545788 0.315918 236 -68 0.4 0 0.677961 0.317981 359 141 547 142 360 265 587 262 444 103 1.85459 397 504 3.14159
47.7992 0.545788 0.315918 236 -68 0.4 0 0.678361 0.317981 359 141 547 143 360 264 587 262 444 103 1.85459 397 504 3.12894
47.8659 0.545788 0.315918 239 -67 0.4 0 0.678761 0.317981 359 141 547 143 360 264 587 262 443 103 1.87004 397 504 3.11596
47.9325 0.545788 0.315918 239 -67 0.4 0 0.679161 0.317981 358 141 547 143 359 265 587 262 443 103 1.90219 397 504 3.12894
47.9992 0.547587 0.315918 242 -67 0.4 0 0.679561 0.317981 358 141 546 143 359 265 587 262 442 103 1.90219 397 504 3.14159
48.0659 0.547587 0.315918 242 -67 0.4 0 0.679961 0.317981 358 141 546 143 359 265 587 262 442 103 1.90219 397 504 3.12894
48.1325 0.547587 0.315918 242 -67 0.4 0 0.680361 0.317981 357 141 546 143 359 265 587 262 442 103 1.91868 397 504 3.12894
48.1992 0.547844 0.315918 246 -67 0.4 0 0.680761 0.317981 357 142 546 143 359 265 587 262 442 103 1.92836 397 504 3.12894
48.2659 0.547844 0.315918 246 -67 0.4 0 0.681161 0.317981 357 141 545 144 358 265 587 262 441 104 1.88622 397 504 3.12894
48.3326 0.547844 0.315918 246 -67 0.4 0 0.681561 0.317981 357 142 545 143 358 265 587 262 440 104 1.91868 397 504 3.11596
48.3992 0.549129 0.315918 247 -67 0.4 0 0.681961 0.317981 356 142 545 144 358 265 587 262 440 104 1.93797 397 504 3.12894
48.4659 0.549129 0.315918 247 -67 0.4 0 0.682361 0.317981 356 142 544 144 358 265 588 262 440 104 1.94548 397 504 3.11596
48.5325 0.549129 0.315918 247 -67 0.4 0 0.682761 0.317981 356 142 544 144 358 265 588 262 440 104 1.94934 397 504 3.11596
48.5992 0.550929 0.315918 241 -67 0.4 0 0.683161 0.317981 355 142 544 144 358 265 587 262 439 105 1.94378 397 504 3.11596
48.6659 0.550929 0.315918 241 -67 0.4 0 0.683561 0.317981 355 142 544 144 358 265 588 262 439 105 1.94378 397 504 3.11596
48.7325 0.550929 0.315918 241 -67 0.4 0 0.683961 0.317981 355 142 543 144 357 266 587 262 439 105 1.92723 397 504 3.11596
48.7992 0.550929 0.315918 230 -68 0.4 0 0.684361 0.317981 355 142 544 145 357 265 587 262 439 105 1.92723 397 504 3.11596
48.8659 0.550929 0.315918 230 -68 0.4 0 0.684761 0.317981 355 142 543 145 357 265 588 262 438 105 1.93797 397 504 3.11596
48.9326 0.550929 0.315918 230 -68 0.4 0 0.685161 0.317981 354 142 543 145 357 265 588 262 438 106 1.9587 397 504 3.11596
48.9992 0.552728 0.315918 246 -67 0.4 0 0.685561 0.317981 354 142 543 145 357 265 588 262 437 106 1.92723 397 504 3.11596
49.0659 0.552728 0.315918 246 -67 0.4 0 0.685961 0.317981 353 142 543 145 357 265 588 262 437 106 1.94751 397 504 3.11596
49.1325 0.552728 0.315918 246 -67 0.4 0 0.686361 0.317981 353 142 542 145 357 266 588 262 437 105 1.96479 397 504 3.11596
49.1992 0.55427 0.315918 246 -67 0.4 0 0.686761 0.317981 353 142 542 145 357 266 588 262 437 107 1.94378 397 504 3.11596
49.2659 0.55427 0.315918 246 -67 0.4 0 0.687161 0.317981 353 142 542 146 356 266 588 262 436 106 1.9625 397 504 3.11596
49.3325 0.55427 0.315918 246 -67 0.4 0 0.687561 0.317981 352 142 542 146 356 265 588 262 436 107 1.9625 397 504 3.12894
49.3994 0.55427 0.315918 261 -68 0.4 0 0.687961 0.317981 352 142 542 146 356 265 588 262 436 107 1.9625 397 504 3.11596
49.4659 0.55427 0.315918 261 -68 0.4 0 0.688361 0.317981 352 142 542 146 356 265 588 262 436 107 1.9587 397 504 3.11596
49.5326 0.55427 0.315918 261 -68 0.4 0 0.688761 0.317981 352 142 542 146 356 265 588 262 436 107 1.9797 397 504 3.11596
49.5992 0.55607 0.315661 244 -68 0.4 0 0.689161 0.317981 352 142 541 146 355 266 588 262 435 108 1.97175 397 504 3.11596
49.6659 0.55607 0.315661 244 -68 0.4 0 0.689561 0.317981 351 142 540 146 355 266 588 262 434 106 2.02984 397 504 3.12877
49.7325 0.55607 0.315661 244 -68 0.4 0 0.689961 0.317981 351 143 541 146 355 266 588 262 434 107 2.02531 397 504 3.11596
49.7992 0.556327 0.315918 216 -70 0.4 0 0.690361 0.317981 351 143 541 146 355 266 588 262 434 107 2.02531 397 504 3.11596
49.8659 0.556327 0.315918 216 -70 0.4 0 0.690761 0.317981 351 142 540 147 355 266 588 262 434 108 1.98902 397 504 3.11596
49.9325 0.558126 0.315661 243 -68 0.4 0 0.691161 0.317981 351 143 540 147 355 266 588 262 433 108 2.02531 397 504 3.11596
49.9992 0.558126 0.315661 243 -68 0.4 0 0.691561 0.317981 350 143 539 147 355 266 588 262 433 108 2.02087 397 504 3.11596
50.0659 0.558126 0.315661 243 -68 0.4 0 0.691961 0.317981 350 142 539 147 354 266 588 262 433 107 2.04846 397 504 3.11596
50.1326 0.559668 0.315918 250 -69 0.4 0 0.692361 0.317981 350 142 539 147 354 266 588 262 433 107 2.02984 397 504 3.11596
50.1993 0.559668 0.315918 250 -69 0.4 0 0.692761 0.317981 350 143 539 147 354 266 588 262 433 109 1.98902 397 504 3.11596
50.2659 0.559668 0.315918 250 -69 0.4 0 0.693161 0.317981 349 142 538 147 354 266 588 262 432 108 2.04846 397 504 3.11596
50.3325 0.559668 0.315918 245 -67 0.4 0 0.693561 0.317981 349 142 538 147 354 266 588 262 432 110 2.02531 397 504 3.11596
50.3992 0.559668 0.315918 245 -67 0.4 0 0.693961 0.317981 349 142 538 147 354 266 588 262 431 108 2.02984 397 504 3.11596
50.4659 0.559668 0.315918 245 -67 0.4 0 0.694361 0.317981 349 143 538 147 353 266 588 262 431 109 2.02984 397 504 3.11596
50.5326 0.561982 0.315661 245 -70 0.4 0 0.694761 0.317981 348 143 538 148 353 266 588 262 431 109 2.05246 397 504 3.11596
50.5992 0.561982 0.315661 245 -70 0.4 0 0.695161 0.317981 348 143 537 148 353 266 588 262 430 110 2.03444 397 504 3.11596
50.6659 0.561982 0.315661 245 -70 0.4 0 0.695561 0.317981 347 143 537 148 353 266 588 262 430 110 2.06261 397 504 3.11596
50.7326 0.561982 0.315918 224 -69 0.4 0 0.695961 0.317981 347 143 537 148 352 266 588 262 430 111 2.03444 397 504 3.11596
50.7992 0.561982 0.315918 224 -69 0.4 0 0.696361 0.317981 347 143 537 149 352 266 588 262 429 111 2.05246 397 504 3.11596
50.8659 0.561982 0.315918 224 -69 0.4 0 0.696761 0.317981 346 143 536 149 352 266 588 262 429 111 2.07096 397 504 3.11596
50.9325 0.564038 0.315918 242 -70 0.4 0 0.697161 0.317981 346 143 536 149 352 266 588 262 429 111 2.07987 397 504 3.12894
50.9992 0.564038 0.315918 242 -70 0.4 0 0.697561 0.317981 346 143 536 149 352 266 588 262 428 111 2.05717 397 504 3.11596
51.0659 0.564038 0.315918 242 -70 0.4 0 0.697961 0.317981 346 143 536 149 351 266 588 262 428 111 2.05717 397 504 3.11596
51.1325 0.566095 0.315918 239 -69 0.4 0 0.698361 0.317981 345 144 535 149 351 267 588 262 428 112 2.07987 397 504 3.11596
51.1992 0.566095 0.315918 239 -69 0.4 0 0.698761 0.317981 345 143 535 150 351 267 588 262 427 112 2.10771 397 504 3.11596
51.2659 0.566095 0.315918 239 -69 0.4 0 0.699161 0.317981 344 143 535 150 351 267 588 262 427 111 2.13272 397 504 3.11596
51.3326 0.566352 0.315918 238 -67 0.4 0 0.699561 0.317981 345 143 535 150 351 267 588 262 427 113 2.11463 397 504 3.11596
51.3992 0.566352 0.315918 238 -67 0.4 0 0.699961 0.317981 344 144 534 150 351 267 588 262 427 112 2.13595 397 504 3.12894
51.4659 0.566352 0.315918 238 -67 0.4 0 0.700361 0.317981 344 144 534 150 351 267 588 262 426 113 2.09887 397 504 3.12894
51.5326 0.567894 0.315661 240 -70 0.4 0 0.700761 0.317981 344 143 533 150 351 267 588 262 426 113 2.10252 397 504 3.11596
51.5992 0.567894 0.315661 240 -70 0.4 0 0.701161 0.317981 343 144 534 151 350 267 588 262 425 113 2.1272 397 504 3.12894
51.6659 0.567894 0.315661 243 -68 0.4 0 0.701561 0.317981 343 143 533 151 350 267 588 262 425 113 2.13272 397 504 3.11596
51.7325 0.567894 0.315661 243 -68 0.4 0 0.701961 0.317981 343 144 533 151 350 267 588 263 425 114 2.1446 397 504 3.11596
51.7992 0.567894 0.315661 243 -68 0.4 0 0.702361 0.317981 343 144 533 151 350 267 588 262 424 114 2.11645 397 504 3.11596
51.8659 0.569436 0.315661 243 -70 0.4 0 0.702761 0.317981 343 144 533 151 350 267 588 262 424 114 2.14151 397 504 3.12894
51.9325 0.569436 0.315661 243 -70 0.4 0 0.703161 0.317981 342 144 532 151 350 267 588 262 424 114 2.13595 397 504 3.12894
51.9992 0.569436 0.315661 243 -70 0.4 0 0.703561 0.317981 342 144 532 151 350 267 588 262 423 114 2.12834 397 504 3.12894
52.0659 0.571236 0.315918 238 -69 0.4 0 0.703961 0.317981 342 144 532 152 349 267 588 262 424 115 2.1251 397 504 3.12894
52.1325 0.571236 0.315918 238 -69 0.4 0 0.704361 0.317981 342 144 532 152 349 267 588 262 423 115 2.16161 397 504 3.11596
52.1992 0.571236 0.315918 238 -69 0.4 0 0.704762 0.317981 341 144 531 152 349 267 588 262 422 115 2.18152 397 504 3.12894
52.2659 0.57175 0.315918 238 -71 0.4 0 0.705162 0.317981 341 144 531 152 349 267 588 262 422 115 2.1757 397 504 3.12894
52.3325 0.57175 0.315918 238 -71 0.4 0 0.705562 0.317981 341 144 531 152 349 267 588 262 422 115 2.1757 397 504 3.12894
52.3992 0.57175 0.315918 238 -71 0.4 0 0.705962 0.317981 341 144 531 152 348 267 588 262 422 116 2.16997 397 504 3.11596
52.4659 0.573549 0.315661 245 -72 0.4 0 0.706362 0.317981 340 144 530 153 348 267 588 262 421 115 2.19221 397 504 3.12894
52.5325 0.573549 0.315661 245 -72 0.4 0 0.706762 0.317981 340 144 530 153 348 267 588 262 421 116 2.18642 397 504 3.12894
52.5992 0.573549 0.315661 245 -72 0.4 0 0.707162 0.317981 340 144 530 153 348 267 588 262 421 116 2.184 397 504 3.12894
52.6659 0.573549 0.315661 233 -71 0.4 0 0.707562 0.317981 340 144 530 153 348 268 588 262 421 115 2.22906 397 504 3.12894
52.7325 0.573549 0.315661 233 -71 0.4 0 0.707962 0.317981 339 144 529 153 347 268 588 262 421 116 2.20803 397 504 3.12894
52.7992 0.573549 0.315661 233 -71 0.4 0 0.708362 0.317981 339 145 529 154 347 268 588 262 420 117 2.1945 397 504 3.12894
52.8659 0.575349 0.315661 251 -71 0.4 0 0.708762 0.317981 339 145 529 154 347 267 588 262 420 116 2.26019 397 504 3.12894
52.9326 0.575349 0.315661 251 -71 0.4 0 0.709162 0.317981 339 145 529 154 347 267 588 263 420 116 2.24554 397 504 3.12894
52.9992 0.575349 0.315661 251 -71 0.4 0 0.709562 0.317981 339 145 529 154 347 267 588 262 420 117 2.24714 397 504 3.12894
53.0659 0.576891 0.315661 247 -72 0.4 0 0.709962 0.317981 338 144 529 154 346 268 588 263 420 117 2.2143 397 504 3.12894
53.1325 0.576891 0.315661 247 -72 0.4 0 0.710362 0.317981 338 145 529 154 346 268 588 262 419 117 2.26019 397 504 3.12894
53.1992 0.576891 0.315661 247 -72 0.4 0 0.710762 0.317981 338 145 528 155 346 268 588 262 418 118 2.22832 397 504 3.12894
53.2659 0.577405 0.315661 248 -70 0.4 0 0.711162 0.317981 338 145 528 155 346 268 588 262 419 118 2.2143 397 504 3.12894
53.3326 0.577405 0.315661 248 -70 0.4 0 0.711562 0.317981 337 144 528 155 346 268 588 262 419 118 2.2143 397 504 3.12894
53.3992 0.577405 0.315661 248 -70 0.4 0 0.711962 0.317981 337 145 527 155 346 268 588 262 418 118 2.27368 397 504 3.12894
53.4659 0.579204 0.315661 243 -72 0.4 0 0.712362 0.317981 337 145 527 155 346 268 588 262 417 119 2.2424 397 504 3.12894
53.5326 0.579204 0.315661 243 -72 0.4 0 0.712762 0.317981 337 145 527 156 346 268 588 262 417 119 2.2424 397 504 3.12894
53.5993 0.579461 0.315661 229 -72 0.4 0 0.713162 0.317981 336 145 527 156 346 268 588 262 417 119 2.2424 397 504 3.12894
53.6659 0.579461 0.315661 229 -72 0.4 0 0.713562 0.317981 336 145 527 156 345 268 588 262 417 119 2.2424 397 504 3.12894
53.7325 0.579461 0.315661 229 -72 0.4 0 0.713962 0.317981 336 145 526 157 345 268 588 262 417 119 2.2424 397 504 3.12894
53.7992 0.581775 0.315661 239 -72 0.4 0 0.714362 0.317981 336 145 526 157 345 268 588 262 417 119 2.2424 397 504 3.12894
53.8659 0.581775 0.315661 239 -72 0.4 0 0.714762 0.317981 335 145 526 157 345 268 588 262 417 119 2.2424 397 504 3.12894
53.9325 0.581775 0.315661 239 -72 0.4 0 0.715162 0.317981 335 145 526 157 345 268 588 262 416 120 2.29154 397 504 3.12894
53.9992 0.58306 0.315661 244 -72 0.4 0 0.715562 0.317981 335 145 526 157 345 268 588 262 416 120 2.29154 397 504 3.12894
54.0659 0.58306 0.315661 244 -72 0.4 0 0.715962 0.317981 335 145 525 157 344 268 588 262 416 120 2.29154 397 504 3.12894
54.1326 0.58306 0.315661 244 -72 0.4 0 0.716362 0.317981 335 145 525 157 344 268 588 262 415 121 2.30514 397 504 3.12894
54.1992 0.583317 0.315661 243 -72 0.4 0 0.716762 0.317981 334 145 525 157 344 269 588 262 415 121 2.30588 397 504 3.12894
54.2674 0.583317 0.315661 243 -72 0.4 0 0.717162 0.317981 334 145 525 157 344 269 588 262 415 121 2.30588 397 504 3.12894
54.3325 0.583317 0.315661 243 -72 0.4 0 0.717562 0.317981 334 145 525 158 344 268 588 262 415 121 2.30588 397 504 3.12894
54.3992 0.585631 0.315661 237 -72 0.4 0 0.717962 0.317981 334 145 524 158 344 268 588 262 414 121 2.40724 397 504 3.12894
54.4659 0.585631 0.315661 237 -72 0.4 0 0.718362 0.317981 334 146 524 158 343 268 589 262 413 121 2.42276 397 504 3.12894
54.5325 0.585631 0.315661 237 -72 0.4 0 0.718762 0.317981 333 146 524 159 343 269 588 262 413 121 2.42276 397 504 3.12894
54.5992 0.585631 0.315661 214 -72 0.4 0 0.719162 0.317981 333 146 524 159 343 269 588 262 413 121 2.42276 397 504 3.12894
54.6659 0.585631 0.315661 214 -72 0.4 0 0.719562 0.317981 332 146 523 159 343 269 588 263 413 122 2.41495 397 504 3.12894
54.7326 0.585631 0.315661 214 -72 0.4 0 0.719962 0.317981 332 146 523 159 343 269 588 262 412 122 2.44551 397 504 3.12894
54.7992 0.587173 0.315661 242 -72 0.4 0 0.720362 0.317981 332 146 523 159 343 269 588 262 412 122 2.43871 397 504 3.12894
54.8659 0.587173 0.315661 242 -72 0.4 0 0.720762 0.317981 332 146 523 160 343 269 588 262 412 122 2.43871 397 504 3.12894
54.9325 0.587173 0.315661 242 -72 0.4 0 0.721162 0.317981 332 146 523 160 343 269 588 262 412 122 2.43871 397 504 3.12894
54.9992 0.588458 0.315661 238 -72 0.4 0 0.721562 0.317981 332 146 522 160 342 269 588 262 411 124 2.45363 397 504 3.12894
55.0659 0.588458 0.315661 238 -72 0.4 0 0.721962 0.317981 331 146 522 160 342 269 588 262 411 123 2.46186 397 504 3.12894
55.1326 0.588972 0.315661 238 -72 0.4 0 0.722362 0.317981 331 146 522 160 342 269 588 262 411 123 2.46029 397 504 3.12894
55.1992 0.588972 0.315661 238 -72 0.4 0 0.722762 0.317981 331 146 522 160 342 269 588 262 411 123 2.46029 397 504 3.12894
55.2659 0.588972 0.315661 238 -72 0.4 0 0.723162 0.317981 331 146 522 160 342 269 588 262 411 125 2.43297 397 504 3.12894
55.3326 0.590258 0.315661 248 -72 0.4 0 0.723562 0.317981 331 146 522 160 341 269 588 262 411 124 2.48146 397 504 3.12894
55.3992 0.590258 0.315661 248 -72 0.4 0 0.723962 0.317981 331 146 521 161 341 269 588 262 410 124 2.4685 397 504 3.12894
55.4659 0.590258 0.315661 248 -72 0.4 0 0.724362 0.317981 330 146 521 161 341 269 588 262 410 124 2.4685 397 504 3.12894
55.5325 0.590515 0.315661 225 -72 0.4 0 0.724762 0.317981 330 146 521 161 341 269 588 262 410 124 2.4685 397 504 3.12894
55.5992 0.590515 0.315661 225 -72 0.4 0 0.725162 0.317981 330 146 521 161 341 269 588 262 409 126 2.47965 397 504 3.12894
55.6659 0.590515 0.315661 225 -72 0.4 0 0.725562 0.317981 330 147 520 162 341 269 588 262 410 125 2.51051 397 504 3.12894
55.7326 0.592828 0.315661 245 -72 0.4 0 0.725962 0.317981 329 147 520 162 340 270 589 262 409 127 2.494 397 504 3.12894
55.7992 0.592828 0.315661 245 -72 0.4 0 0.726362 0.317981 329 146 520 163 340 270 588 262 408 127 2.494 397 504 3.12894
55.8659 0.592828 0.315661 245 -72 0.4 0 0.726762 0.317981 329 146 520 163 340 270 588 262 408 127 2.494 397 504 3.12894
55.9325 0.594371 0.315661 248 -72 0.4 0 0.727162 0.317981 328 147 520 163 340 270 589 262 408 127 2.53342 397 504 3.12894
55.9992 0.594371 0.315661 248 -72 0.4 0 0.727562 0.317981 328 147 519 163 340 269 588 262 408 127 2.54784 397 504 3.12894
56.0659 0.594371 0.315661 248 -72 0.4 0 0.727962 0.317981 328 147 519 163 339 270 589 262 407 128 2.50614 397 504 3.12894
56.1325 0.594371 0.315661 249 -72 0.4 0 0.728362 0.317981 328 147 519 164 339 270 588 262 407 128 2.53669 397 504 3.12894
56.1992 0.594371 0.315661 249 -72 0.4 0 0.728762 0.317981 328 147 519 164 339 270 588 262 407 128 2.52839 397 504 3.12894
56.2659 0.594371 0.315661 249 -72 0.4 0 0.729162 0.317981 327 147 519 164 339 270 588 262 407 128 2.55648 397 504 3.12894
56.3326 0.59617 0.315661 254 -72 0.4 0 0.729562 0.317981 327 147 518 164 339 270 588 262 406 128 2.56219 397 504 3.12894
56.3992 0.59617 0.315661 254 -72 0.4 0 0.729962 0.317981 327 147 518 164 338 270 588 262 407 128 2.58519 397 504 3.12894
56.4659 0.59617 0.315661 254 -72 0.4 0 0.730362 0.317981 327 147 518 164 338 270 588 262 406 130 2.542 397 504 3.12894
56.5326 0.595913 0.315661 237 -72 0.4 0 0.730762 0.317981 327 147 518 165 338 270 588 262 406 129 2.53342 397 504 3.12894
56.5992 0.595913 0.315661 237 -72 0.4 0 0.731162 0.317981 327 147 518 165 338 270 588 262 405 129 2.55359 397 504 3.12894
56.6659 0.595913 0.315661 237 -72 0.4 0 0.731562 0.317981 326 148 517 165 338 270 589 262 405 129 2.60297 397 504 3.12894
56.7325 0.598226 0.315661 246 -72 0.4 0 0.731962 0.317981 326 147 517 166 338 270 588 262 406 130 2.58299 397 504 3.12894
56.7992 0.598226 0.315661 246 -72 0.4 0 0.732362 0.317981 326 147 517 166 337 270 588 262 405 131 2.55359 397 504 3.12894
56.8659 0.599769 0.315661 252 -72 0.4 0 0.732762 0.317981 326 147 517 166 337 270 588 262 405 130 2.55648 397 504 3.12894
56.9326 0.599769 0.315661 252 -72 0.4 0 0.733162 0.317981 326 147 516 166 337 270 588 262 404 131 2.5994 397 504 3.12894
56.9992 0.599769 0.315661 252 -72 0.4 0 0.733562 0.317981 325 147 516 166 337 270 588 262 404 131 2.58856 397 504 3.12894
57.0659 0.600026 0.315661 252 -71 0.4 0 0.733962 0.317981 325 148 516 167 337 270 588 262 405 131 2.612 397 504 3.12894
57.1325 0.600026 0.315661 252 -71 0.4 0 0.734362 0.317981 324 148 516 167 337 271 589 262 404 132 2.59061 397 504 3.12894
57.1992 0.600026 0.315661 252 -71 0.4 0 0.734762 0.317981 324 148 516 167 337 271 588 262 404 132 2.60468 397 504 3.12894
57.2659 0.602339 0.315661 248 -72 0.4 0 0.735162 0.317981 324 148 515 167 336 270 589 262 403 132 2.65043 397 504 3.12894
57.3325 0.602339 0.315661 248 -72 0.4 0 0.735562 0.317981 324 148 515 168 336 271 589 262 403 133 2.63036 397 504 3.12894
57.3992 0.602339 0.315661 248 -72 0.4 0 0.735962 0.317981 324 148 515 168 336 271 588 262 403 132 2.63969 397 504 3.12894
57.4659 0.602339 0.315661 220 -72 0.4 0 0.736362 0.317981 324 148 515 168 336 271 588 262 403 133 2.66393 397 504 3.12894
57.5326 0.602339 0.315661 220 -72 0.4 0 0.736762 0.317981 323 148 515 168 335 271 588 262 402 133 2.64143 397 504 3.12894
57.5992 0.602339 0.315661 220 -72 0.4 0 0.737162 0.317981 323 148 514 169 335 271 588 262 402 135 2.6237 397 504 3.12894
57.6659 0.604139 0.315661 247 -72 0.4 0 0.737562 0.317981 323 148 514 169 335 271 588 262 402 135 2.64143 397 504 3.12894
57.7325 0.604139 0.315661 247 -72 0.4 0 0.737962 0.317981 323 148 514 169 335 271 588 262 402 135 2.63252 397 504 3.12894
57.7992 0.604139 0.315661 247 -72 0.4 0 0.738362 0.317981 323 148 514 169 335 271 588 262 401 135 2.63743 397 504 3.12894
57.8659 0.605681 0.315661 233 -72 0.4 0 0.738762 0.317981 323 148 513 170 334 271 588 262 402 135 2.68266 397 504 3.12894
57.9325 0.605681 0.315661 233 -72 0.4 0 0.739162 0.317981 322 149 513 170 334 271 588 262 401 136 2.69629 397 504 3.12894
57.9992 0.605681 0.315661 233 -72 0.4 0 0.739562 0.317981 321 149 512 171 334 271 588 262 400 136 2.7012 397 504 3.12894
58.0659 0.606709 0.315661 235 -72 0.4 0 0.739962 0.317981 321 149 512 171 334 271 588 262 400 136 2.7012 397 504 3.12894
58.1326 0.606709 0.315661 235 -72 0.4 0 0.740362 0.317981 321 149 512 171 334 271 588 262 401 136 2.68729 397 504 3.12894
58.1992 0.606709 0.315661 235 -72 0.4 0 0.740762 0.317981 321 149 512 171 334 272 588 262 400 136 2.71497 397 504 3.12894
58.2659 0.608251 0.315661 235 -72 0.4 0 0.741162 0.317981 321 149 511 172 334 272 588 262 400 136 2.72017 397 504 3.12894
58.3325 0.608251 0.315661 235 -72 0.4 0 0.741562 0.317981 320 149 511 172 333 272 588 262 399 138 2.67795 397 504 3.12894
58.3993 0.608251 0.315661 228 -72 0.4 0 0.741962 0.317981 320 149 511 172 333 272 588 262 400 137 2.73806 397 504 3.12894
58.4659 0.608251 0.315661 228 -72 0.4 0 0.742362 0.317981 320 149 511 172 333 271 588 262 399 137 2.72337 397 504 3.12894
58.5325 0.608251 0.315661 228 -72 0.4 0 0.742762 0.317981 320 149 511 173 333 272 588 262 399 139 2.71921 397 504 3.12894
58.5992 0.609794 0.315661 245 -72 0.4 0 0.743162 0.317981 320 149 511 173 333 272 588 262 399 139 2.72337 397 504 3.12894
58.6659 0.609794 0.315661 245 -72 0.4 0 0.743562 0.317981 320 149 511 173 332 272 588 262 398 138 2.75722 397 504 3.12894
58.7326 0.609794 0.315661 245 -72 0.4 0 0.743962 0.317981 320 149 511 173 332 272 588 262 398 138 2.75722 397 504 3.12894
58.7992 0.611336 0.315661 240 -72 0.4 0 0.744362 0.317981 320 149 510 174 332 272 588 262 399 139 2.78039 397 504 3.12894
58.8659 0.611336 0.315661 240 -72 0.4 0 0.744762 0.317981 319 149 510 174 332 272 589 262 398 140 2.76109 397 504 3.12894
58.9325 0.611336 0.315661 240 -72 0.4 0 0.745162 0.317981 319 149 510 174 332 272 588 262 398 140 2.74989 397 504 3.12894
58.9992 0.61185 0.315661 240 -72 0.4 0 0.745562 0.317981 319 149 510 174 332 272 588 262 397 141 2.76488 397 504 3.12894
59.0659 0.61185 0.315661 240 -72 0.4 0 0.745962 0.317981 319 150 509 175 332 272 588 262 397 141 2.76488 397 504 3.12894
59.1326 0.61185 0.315661 240 -72 0.4 0 0.746362 0.317981 318 150 509 175 332 272 588 262 397 141 2.7707 397 504 3.12894
59.1992 0.614164 0.315661 241 -72 0.4 0 0.746762 0.317981 318 150 509 175 331 272 588 262 397 142 2.7686 397 504 3.12894
59.2659 0.614164 0.315661 241 -72 0.4 0 0.747162 0.317981 318 150 509 176 331 272 588 262 396 142 2.77226 397 504 3.12894
59.3326 0.614164 0.315661 241 -72 0.4 0 0.747562 0.317981 318 150 509 176 331 272 588 262 396 142 2.77226 397 504 3.12894
59.3992 0.614164 0.315661 225 -72 0.4 0 0.747962 0.317981 318 150 509 176 331 272 588 262 396 142 2.77442 397 504 3.12894
59.4659 0.614164 0.315661 225 -72 0.4 0 0.748362 0.317981 317 150 508 177 331 272 588 262 396 143 2.7937 397 504 3.12894
59.5325 0.614164 0.315661 225 -72 0.4 0 0.748762 0.317981 317 150 508 177 331 273 588 262 396 142 2.87626 397 504 3.12894
59.5992 0.61622 0.315661 240 -72 0.4 0 0.749162 0.317981 317 150 508 177 331 273 588 262 396 143 2.87626 397 504 3.12894
59.6659 0.61622 0.315661 240 -72 0.4 0 0.749562 0.317981 317 150 507 178 330 273 588 262 396 143 2.84915 397 504 3.11596
59.7325 0.61622 0.315661 240 -72 0.4 0 0.749962 0.317981 317 150 507 178 330 273 588 262 395 144 2.85209 397 504 3.12894
59.7992 0.617505 0.315661 237 -72 0.4 0 0.750362 0.317981 317 150 507 178 330 273 588 262 395 144 2.85209 397 504 3.12894
59.8659 0.617505 0.315661 237 -72 0.4 0 0.750762 0.317981 317 151 506 179 330 273 589 262 395 144 2.88165 397 504 3.12894
59.9326 0.617762 0.315661 235 -72 0.4 0 0.751162 0.317981 316 151 506 179 330 272 588 262 395 145 2.86743 397 504 3.12894
59.9992 0.617762 0.315661 235 -72 0.4 0 0.751562 0.317981 316 151 506 179 330 272 588 262 395 144 2.89414 397 504 3.12894
60.0659 0.617762 0.315661 235 -72 0.4 0 0.751962 0.317981 316 150 506 179 329 273 588 262 394 146 2.87174 397 504 3.12894
60.1325 0.619819 0.315661 241 -72 0.4 0 0.752362 0.317981 316 150 506 179 329 273 588 262 394 146 2.89414 397 504 3.12894
60.1992 0.619819 0.315661 241 -72 0.4 0 0.752762 0.317981 316 150 505 180 329 273 588 262 393 146 2.90406 397 504 3.12894
60.2659 0.619819 0.315661 241 -72 0.4 0 0.753162 0.317981 315 151 505 180 329 273 588 262 394 147 2.89161 397 504 3.12894
60.3326 0.620333 0.315661 220 -72 0.4 0 0.753562 0.317981 315 151 505 180 329 273 588 262 394 146 2.90163 397 504 3.12894
60.3992 0.620333 0.315661 220 -72 0.4 0 0.753962 0.317981 315 151 505 180 329 273 589 262 393 147 2.90406 397 504 3.12894
60.4659 0.620333 0.315661 220 -72 0.4 0 0.754362 0.317981 315 151 505 181 329 273 588 262 393 147 2.9341 397 504 3.12894
60.5325 0.621875 0.315661 234 -72 0.4 0 0.754762 0.317981 315 151 505 182 329 273 588 262 393 147 2.92623 397 504 3.12894
60.5992 0.621875 0.315661 234 -72 0.4 0 0.755162 0.317981 314 151 505 182 329 273 588 262 393 148 2.94817 397 504 3.12894
60.6659 0.621875 0.315661 234 -72 0.4 0 0.755562 0.317981 314 151 505 182 328 273 588 262 393 147 2.9462 397 504 3.12894
60.7325 0.623417 0.315661 246 -72 0.4 0 0.755962 0.317981 314 151 504 182 328 273 588 262 393 148 2.973 397 504 3.12894
60.7992 0.623417 0.315661 246 -72 0.4 0 0.756362 0.317981 314 151 504 183 328 273 588 262 393 148 2.973 397 504 3.12894
60.8659 0.623417 0.315661 246 -72 0.4 0 0.756762 0.317981 314 151 504 183 328 273 588 262 392 148 2.96452 397 504 3.12894
60.9326 0.623675 0.315661 241 -71 0.4 0 0.757162 0.317981 314 151 504 183 328 273 588 262 392 149 2.95624 397 504 3.12894
60.9992 0.623675 0.315661 241 -71 0.4 0 0.757562 0.317981 314 151 504 183 328 273 588 262 392 149 2.97474 397 504 3.12894
61.0659 0.623675 0.315661 241 -71 0.4 0 0.757962 0.317981 314 151 504 183 328 273 588 262 392 150 2.95624 397 504 3.12894
61.1325 0.625731 0.315661 234 -72 0.4 0 0.758362 0.317981 314 151 503 184 328 273 588 262 391 150 2.99825 397 504 3.12894
61.1992 0.625731 0.315661 234 -72 0.4 0 0.758762 0.317981 314 151 503 184 327 274 588 262 391 150 2.98499 397 504 3.11596
61.2659 0.625731 0.315661 234 -72 0.4 0 0.759162 0.317981 314 152 503 184 327 274 588 262 391 150 2.98971 397 504 3.12894
61.3325 0.625988 0.315661 232 -71 0.4 0 0.759562 0.317981 314 152 503 185 327 274 588 262 391 151 3.00837 397 504 3.12894
61.3992 0.625988 0.315661 232 -71 0.4 0 0.759962 0.317981 313 152 502 185 327 274 588 262 391 151 3.01975 397 504 3.12894
61.4659 0.625988 0.315661 232 -71 0.4 0 0.760362 0.317981 313 151 502 186 327 274 588 262 391 151 3.01594 397 504 3.12894
61.5326 0.627787 0.315661 229 -71 0.4 0 0.760762 0.317981 313 151 502 186 327 274 588 262 390 152 3.00971 397 504 3.12894
61.5992 0.627787 0.315661 229 -71 0.4 0 0.761162 0.317981 313 151 502 186 327 274 588 262 390 152 3.02097 397 504 3.12894
61.6659 0.627787 0.315661 229 -71 0.4 0 0.761562 0.317981 313 152 502 186 327 273 588 262 390 153 3.01851 397 504 3.12894
61.7325 0.62933 0.315661 234 -71 0.4 0 0.761962 0.317981 312 152 502 186 327 273 588 262 390 153 3.06014 397 504 3.12894
61.7992 0.62933 0.315661 234 -71 0.4 0 0.762362 0.317981 312 152 502 187 327 273 588 262 390 153 3.04907 397 504 3.12894
61.8659 0.62933 0.315661 234 -71 0.4 0 0.762762 0.317981 312 152 502 187 327 273 588 262 390 153 3.03672 397 504 3.11596
61.9325 0.629073 0.315661 211 -71 0.4 0 0.763162 0.317981 312 152 502 187 326 274 588 262 391 153 3.04812 397 504 3.11596
61.9992 0.629073 0.315661 211 -71 0.4 0 0.763562 0.317981 312 152 501 187 326 274 588 262 389 154 3.071 397 504 3.12894
62.0659 0.629073 0.315661 211 -71 0.4 0 0.763963 0.317981 312 152 500 188 326 274 588 262 390 155 3.071 397 504 3.12894
62.1325 0.6319 0.315661 231 -71 0.4 0 0.764363 0.317981 312 152 500 189 326 274 588 262 390 154 3.15212 397 504 3.12894
62.1992 0.6319 0.315661 231 -71 0.4 0 0.764763 0.317981 312 152 500 189 326 274 588 262 389 154 3.11067 397 504 3.12894
62.2659 0.633186 0.315661 233 -72 0.4 0 0.765163 0.317981 312 152 501 189 326 274 588 262 390 155 3.09995 397 504 3.12894
62.3325 0.633186 0.315661 233 -72 0.4 0 0.765563 0.317981 312 152 501 189 326 274 588 262 390 155 3.18324 397 504 3.12894
62.3992 0.633186 0.315661 233 -72 0.4 0 0.765963 0.317981 312 152 500 190 326 274 588 262 390 155 3.18412 397 504 3.12894
62.4659 0.633443 0.315661 231 -71 0.4 0 0.766363 0.317981 312 152 500 190 326 274 588 262 390 156 3.18324 397 504 3.12894
62.5326 0.633443 0.315661 231 -71 0.4 0 0.766763 0.317981 312 152 500 190 326 274 588 262 389 155 3.17316 397 504 3.12894
62.5992 0.633443 0.315661 231 -71 0.4 0 0.767163 0.317981 312 152 500 190 326 274 588 262 389 157 3.18324 397 504 3.12894
62.6659 0.635756 0.315661 222 -71 0.4 0 0.767563 0.317981 311 152 499 191 325 274 588 262 389 157 3.20401 397 504 3.12894
62.7325 0.635756 0.315661 222 -71 0.4 0 0.767963 0.317981 311 152 499 191 325 274 588 262 389 157 3.20274 397 504 3.12894
62.7992 0.635756 0.315661 222 -71 0.4 0 0.768363 0.317981 311 152 499 191 325 274 588 262 388 158 3.21363 397 504 3.12894
62.8659 0.635756 0.315661 212 -71 0.4 0 0.768763 0.317981 311 152 499 191 325 274 588 262 389 158 3.22473 397 504 3.12894
62.9325 0.635756 0.315661 212 -71 0.4 0 0.769163 0.317981 311 152 499 192 325 275 588 262 389 158 3.22473 397 504 3.12894
62.9992 0.635756 0.315661 212 -71 0.4 0 0.769563 0.317981 311 152 499 192 325 275 588 262 388 159 3.25337 397 504 3.12894
63.0659 0.637812 0.315661 228 -72 0.4 0 0.769963 0.317981 311 152 498 193 325 274 588 262 388 159 3.24328 397 504 3.12894
63.1326 0.637812 0.315661 228 -72 0.4 0 0.770363 0.317981 311 152 498 194 325 274 588 262 388 159 3.23411 397 504 3.12894
63.1992 0.637812 0.315661 228 -72 0.4 0 0.770763 0.317981 311 152 498 194 325 274 588 262 388 160 3.26468 397 504 3.11596
63.2659 0.639355 0.315661 223 -71 0.4 0 0.771163 0.317981 311 153 498 194 325 274 588 262 388 160 3.25115 397 504 3.12894
63.3326 0.639355 0.315661 223 -71 0.4 0 0.771563 0.317981 311 153 498 194 325 274 588 262 388 161 3.27348 397 504 3.12894
63.3992 0.639355 0.315661 223 -71 0.4 0 0.771963 0.317981 311 153 497 195 325 274 588 262 388 161 3.29502 397 504 3.12894
63.4659 0.639869 0.315661 222 -72 0.4 0 0.772363 0.317981 310 153 497 195 325 274 588 262 388 162 3.27619 397 504 3.12894
63.5333 0.639869 0.315661 222 -72 0.4 0 0.772763 0.317981 310 152 497 195 325 274 588 262 388 162 3.27348 397 504 3.12894
63.5992 0.639869 0.315661 222 -72 0.4 0 0.773163 0.317981 310 152 497 196 324 275 588 262 388 162 3.31686 397 504 3.12894
63.6659 0.641668 0.315661 223 -72 0.4 0 0.773563 0.317981 310 152 497 196 324 275 588 262 388 163 3.29659 397 504 3.12894
63.7326 0.641668 0.315661 223 -72 0.4 0 0.773963 0.317981 310 153 496 197 324 275 588 262 387 163 3.30343 397 504 3.11596
63.7992 0.641668 0.315661 223 -72 0.4 0 0.774363 0.317981 310 153 497 197 324 275 588 262 388 163 3.33698 397 504 3.12894
63.8659 0.641668 0.315661 218 -72 0.4 0 0.774763 0.317981 310 153 497 197 324 275 588 262 387 163 3.33698 397 504 3.12894
63.9325 0.641668 0.315661 218 -72 0.4 0 0.775163 0.317981 310 153 496 198 324 275 588 262 387 164 3.35915 397 504 3.12894
63.9992 0.643211 0.315661 229 -72 0.4 0 0.775563 0.317981 310 153 496 198 324 275 588 262 388 164 3.34493 397 504 3.12894
64.0659 0.643211 0.315661 229 -72 0.4 0 0.775963 0.317981 310 153 496 198 324 275 588 262 388 164 3.36687 397 504 3.12894
64.1325 0.643211 0.315661 229 -72 0.4 0 0.776363 0.317981 310 153 496 198 324 275 588 262 388 164 3.36687 397 504 3.12894
64.1992 0.644753 0.315661 222 -72 0.4 0 0.776763 0.317981 310 153 496 198 324 275 588 262 388 165 3.33698 397 504 3.11596
64.2659 0.644753 0.315661 222 -72 0.4 0 0.777163 0.317981 309 153 496 199 324 275 588 262 387 165 3.38905 397 504 3.12894
64.3326 0.644753 0.315661 222 -72 0.4 0 0.777563 0.317981 310 153 495 199 324 275 588 262 387 165 3.39157 397 504 3.11596
64.3992 0.645267 0.315661 222 -72 0.4 0 0.777963 0.317981 309 153 495 199 324 275 588 262 388 166 3.38156 397 504 3.12894
64.4659 0.645267 0.315661 222 -72 0.4 0 0.778363 0.317981 310 153 495 199 324 275 588 262 387 166 3.39415 397 504 3.12894
64.5325 0.645267 0.315661 222 -72 0.4 0 0.778763 0.317981 310 153 495 200 324 275 588 262 387 166 3.38905 397 504 3.11628
64.5992 0.647323 0.315661 222 -72 0.4 0 0.779163 0.317981 310 153 495 200 324 275 588 262 387 167 3.43787 397 504 3.11596
64.6659 0.647323 0.315661 222 -72 0.4 0 0.779563 0.317981 310 153 495 201 324 275 588 262 387 168 3.40608 397 504 3.12894
64.7326 0.647323 0.315661 222 -72 0.4 0 0.779963 0.317981 310 153 495 201 324 275 588 262 387 168 3.43703 397 504 3.11596
64.7992 0.647323 0.315661 185 -72 0.4 0 0.780363 0.317981 310 153 494 202 324 275 588 262 387 168 3.43703 397 504 3.12894
64.8659 0.647323 0.315661 185 -72 0.4 0 0.780763 0.317981 310 153 494 203 324 275 588 262 387 168 3.46334 397 504 3.11596
64.9325 0.647323 0.315661 185 -72 0.4 0 0.781163 0.317981 310 153 494 204 324 275 588 262 387 169 3.47974 397 504 3.12894
64.9992 0.650151 0.315661 209 -72 0.4 0 0.781563 0.317981 310 153 494 204 324 275 588 262 387 170 3.5028 397 504 3.12894
65.0659 0.650151 0.315661 209 -72 0.4 0 0.781963 0.317981 310 153 494 204 324 275 588 262 387 170 3.51627 397 504 3.12894
65.1325 0.650151 0.315661 209 -72 0.4 0 0.782363 0.317981 310 153 494 204 324 275 588 262 387 170 3.48599 397 504 3.12894
