60.0658 0.484866 0.324144 73 -78 0 0.4 0.60776 0.326923 413 140 595 136 394 262 605 263 506 92 5.91229 398 503 3.12894
60.1325 0.484866 0.324144 73 -78 0 0.4 0.60776 0.327323 413 140 595 136 394 262 605 263 506 92 5.91229 398 503 3.12894
60.1991 0.484866 0.324144 73 -77 0 0.4 0.60776 0.327723 413 140 595 136 394 262 605 263 505 93 5.91827 398 504 3.1166
60.2658 0.484866 0.324144 73 -77 0 0.4 0.60776 0.328123 413 140 595 136 394 262 605 263 505 93 5.94449 397 504 3.12894
60.3324 0.484866 0.324144 73 -77 0 0.4 0.60776 0.328523 413 140 595 136 394 262 605 263 505 93 5.93803 398 504 3.1166
60.3991 0.484866 0.324144 74 -77 0 0.4 0.60776 0.328923 413 140 595 136 394 262 605 263 505 93 5.92811 398 503 3.12894
60.4658 0.484866 0.324144 74 -77 0 0.4 0.60776 0.329324 413 140 595 136 394 262 605 263 505 93 5.92811 398 503 3.12894
60.5324 0.484866 0.324144 74 -77 0 0.4 0.60776 0.329724 413 140 595 136 394 262 605 263 505 93 5.92811 398 503 3.12894
60.5991 0.484866 0.324144 74 -82 0 0.4 0.60776 0.330124 413 140 595 136 394 262 605 263 505 93 5.93803 398 504 3.14159
60.6658 0.484866 0.324144 74 -82 0 0.4 0.60776 0.330524 413 140 595 136 394 262 605 263 505 93 5.93803 398 504 3.14159
60.7324 0.484866 0.324144 74 -82 0 0.4 0.60776 0.330924 413 140 595 136 394 262 605 263 506 92 5.91229 398 504 3.1166
60.7991 0.484866 0.324658 74 -78 0 0.4 0.60776 0.331324 413 140 595 136 394 262 605 263 506 92 5.91229 397 504 3.12894
60.8658 0.484866 0.324658 74 -78 0 0.4 0.60776 0.331724 413 140 595 136 394 262 605 263 506 92 5.90268 398 504 3.1166
60.9324 0.484866 0.324658 74 -78 0 0.4 0.60776 0.332124 413 140 595 136 394 262 605 263 506 92 5.90268 398 504 3.1166
60.9991 0.484866 0.3262 73 -93 0 0.4 0.60776 0.332524 413 140 595 136 394 262 605 263 506 94 5.97783 398 504 3.11596
61.0658 0.484866 0.3262 73 -93 0 0.4 0.60776 0.332924 413 140 596 136 394 262 605 263 506 93 5.92562 398 504 3.1166
61.1324 0.484866 0.3262 73 -93 0 0.4 0.60776 0.333324 413 140 596 136 394 262 605 263 506 93 5.91601 398 504 3.1166
61.1991 0.484866 0.325943 73 -84 0 0.4 0.60776 0.333724 412 141 596 136 394 261 605 263 506 93 5.92562 398 504 3.12861
61.2658 0.484866 0.325943 73 -84 0 0.4 0.60776 0.334124 412 141 596 136 394 261 605 263 506 93 5.92562 398 504 3.12861
61.3324 0.484866 0.327999 74 -87 0 0.4 0.60776 0.334524 413 141 596 136 394 262 605 263 506 93 5.91601 398 503 3.12894
61.3991 0.484866 0.327999 74 -87 0 0.4 0.60776 0.334924 413 141 596 136 394 262 606 263 507 93 5.92562 398 503 3.12894
61.4658 0.484866 0.327999 74 -87 0 0.4 0.60776 0.335324 413 141 596 136 393 262 605 263 507 93 5.92562 398 504 3.10364
61.533 0.484866 0.329028 74 -95 0 0.4 0.60776 0.335724 413 141 596 136 394 262 606 263 507 93 5.92562 398 504 3.10364
61.5991 0.484866 0.329028 74 -95 0 0.4 0.60776 0.336124 413 141 597 136 393 262 605 263 507 94 5.97783 398 504 3.11596
61.6658 0.484866 0.329028 74 -95 0 0.4 0.60776 0.336524 413 141 597 136 393 262 606 264 507 94 5.97783 398 504 3.1166
61.7324 0.484866 0.329542 74 -97 0 0.4 0.60776 0.336924 413 141 597 137 393 262 606 263 507 94 5.97114 398 504 3.11596
61.7991 0.484866 0.329542 74 -97 0 0.4 0.60776 0.337324 413 141 597 137 393 262 606 263 507 94 5.97114 398 504 3.11596
61.8658 0.484866 0.329542 74 -97 0 0.4 0.60776 0.337724 413 141 597 137 393 262 606 263 508 94 5.90268 398 504 3.1166
61.9324 0.484866 0.331084 73 -103 0 0.4 0.60776 0.338124 414 141 597 137 393 262 606 263 508 93 5.90268 398 504 3.12861
61.9991 0.484866 0.331084 73 -103 0 0.4 0.60776 0.338524 414 141 598 136 393 262 606 263 508 93 5.90268 398 504 3.10364
62.0658 0.484866 0.331084 73 -103 0 0.4 0.60776 0.338924 414 141 598 136 393 262 606 263 508 93 5.90268 398 504 3.10364
62.1325 0.484866 0.331084 73 -99 0 0.4 0.60776 0.339324 414 141 598 136 393 262 606 263 508 93 5.91229 398 504 3.11596
62.1991 0.484866 0.331084 73 -99 0 0.4 0.60776 0.339724 414 141 598 136 393 262 606 263 508 94 5.93803 398 504 3.10364
62.2658 0.484866 0.331084 73 -99 0 0.4 0.60776 0.340124 414 141 598 136 393 262 606 263 508 94 5.93803 398 504 3.10364
62.3324 0.484866 0.332883 73 -116 0 0.4 0.60776 0.340524 414 141 598 137 393 262 607 263 509 94 5.88367 398 504 3.10364
62.3991 0.484866 0.332883 73 -116 0 0.4 0.60776 0.340924 414 141 598 137 393 262 607 263 508 94 5.94089 398 504 3.10364
62.4658 0.484866 0.332883 73 -116 0 0.4 0.60776 0.341324 414 141 598 137 393 262 607 263 509 94 5.89085 398 504 3.11628
62.5324 0.484866 0.334169 74 -103 0 0.4 0.60776 0.341724 414 141 598 137 393 262 607 264 510 94 5.90268 397 504 3.14159
62.5991 0.484866 0.334169 74 -103 0 0.4 0.60776 0.342124 415 141 599 137 393 262 607 263 510 95 5.91229 398 504 3.10411
62.6658 0.484866 0.334169 74 -103 0 0.4 0.60776 0.342524 415 141 599 137 393 262 607 263 510 95 5.91229 398 504 3.10411
62.7324 0.484866 0.335197 74 -122 0 0.4 0.60776 0.342924 415 142 599 137 393 262 607 263 510 95 5.88761 397 504 3.14159
62.7991 0.484866 0.335197 74 -122 0 0.4 0.60776 0.343324 415 142 599 137 393 262 607 263 510 94 5.87019 398 504 3.12909
62.8658 0.484866 0.335197 74 -122 0 0.4 0.60776 0.343724 415 142 599 137 393 262 607 263 510 95 5.87965 398 504 3.14159
62.9324 0.484866 0.336739 73 -122 0 0.4 0.60776 0.344124 415 142 600 136 393 262 608 263 510 94 5.87965 397 504 3.12909
62.9991 0.484866 0.336739 73 -122 0 0.4 0.60776 0.344524 415 142 600 137 393 262 607 264 511 95 5.87689 397 504 3.11691
63.0658 0.484866 0.336996 73 -121 0 0.4 0.60776 0.344924 415 142 600 137 393 262 607 264 510 95 5.89487 397 504 3.11628
63.1324 0.484866 0.336996 73 -121 0 0.4 0.60776 0.345324 415 142 600 137 393 262 607 264 511 95 5.86177 397 504 3.12909
63.1991 0.484866 0.336996 73 -121 0 0.4 0.60776 0.345724 415 142 600 137 393 262 608 264 511 94 5.84718 398 504 3.11691
63.2658 0.484866 0.338025 73 -123 0 0.4 0.60776 0.346124 416 142 600 137 393 262 608 264 511 94 5.85224 398 504 3.12909
63.3324 0.484866 0.338025 73 -123 0 0.4 0.60776 0.346524 416 142 600 137 393 262 608 264 512 95 5.84783 398 504 3.12877
63.3997 0.484866 0.338025 73 -123 0 0.4 0.60776 0.346924 416 142 600 136 393 262 608 264 512 96 5.89085 398 504 3.10411
63.4658 0.484866 0.338282 73 -128 0 0.4 0.60776 0.347324 416 142 601 137 393 262 608 264 512 96 5.89487 397 504 3.11628
63.5324 0.484866 0.338282 73 -128 0 0.4 0.60776 0.347724 416 142 601 137 393 262 608 264 512 95 5.87965 398 504 3.14159
63.5991 0.484866 0.338282 73 -128 0 0.4 0.60776 0.348124 416 142 601 137 393 262 608 263 512 96 5.87555 398 504 3.12909
63.6658 0.484866 0.339824 74 -128 0 0.4 0.60776 0.348524 416 142 601 137 393 262 608 263 513 95 5.86602 398 504 3.12909
63.7324 0.484866 0.339824 74 -128 0 0.4 0.60776 0.348924 416 142 601 137 393 262 608 263 513 95 5.86602 397 504 3.11628
63.7991 0.484866 0.339824 74 -128 0 0.4 0.60776 0.349324 417 142 601 137 393 262 609 264 513 95 5.86602 398 504 3.14159
63.8658 0.484866 0.341109 73 -123 0 0.4 0.60776 0.349724 417 142 601 137 393 262 609 264 513 95 5.86602 398 504 3.14159
63.9324 0.484866 0.341109 73 -123 0 0.4 0.60776 0.350124 417 142 602 137 393 262 609 264 514 96 5.87965 398 504 3.11691
63.9991 0.484866 0.34188 73 -124 0 0.4 0.60776 0.350524 417 142 602 137 393 263 609 264 514 97 5.89487 398 504 3.14159
64.0658 0.484866 0.34188 73 -124 0 0.4 0.60776 0.350924 417 143 602 137 392 262 609 264 515 96 5.85149 397 504 3.11628
64.1324 0.484866 0.34188 73 -124 0 0.4 0.60776 0.351324 418 142 603 137 392 262 609 264 514 97 5.87965 398 504 3.12909
64.1991 0.484866 0.34368 74 -128 0 0.4 0.60776 0.351724 418 142 603 137 392 262 609 264 515 97 5.87555 398 504 3.11691
64.2658 0.484866 0.34368 74 -128 0 0.4 0.60776 0.352124 418 143 603 137 393 262 610 264 515 96 5.84783 398 504 3.12909
64.3324 0.484866 0.34368 74 -128 0 0.4 0.60776 0.352524 418 143 603 137 392 262 610 264 515 96 5.81484 398 504 3.14159
64.3991 0.484866 0.34368 73 -114 0 0.4 0.60776 0.352924 418 143 603 137 392 262 610 264 516 97 5.85224 398 504 3.12909
64.4658 0.484866 0.34368 73 -114 0 0.4 0.60776 0.353324 418 143 603 137 392 262 610 264 516 97 5.85224 398 504 3.12909
64.5324 0.484866 0.34368 73 -114 0 0.4 0.60776 0.353724 418 143 603 137 392 262 610 264 516 97 5.85224 398 504 3.12909
64.5991 0.484866 0.345479 73 -134 0 0.4 0.60776 0.354124 419 143 604 137 392 262 610 264 516 96 5.80552 398 504 3.12909
64.6658 0.484866 0.345479 73 -134 0 0.4 0.60776 0.354524 419 143 604 137 392 262 610 264 516 96 5.80552 398 504 3.12909
64.7324 0.484866 0.345479 73 -134 0 0.4 0.60776 0.354924 419 143 604 137 392 262 610 264 516 97 5.85743 398 504 3.12909
64.7991 0.484866 0.345479 74 -127 0 0.4 0.60776 0.355324 419 143 604 137 392 262 610 264 517 96 5.81954 398 504 3.12909
64.8658 0.484866 0.345479 74 -127 0 0.4 0.60776 0.355724 419 143 604 137 392 262 610 264 516 98 5.84783 398 504 3.11691
64.9325 0.484866 0.347535 75 -135 0 0.4 0.60776 0.356124 420 143 605 137 392 262 611 264 518 97 5.78714 398 504 3.12909
64.9991 0.484866 0.347535 75 -135 0 0.4 0.60776 0.356524 420 143 605 137 392 262 611 264 518 97 5.78714 398 504 3.12909
65.0658 0.484866 0.347535 75 -135 0 0.4 0.60776 0.356924 420 143 605 137 392 262 611 264 518 97 5.77809 398 505 3.1166
65.1324 0.484866 0.349078 73 -136 0 0.4 0.60776 0.357324 420 143 606 137 392 262 611 264 518 97 5.78714 398 504 3.12909
65.1991 0.484866 0.349078 73 -136 0 0.4 0.60776 0.357724 420 144 606 137 392 262 611 265 518 97 5.77809 398 504 3.12909
65.2658 0.484866 0.349078 73 -136 0 0.4 0.60776 0.358124 420 144 606 137 392 262 611 265 518 97 5.77809 398 504 3.12909
65.3324 0.484866 0.349849 74 -136 0 0.4 0.60776 0.358524 420 144 607 137 392 262 611 264 519 98 5.78217 398 504 3.14159
65.3991 0.484866 0.349849 74 -136 0 0.4 0.60776 0.358924 421 144 607 137 392 262 611 264 518 98 5.82437 398 504 3.12909
65.4658 0.484866 0.349849 74 -136 0 0.4 0.60776 0.359324 421 144 607 137 392 262 611 264 519 97 5.77306 398 504 3.12909
65.5324 0.484866 0.351648 73 -135 0 0.4 0.60776 0.359724 421 144 607 137 392 262 612 264 520 98 5.76794 398 505 3.1166
65.5991 0.484866 0.351648 73 -135 0 0.4 0.60776 0.360124 421 144 608 137 392 262 612 265 521 97 5.77809 398 504 3.12909
65.6658 0.484866 0.351648 73 -135 0 0.4 0.60776 0.360524 421 144 608 137 392 262 612 265 521 98 5.76912 398 504 3.12909
65.7325 0.484866 0.351648 73 -139 0 0.4 0.60776 0.360924 421 144 608 137 392 262 612 265 521 98 5.77809 398 504 3.12909
65.7991 0.484866 0.351648 73 -139 0 0.4 0.60776 0.361324 421 144 608 137 392 262 612 265 521 98 5.77809 398 504 3.12909
65.8658 0.484866 0.351648 73 -139 0 0.4 0.60776 0.361724 422 144 608 137 392 262 612 265 520 99 5.80518 398 504 3.12909
65.9324 0.484866 0.353191 73 -146 0 0.4 0.60776 0.362124 422 145 609 137 392 262 612 264 521 99 5.78557 398 504 3.12909
65.9991 0.484866 0.353191 73 -146 0 0.4 0.60776 0.362524 422 145 609 137 392 262 613 265 522 98 5.74456 398 504 3.12909
66.0658 0.484866 0.353191 73 -146 0 0.4 0.60776 0.362924 422 145 609 137 392 262 613 265 522 98 5.74456 398 504 3.12909
66.1324 0.484866 0.354219 73 -148 0 0.4 0.60776 0.363324 422 145 609 137 392 262 613 264 522 99 5.74823 398 504 3.12909
66.1991 0.484866 0.354219 73 -148 0 0.4 0.60776 0.363724 422 145 609 137 392 263 613 265 522 99 5.7536 398 505 3.14159
66.2658 0.484866 0.354219 73 -148 0 0.4 0.60776 0.364124 423 145 610 138 392 263 613 265 523 99 5.7536 398 504 3.12909
66.3324 0.484866 0.354733 73 -148 0 0.4 0.60776 0.364524 423 145 610 138 392 263 613 265 523 98 5.7322 398 504 3.12909
66.3991 0.484866 0.354733 73 -148 0 0.4 0.60776 0.364924 423 145 610 138 392 263 613 265 523 98 5.7322 398 504 3.12909
66.4658 0.484866 0.356789 73 -151 0 0.4 0.60776 0.365324 423 145 610 138 392 263 613 265 523 98 5.7322 398 504 3.12909
66.5325 0.484866 0.356789 73 -151 0 0.4 0.60776 0.365724 423 146 611 138 392 263 614 265 524 100 5.75886 398 505 3.1166
66.5991 0.484866 0.356789 73 -151 0 0.4 0.60776 0.366124 423 146 611 138 392 263 614 265 524 100 5.75886 398 505 3.1166
66.6658 0.484866 0.356789 74 -142 0 0.4 0.60776 0.366524 424 146 611 138 392 263 614 265 524 100 5.75886 398 504 3.12909
66.7324 0.484866 0.356789 74 -142 0 0.4 0.60776 0.366924 424 146 611 138 392 263 614 265 524 101 5.75886 398 504 3.12909
66.7991 0.484866 0.356789 74 -142 0 0.4 0.60776 0.367324 424 146 612 138 392 263 614 265 525 100 5.74277 398 505 3.1166
66.8658 0.484866 0.358332 73 -154 0 0.4 0.60776 0.367724 424 146 612 138 392 263 614 265 525 100 5.74277 398 505 3.1166
66.9324 0.484866 0.358332 73 -154 0 0.4 0.60776 0.368124 424 146 612 138 392 263 615 265 525 100 5.71247 398 504 3.11691
66.9991 0.484866 0.358332 73 -154 0 0.4 0.60776 0.368524 424 146 612 138 392 263 615 265 525 100 5.71247 398 505 3.1166
67.0658 0.484866 0.359617 73 -153 0 0.4 0.60776 0.368924 425 146 612 138 392 263 615 265 525 100 5.72126 398 505 3.1166
67.1324 0.484866 0.359617 73 -153 0 0.4 0.60776 0.369324 425 146 613 138 392 263 615 265 526 101 5.72801 397 504 3.12894
67.1991 0.484866 0.359617 73 -153 0 0.4 0.60776 0.369724 425 146 613 138 392 263 615 265 526 101 5.72801 397 504 3.12894
67.2658 0.484866 0.359874 73 -164 0 0.4 0.60776 0.370124 425 146 613 138 392 263 615 265 526 100 5.68944 397 504 3.12894
67.3325 0.484866 0.359874 73 -164 0 0.4 0.60776 0.370524 425 146 613 138 392 263 615 265 526 100 5.69227 397 505 3.11628
67.3991 0.484866 0.359874 73 -164 0 0.4 0.60776 0.370924 426 146 613 138 391 262 615 265 526 100 5.69227 397 504 3.12894
67.4658 0.484866 0.361673 73 -170 0 0.4 0.60776 0.371324 426 146 613 138 391 262 615 265 526 100 5.69227 397 504 3.12894
67.5324 0.484866 0.361673 73 -170 0 0.4 0.60776 0.371724 426 146 614 138 392 263 616 265 527 102 5.74456 397 505 3.11628
67.5991 0.484866 0.361673 73 -170 0 0.4 0.60776 0.372124 426 147 614 138 392 263 616 265 528 102 5.71565 397 504 3.12894
67.6658 0.484866 0.36193 73 -158 0 0.4 0.60776 0.372524 426 147 614 138 392 263 616 265 528 102 5.71565 397 504 3.12894
67.7324 0.484866 0.36193 73 -158 0 0.4 0.60776 0.372924 426 147 614 138 392 262 616 265 528 101 5.66654 398 505 3.12909
67.7996 0.484866 0.36193 73 -158 0 0.4 0.60776 0.373324 427 147 615 138 392 263 617 265 528 101 5.66654 397 504 3.12894
67.8658 0.484866 0.363987 75 -157 0 0.4 0.60776 0.373724 427 147 615 138 392 263 617 265 528 101 5.66654 397 504 3.12894
67.9324 0.484866 0.363987 75 -157 0 0.4 0.60776 0.374124 427 147 615 138 391 263 617 265 529 101 5.66051 397 504 3.12894
67.9991 0.484866 0.363987 75 -157 0 0.4 0.60776 0.374524 427 147 616 138 392 263 617 265 529 101 5.66903 397 505 3.11628
68.0658 0.484866 0.365786 74 -163 0 0.4 0.60776 0.374924 427 147 616 138 392 263 617 265 529 102 5.67764 397 504 3.12894
68.1324 0.484866 0.365786 74 -163 0 0.4 0.60776 0.375324 428 147 616 138 391 263 618 265 531 103 5.68359 397 504 3.12894
68.1991 0.484866 0.365786 74 -163 0 0.4 0.60776 0.375724 428 148 616 138 391 263 618 265 530 103 5.68035 398 505 3.14159
68.2658 0.484866 0.365786 73 -178 0 0.4 0.60776 0.376124 428 148 616 138 391 263 618 265 530 103 5.68035 398 505 3.14159
68.3324 0.484866 0.365786 73 -178 0 0.4 0.60776 0.376524 428 148 617 138 391 263 618 265 531 102 5.6438 398 505 3.1166
68.3991 0.484866 0.365786 73 -178 0 0.4 0.60776 0.376924 428 148 617 138 392 263 618 265 531 102 5.6438 397 505 3.11628
68.4658 0.484866 0.367329 74 -170 0 0.4 0.60776 0.377324 429 148 617 138 391 263 618 266 531 103 5.64402 397 504 3.12894
68.5324 0.484866 0.367329 74 -170 0 0.4 0.60776 0.377724 429 148 617 138 391 263 618 266 531 103 5.64402 397 504 3.12894
68.5991 0.484866 0.367329 74 -170 0 0.4 0.60776 0.378124 429 148 617 138 391 263 618 265 532 102 5.6149 397 505 3.12894
68.6658 0.484866 0.368871 74 -157 0 0.4 0.60776 0.378524 429 148 618 138 391 263 618 265 532 103 5.62492 397 505 3.19349
68.7325 0.484866 0.368871 74 -157 0 0.4 0.60776 0.378924 430 148 618 138 391 263 619 266 533 103 5.63559 397 504 3.12894
68.7991 0.484866 0.368871 74 -157 0 0.4 0.60776 0.379324 430 148 618 138 391 263 619 266 533 103 5.63559 397 504 3.12894
68.8658 0.484866 0.369899 73 -172 0 0.4 0.60776 0.379724 430 148 619 139 391 263 619 266 533 104 5.64171 397 504 3.12894
68.9324 0.484866 0.369899 73 -172 0 0.4 0.60776 0.380124 430 149 619 139 391 263 619 266 534 103 5.58579 397 505 3.14159
68.9991 0.484866 0.369899 73 -172 0 0.4 0.60776 0.380524 430 149 619 139 391 263 619 266 534 104 5.58579 397 505 3.12894
69.0658 0.484866 0.370927 74 -166 0 0.4 0.60776 0.380924 431 149 619 139 391 263 619 266 534 105 5.61841 397 505 3.14159
69.1324 0.484866 0.370927 74 -166 0 0.4 0.60776 0.381324 431 149 619 139 391 263 619 266 535 105 5.65674 397 505 3.14159
69.1991 0.484866 0.371184 73 -166 0 0.4 0.60776 0.381724 431 149 619 138 391 263 619 266 535 105 5.64816 397 505 3.11628
69.2658 0.484866 0.371184 73 -166 0 0.4 0.60776 0.382124 431 149 620 139 391 263 619 266 535 104 5.60528 397 505 3.14159
69.3324 0.484866 0.371184 73 -166 0 0.4 0.60776 0.382524 431 149 620 139 391 263 619 266 535 104 5.60528 397 505 3.14159
69.3991 0.484866 0.372727 73 -170 0 0.4 0.60776 0.382924 431 149 620 139 391 263 620 266 535 104 5.60528 397 505 3.12894
69.4658 0.484866 0.372727 73 -170 0 0.4 0.60776 0.383324 432 150 620 139 391 263 620 266 536 104 5.56436 397 505 3.11628
69.5324 0.484866 0.372727 73 -170 0 0.4 0.60776 0.383724 432 150 621 139 391 263 620 266 536 105 5.58031 397 504 3.12894
69.5991 0.484866 0.374269 75 -180 0 0.4 0.60776 0.384124 432 150 621 139 391 263 620 266 536 105 5.58031 397 504 3.12894
69.6658 0.484866 0.374269 75 -180 0 0.4 0.60776 0.384524 432 150 621 139 391 263 620 266 536 106 5.58845 397 505 3.14159
69.7325 0.484866 0.374269 75 -180 0 0.4 0.60776 0.384924 432 150 621 139 391 263 620 266 537 105 5.59746 397 504 3.12894
69.7991 0.484866 0.374269 76 -161 0 0.4 0.60776 0.385324 432 150 621 139 391 263 621 266 537 106 5.62124 397 505 3.14159
69.8658 0.484866 0.374269 76 -161 0 0.4 0.60776 0.385724 432 150 621 139 391 263 621 266 537 106 5.62938 397 505 3.12894
69.9325 0.484866 0.374269 76 -161 0 0.4 0.60776 0.386124 433 151 622 139 391 263 621 266 538 105 5.5481 397 505 3.19349
69.9991 0.484866 0.376068 73 -175 0 0.4 0.60776 0.386524 433 151 622 139 391 263 621 266 538 106 5.57118 397 505 3.14159
70.0658 0.484866 0.376068 73 -175 0 0.4 0.60776 0.386924 433 151 622 139 391 263 621 266 537 107 5.5734 397 504 3.12894
70.1324 0.484866 0.376068 73 -175 0 0.4 0.60776 0.387324 433 151 622 139 391 263 621 266 537 107 5.5734 397 505 3.14159
70.1991 0.484866 0.377611 76 -172 0 0.4 0.60776 0.387724 433 151 622 139 391 263 621 266 537 107 5.56535 397 505 3.12894
70.2658 0.484866 0.377611 76 -172 0 0.4 0.60776 0.388124 434 151 623 139 391 263 621 266 540 108 5.57228 397 505 3.12894
70.3324 0.484866 0.377611 76 -172 0 0.4 0.60776 0.388525 434 151 623 139 391 263 621 266 540 108 5.57228 397 505 3.12894
70.3991 0.484866 0.378382 76 -169 0 0.4 0.60776 0.388925 434 151 624 139 391 263 621 266 540 108 5.57228 397 505 3.12894
70.4658 0.484866 0.378382 76 -169 0 0.4 0.60776 0.389325 434 152 624 139 391 263 622 267 540 108 5.57228 397 505 3.14159
70.5324 0.484866 0.378382 76 -169 0 0.4 0.60776 0.389725 434 152 624 139 391 263 622 267 539 107 5.55037 397 505 3.14159
70.5991 0.484609 0.380181 75 -181 0 0.4 0.60776 0.390125 434 152 624 139 391 263 622 267 539 107 5.55037 397 505 3.14159
70.6658 0.484609 0.380181 75 -181 0 0.4 0.60776 0.390525 435 152 625 139 391 263 622 266 542 107 5.51968 397 505 3.14159
70.7324 0.484609 0.380181 75 -181 0 0.4 0.60776 0.390925 435 152 625 139 391 263 622 266 542 107 5.51968 397 505 3.14159
70.7991 0.484866 0.380438 74 -186 0 0.4 0.60776 0.391325 435 152 625 139 391 263 622 266 542 107 5.51968 397 505 3.14159
70.8658 0.484866 0.380438 74 -186 0 0.4 0.60776 0.391725 435 152 625 139 391 263 622 266 542 107 5.51968 397 505 3.12909
70.9324 0.484866 0.380438 74 -186 0 0.4 0.60776 0.392125 436 153 626 139 391 263 623 267 542 107 5.51968 397 505 3.14159
70.9991 0.484609 0.382238 74 -186 0 0.4 0.60776 0.392525 436 153 626 139 391 263 623 267 542 107 5.51968 397 505 3.14159
71.0658 0.484609 0.382238 74 -186 0 0.4 0.60776 0.392925 436 153 626 139 391 263 623 267 542 107 5.51968 397 505 3.12894
71.1324 0.484609 0.382238 74 -186 0 0.4 0.60776 0.393325 436 153 626 140 391 263 623 267 542 107 5.51968 397 505 3.12909
71.1991 0.484609 0.383523 74 -181 0 0.4 0.60776 0.393725 436 153 626 140 391 263 623 267 542 107 5.51968 397 505 3.12909
71.2658 0.484609 0.383523 74 -181 0 0.4 0.60776 0.394125 437 153 626 140 391 263 623 267 543 109 5.40179 397 505 3.12909
71.3324 0.484609 0.383523 74 -181 0 0.4 0.60776 0.394525 437 154 627 140 390 263 624 267 543 109 5.40179 397 505 3.12909
71.3991 0.484866 0.38378 75 -166 0 0.4 0.60776 0.394925 437 154 627 140 390 263 624 267 543 109 5.40179 397 505 3.12909
71.4658 0.484866 0.38378 75 -166 0 0.4 0.60776 0.395325 437 154 627 140 391 263 624 267 543 109 5.40179 397 505 3.14159
71.5324 0.484866 0.38378 75 -166 0 0.4 0.60776 0.395725 438 154 628 140 391 263 624 267 543 109 5.40179 397 505 3.14159
71.5991 0.484866 0.385579 77 -185 0 0.4 0.60776 0.396125 438 154 628 140 391 263 624 267 543 109 5.40179 397 505 3.12909
71.6658 0.484866 0.385579 77 -185 0 0.4 0.60776 0.396525 438 154 628 140 391 263 624 267 545 110 5.37433 397 505 3.12894
71.7324 0.484866 0.385579 77 -185 0 0.4 0.60776 0.396925 438 154 628 140 391 263 624 267 545 110 5.3662 397 505 3.14159
71.7991 0.484866 0.386608 74 -192 0 0.4 0.60776 0.397325 438 154 628 140 391 263 624 267 545 110 5.3662 397 505 3.14159
71.8658 0.484866 0.386608 74 -192 0 0.4 0.60776 0.397725 438 154 628 140 391 263 624 267 545 110 5.38068 397 505 3.12909
71.9324 0.484609 0.386865 75 -192 0 0.4 0.60776 0.398125 439 155 628 140 391 263 625 267 546 111 5.37433 397 505 3.12909
71.9991 0.484609 0.386865 75 -192 0 0.4 0.60776 0.398525 439 155 628 140 391 263 625 267 546 111 5.37433 397 505 3.12909
72.0658 0.484609 0.386865 75 -192 0 0.4 0.60776 0.398925 439 155 629 140 391 263 625 267 546 111 5.37252 397 505 3.18053
72.1324 0.484866 0.388921 75 -185 0 0.4 0.60776 0.399325 439 155 629 140 391 263 625 267 546 111 5.33741 397 505 3.12894
72.1991 0.484866 0.388921 75 -185 0 0.4 0.60776 0.399725 439 155 629 140 391 263 625 267 546 111 5.33741 397 505 3.12894
72.2658 0.484866 0.388921 75 -185 0 0.4 0.60776 0.400125 439 155 630 140 390 263 625 267 547 111 5.35589 397 505 3.14159
72.3325 0.484609 0.388921 74 -185 0 0.4 0.60776 0.400525 440 155 630 140 390 263 625 267 547 112 5.33146 397 505 3.12894
72.3991 0.484609 0.388921 74 -185 0 0.4 0.60776 0.400925 439 156 630 140 391 263 625 267 547 112 5.31468 397 505 3.14159
72.4658 0.484609 0.388921 74 -185 0 0.4 0.60776 0.401325 440 155 631 140 391 263 626 268 548 112 5.36226 398 504 3.12877
72.5324 0.484609 0.39072 75 -181 0 0.4 0.60776 0.401725 440 156 631 140 391 263 626 267 548 112 5.30614 397 505 3.12909
72.5991 0.484609 0.39072 75 -181 0 0.4 0.60776 0.402125 440 156 631 140 391 263 626 267 548 112 5.30614 397 505 3.12909
72.6658 0.484609 0.39072 75 -181 0 0.4 0.60776 0.402525 441 156 631 140 390 263 626 267 548 112 5.30889 397 505 3.14159
72.7325 0.484866 0.393291 77 -178 0 0.4 0.60776 0.402925 441 156 632 140 390 263 626 267 548 114 5.36874 397 505 3.12909
72.7991 0.484866 0.393291 77 -178 0 0.4 0.60776 0.403325 441 157 632 140 390 263 627 267 549 113 5.2918 397 505 3.12894
72.8658 0.484866 0.393291 77 -178 0 0.4 0.60776 0.403725 442 157 633 140 390 263 627 267 550 114 5.29453 397 505 3.12909
72.9324 0.484609 0.393291 74 -191 0 0.4 0.60776 0.404125 441 157 633 140 390 263 627 267 550 114 5.29453 397 505 3.12909
72.9991 0.484609 0.393291 74 -191 0 0.4 0.60776 0.404525 441 157 633 140 390 263 627 267 550 114 5.29453 397 505 3.12909
73.0658 0.484609 0.393291 74 -191 0 0.4 0.60776 0.404925 442 157 633 140 390 263 627 267 550 114 5.2975 397 505 3.12909
73.1325 0.484866 0.39509 79 -185 0 0.4 0.60776 0.405325 442 157 633 140 390 263 627 267 550 114 5.28619 397 505 3.12909
73.1991 0.484866 0.39509 79 -185 0 0.4 0.60776 0.405725 443 158 633 140 390 263 627 268 551 114 5.25804 397 505 3.14159
73.2658 0.484866 0.39509 79 -185 0 0.4 0.60776 0.406125 443 158 633 141 390 263 628 268 551 115 5.27993 397 505 3.12909
73.3324 0.484866 0.395347 77 -190 0 0.4 0.60776 0.406525 443 158 633 141 390 263 628 268 551 114 5.27431 397 505 3.12909
73.3991 0.484866 0.395347 77 -190 0 0.4 0.60776 0.406925 443 158 633 141 390 263 628 268 551 114 5.27431 397 505 3.12909
73.4658 0.484866 0.395347 77 -190 0 0.4 0.60776 0.407325 443 158 634 141 390 263 628 268 551 114 5.27431 397 505 3.12909
73.5324 0.484866 0.396376 74 -191 0 0.4 0.60776 0.407725 443 158 634 141 390 263 628 268 552 115 5.24411 397 505 3.12909
73.5991 0.484866 0.396376 74 -191 0 0.4 0.60776 0.408125 443 159 635 141 390 263 628 268 552 116 5.27099 397 505 3.12909
73.6658 0.484866 0.396376 74 -191 0 0.4 0.60776 0.408525 443 159 635 141 390 263 628 268 552 116 5.27099 397 505 3.12909
73.7324 0.484866 0.398432 77 -185 0 0.4 0.60776 0.408925 444 159 635 141 390 263 628 268 552 116 5.25995 397 505 3.12909
73.7991 0.484866 0.398432 77 -185 0 0.4 0.60776 0.409325 443 159 635 141 390 263 629 268 554 115 5.24411 397 505 3.14159
73.8658 0.484866 0.398432 77 -185 0 0.4 0.60776 0.409725 444 159 636 141 390 263 629 268 553 117 5.24046 397 505 3.14159
73.9324 0.484609 0.398689 76 -191 0 0.4 0.60776 0.410125 444 159 636 141 390 263 629 268 553 117 5.24046 397 505 3.14159
73.9991 0.484609 0.398689 76 -191 0 0.4 0.60776 0.410525 444 159 636 141 390 263 629 268 554 116 5.22645 397 505 3.12909
74.0658 0.484609 0.400231 77 -197 0 0.4 0.60776 0.410925 445 160 636 141 390 263 629 268 555 118 5.2134 397 505 3.12909
74.1324 0.484609 0.400231 77 -197 0 0.4 0.60776 0.411325 445 160 636 141 390 263 629 268 555 117 5.2092 397 505 3.12909
74.1991 0.484609 0.400231 77 -197 0 0.4 0.60776 0.411725 445 160 637 141 390 263 629 268 555 117 5.20355 397 505 3.12909
74.2658 0.484609 0.400488 77 -195 0 0.4 0.60776 0.412125 445 160 637 141 390 263 629 268 556 117 5.23154 397 505 3.12909
74.3324 0.484609 0.400488 77 -195 0 0.4 0.60776 0.412525 445 161 637 141 389 263 630 268 556 117 5.22645 397 505 3.12909
74.3991 0.484609 0.400488 77 -195 0 0.4 0.60776 0.412925 446 161 637 141 390 263 630 268 555 118 5.17604 397 505 3.12909
74.4658 0.484609 0.402031 75 -197 0 0.4 0.60776 0.413325 446 161 637 141 390 263 630 268 556 118 5.19929 397 505 3.12909
74.5324 0.484609 0.402031 75 -197 0 0.4 0.60776 0.413725 446 161 637 141 390 263 630 268 557 119 5.20355 397 505 3.12909
74.5991 0.484609 0.402031 75 -197 0 0.4 0.60776 0.414125 446 161 637 141 390 263 630 268 557 119 5.20355 397 505 3.12909
74.6658 0.484609 0.404087 76 -191 0 0.4 0.60776 0.414525 446 161 637 141 390 263 630 268 557 119 5.20355 397 505 3.12909
74.7324 0.484609 0.404087 76 -191 0 0.4 0.60776 0.414925 446 161 638 141 389 263 630 268 556 119 5.16669 397 505 3.12909
74.7991 0.484609 0.404087 76 -191 0 0.4 0.60776 0.415325 447 162 638 141 390 263 630 268 558 119 5.19876 397 505 3.12909
74.8658 0.484609 0.404344 75 -203 0 0.4 0.60776 0.415725 447 162 638 141 390 263 631 268 558 119 5.18973 397 505 3.12909
74.9324 0.484609 0.404344 75 -203 0 0.4 0.60776 0.416125 447 162 638 141 390 263 631 268 558 119 5.18973 397 505 3.12909
74.9991 0.484609 0.404344 75 -203 0 0.4 0.60776 0.416525 447 162 638 141 390 263 631 268 557 120 5.16669 397 505 3.12909
75.0658 0.484609 0.405629 77 -193 0 0.4 0.60776 0.416925 447 162 639 142 390 263 631 269 558 120 5.12539 397 505 3.12909
75.1324 0.484609 0.405629 77 -193 0 0.4 0.60776 0.417325 447 162 639 142 390 263 631 269 558 120 5.12539 397 505 3.12909
75.1991 0.484609 0.405629 77 -193 0 0.4 0.60776 0.417725 448 163 639 142 390 263 631 268 558 120 5.12539 397 505 3.12909
75.2658 0.484609 0.405887 77 -200 0 0.4 0.60776 0.418125 448 163 639 142 389 263 631 269 558 120 5.12956 397 505 3.12909
75.3324 0.484609 0.405887 77 -200 0 0.4 0.60776 0.418525 448 163 639 142 389 263 631 269 558 121 5.12956 397 505 3.12909
75.3991 0.484609 0.405887 77 -200 0 0.4 0.60776 0.418925 448 164 640 142 389 263 631 269 559 121 5.11592 397 505 3.12909
75.4658 0.484609 0.407172 77 -202 0 0.4 0.60776 0.419325 448 164 640 142 389 263 632 269 559 121 5.10244 397 505 3.14159
75.5324 0.484609 0.407172 77 -202 0 0.4 0.60776 0.419725 448 163 640 142 389 263 632 269 559 121 5.09857 397 505 3.14159
75.5991 0.484866 0.408971 78 -197 0 0.4 0.60776 0.420125 448 163 640 142 389 263 632 269 559 121 5.10244 397 505 3.12909
75.6658 0.484866 0.408971 78 -197 0 0.4 0.60776 0.420525 449 164 641 142 389 263 632 269 559 121 5.07956 397 505 3.12909
75.7324 0.484866 0.408971 78 -197 0 0.4 0.60776 0.420925 449 164 641 142 389 263 632 269 559 121 5.07956 397 505 3.12909
75.7991 0.484609 0.409485 78 -207 0 0.4 0.60776 0.421325 449 165 641 142 389 263 632 269 560 122 5.10244 397 505 3.12909
75.8658 0.484609 0.409485 78 -207 0 0.4 0.60776 0.421725 449 165 641 142 389 263 632 269 560 123 5.0929 397 505 3.12909
75.9324 0.484609 0.409485 78 -207 0 0.4 0.60776 0.422125 449 165 641 142 389 263 632 269 560 122 5.07956 397 505 3.12909
75.9991 0.484609 0.411542 78 -196 0 0.4 0.60776 0.422525 450 166 642 142 389 263 633 269 561 123 5.04713 397 505 3.12909
76.0658 0.484609 0.411542 78 -196 0 0.4 0.60776 0.422925 450 166 642 142 389 263 633 269 561 123 5.04713 397 505 3.12909
76.1324 0.484609 0.411542 78 -196 0 0.4 0.60776 0.423325 450 166 642 142 389 263 633 269 561 123 5.03414 397 505 3.12909
76.1991 0.484609 0.411542 78 -182 0 0.4 0.60776 0.423725 450 166 642 142 389 263 633 269 561 123 5.03414 397 505 3.14159
76.2658 0.484609 0.411542 78 -182 0 0.4 0.60776 0.424125 451 166 642 142 389 264 633 269 563 124 5.0773 397 505 3.12909
76.3325 0.484609 0.411542 78 -182 0 0.4 0.60776 0.424525 451 166 643 142 389 264 633 269 563 124 5.04051 397 505 3.12909
76.3991 0.484609 0.413855 78 -190 0 0.4 0.60776 0.424925 451 167 643 142 388 263 633 269 563 125 5.03414 397 505 3.12909
76.4658 0.484609 0.413855 78 -190 0 0.4 0.60776 0.425325 451 167 643 142 389 263 634 269 563 125 5.03414 397 505 3.12909
76.5325 0.484609 0.413855 78 -190 0 0.4 0.60776 0.425725 451 167 643 142 389 263 633 269 563 125 5.05109 397 505 3.12909
76.5991 0.484609 0.41514 78 -194 0 0.4 0.60776 0.426125 452 167 644 143 389 263 633 269 563 125 4.99494 397 505 3.12909
76.6658 0.484609 0.41514 78 -194 0 0 0.60776 0.426125 452 168 644 142 389 263 634 269 564 125 4.985 397 505 3.12909
76.7325 0.484866 0.41514 77 -195 0 0 0.60776 0.426125 452 168 644 142 389 263 634 269 564 125 4.985 397 505 3.12909
76.7991 0.484866 0.41514 77 -195 0 0 0.60776 0.426125 452 168 644 142 388 263 634 269 564 125 4.985 397 505 3.14159
76.8658 0.484866 0.41514 77 -195 0 0 0.60776 0.426125 452 168 644 142 388 263 634 269 564 126 5.04379 397 505 3.12909
76.9324 0.484609 0.417197 78 -196 0 0 0.60776 0.426125 452 168 644 142 388 263 634 269 564 126 5.04379 397 505 3.12909
76.9991 0.484609 0.417197 78 -196 0 0 0.60776 0.426125 452 168 644 143 388 263 634 269 564 126 4.98224 397 505 3.12909
77.0658 0.484609 0.417197 78 -196 0 0 0.60776 0.426125 453 169 645 143 388 263 634 269 564 126 4.96237 397 505 3.12909
77.1324 0.484609 0.417197 78 -189 0 0 0.60776 0.426125 453 169 645 143 388 263 635 269 565 127 4.93767 397 505 3.12909
77.1991 0.484609 0.417197 78 -189 0 0 0.60776 0.426125 453 169 645 143 388 263 635 269 565 127 4.93767 397 505 3.12909
77.2658 0.484609 0.417197 78 -189 0 0 0.60776 0.426125 453 169 645 143 388 263 635 269 565 127 4.93542 397 505 3.12909
77.3325 0.484609 0.417968 77 -196 0 0 0.60776 0.426125 453 169 645 143 388 263 635 269 565 127 4.92994 397 505 3.12909
77.3991 0.484609 0.417968 77 -196 0 0 0.60776 0.426125 453 169 645 143 389 263 635 270 565 127 4.92994 397 504 3.12894
77.4658 0.484609 0.417968 77 -196 0 0 0.60776 0.426125 453 169 645 143 388 263 635 270 565 127 4.92994 397 505 3.14159
77.5325 0.484609 0.417968 78 -196 0 0 0.60776 0.426125 453 169 645 143 388 263 635 269 565 127 4.94229 397 505 3.12909
77.5991 0.484609 0.417968 78 -196 0 0 0.60776 0.426125 453 169 645 143 388 263 635 270 565 127 4.93767 397 505 3.12909
77.6658 0.484609 0.417968 78 -196 0 0 0.60776 0.426125 453 170 645 143 389 263 635 269 565 127 4.93996 397 505 3.12909
77.7324 0.484609 0.418225 78 -195 0 0 0.60776 0.426125 453 170 645 143 389 263 635 269 565 127 4.93996 397 505 3.12909
77.7991 0.484609 0.418225 78 -195 0 0 0.60776 0.426125 453 170 645 143 388 263 635 270 565 127 4.94754 397 505 3.12909
77.8658 0.484609 0.418225 78 -195 -0.2 0.2 0.60756 0.426325 453 170 645 143 388 263 635 270 565 127 4.93542 397 505 3.14159
77.9324 0.484609 0.418225 78 -195 -0.2 0.2 0.60736 0.426525 453 170 645 143 388 263 635 270 565 127 4.94754 397 505 3.14159
77.9991 0.484609 0.418225 78 -195 -0.2 0.2 0.60716 0.426725 453 170 645 143 388 263 635 270 565 127 4.94754 397 505 3.14159
78.0658 0.484609 0.418225 78 -195 -0.2 0.2 0.60696 0.426925 453 170 645 143 388 263 635 269 565 127 4.94754 397 505 3.12909
78.1324 0.484609 0.418225 77 -195 -0.2 0.2 0.60676 0.427125 453 170 645 143 388 263 635 269 565 127 4.94754 397 505 3.14159
78.1991 0.484609 0.418225 77 -195 -0.2 0.2 0.60656 0.427325 453 170 645 143 388 263 635 269 565 127 4.94754 397 505 3.12909
78.2658 0.484609 0.418225 77 -195 -0.2 0.2 0.60636 0.427525 453 170 645 143 389 263 635 270 565 127 4.92994 397 505 3.14159
78.3325 0.484609 0.418225 60 -195 -0.2 0.2 0.60616 0.427725 453 170 645 143 389 263 635 270 565 127 4.92994 397 505 3.14159
78.3991 0.484609 0.418225 60 -195 -0.2 0.2 0.60596 0.427925 453 170 645 143 389 263 635 270 565 127 4.92994 397 505 3.12909
78.4658 0.484609 0.418225 60 -195 -0.2 0.2 0.60576 0.428125 453 170 645 143 388 263 635 270 565 127 4.92994 397 505 3.12909
78.5324 0.484609 0.419253 59 -188 -0.2 0.2 0.60556 0.428325 453 170 645 143 388 263 635 270 565 127 4.92994 397 505 3.12909
78.5991 0.484609 0.419253 59 -188 -0.2 0.2 0.60536 0.428525 453 170 645 143 388 263 635 270 565 128 4.91778 397 505 3.12909
78.6658 0.484609 0.419253 59 -188 -0.2 0.2 0.60516 0.428725 454 170 646 143 389 263 635 270 566 128 4.92994 397 505 3.12909
78.7324 0.484352 0.419253 43 -181 -0.2 0.2 0.60496 0.428925 454 171 646 143 388 263 635 270 566 128 4.92994 397 505 3.12909
78.7991 0.484352 0.419253 43 -181 -0.2 0.2 0.60476 0.429125 454 170 646 143 388 263 635 270 566 128 4.92994 397 505 3.12909
78.8658 0.484352 0.419253 43 -181 -0.2 0.2 0.60456 0.429325 454 171 646 143 388 263 636 269 566 128 4.90978 397 505 3.12909
78.9324 0.484095 0.420281 38 -181 -0.2 0.2 0.60436 0.429525 454 171 646 143 388 263 636 269 566 128 4.90978 397 505 3.12909
78.9991 0.484095 0.420281 38 -181 -0.2 0.2 0.60416 0.429725 454 171 646 143 389 263 636 269 566 129 4.90778 397 505 3.12909
79.0658 0.484095 0.420281 38 -181 -0.2 0.2 0.60396 0.429925 455 171 647 143 388 263 636 270 566 129 4.90778 397 505 3.12909
79.1325 0.483581 0.421053 41 -188 -0.2 0.2 0.60376 0.430125 455 171 647 143 388 263 636 270 566 129 4.90778 397 505 3.12909
79.1991 0.483581 0.421053 41 -188 -0.2 0.2 0.60356 0.430325 455 171 647 143 388 263 636 270 567 129 4.89131 397 505 3.12909
79.2658 0.483581 0.421053 41 -188 0 0 0.60356 0.430325 455 172 648 143 389 263 636 270 568 130 4.90978 397 505 3.14159
79.3324 0.48281 0.421053 44 -167 0 0 0.60356 0.430325 455 172 648 143 389 263 636 270 568 129 4.86899 397 505 3.14159
79.3991 0.48281 0.421053 44 -167 0 0 0.60356 0.430325 455 172 648 143 388 263 636 270 568 130 4.87754 397 505 3.14159
79.4658 0.48281 0.421053 44 -167 0 0 0.60356 0.430325 456 172 648 143 388 263 636 270 569 130 4.85573 397 505 3.12909
79.5324 0.48281 0.422081 38 -184 0 0 0.60356 0.430325 456 172 648 143 389 263 636 270 569 130 4.87063 397 505 3.14159
79.5991 0.48281 0.422081 38 -184 0 0 0.60356 0.430325 456 172 648 144 389 263 637 270 569 131 4.90159 397 505 3.14159
79.6658 0.48281 0.422081 38 -184 0 0 0.60356 0.430325 456 173 649 143 389 263 637 270 569 130 4.86899 397 505 3.14159
79.7325 0.482038 0.422595 35 -178 0 0 0.60356 0.430325 456 173 649 143 389 263 637 270 569 130 4.86899 397 505 3.14159
79.7991 0.482038 0.422595 35 -178 0 0 0.60356 0.430325 456 173 649 144 389 263 637 270 569 130 4.86899 397 505 3.12909
79.8658 0.482038 0.422595 35 -178 0 0 0.60356 0.430325 457 173 649 143 389 263 637 270 569 132 4.84427 397 505 3.14159
79.9324 0.482038 0.423366 34 -178 0 0 0.60356 0.430325 457 173 649 144 389 263 637 270 570 131 4.82531 397 505 3.12909
79.9991 0.482038 0.423366 34 -178 0 0 0.60356 0.430325 457 173 649 144 389 263 637 270 569 132 4.84427 397 505 3.14159
80.0658 0.482038 0.423366 34 -178 0 0 0.60356 0.430325 457 173 649 144 389 263 637 270 570 131 4.82531 397 505 3.14159
80.1324 0.482038 0.423366 35 -178 0 0 0.60356 0.430325 457 174 649 144 389 263 637 270 570 131 4.84562 397 504 3.12909
80.1991 0.482038 0.423366 35 -178 0 0 0.60356 0.430325 457 173 649 144 389 263 637 270 570 131 4.84562 397 505 3.18053
80.2658 0.482038 0.423366 35 -178 0 0 0.60356 0.430325 457 173 650 144 389 263 637 270 570 131 4.83674 397 504 3.12909
80.3324 0.482038 0.423366 35 -178 0 0 0.60356 0.430325 457 173 650 144 389 263 637 270 570 131 4.83674 397 504 3.12909
80.3991 0.482038 0.423366 35 -178 0 0 0.60356 0.430325 457 173 649 144 389 263 637 270 570 131 4.84562 397 505 3.12909
80.4658 0.482038 0.423366 35 -178 0 0 0.60356 0.430325 457 174 650 144 389 263 637 270 570 131 4.83547 397 505 3.12909
80.5324 0.482038 0.423366 35 -178 0 0 0.60356 0.430325 457 173 650 144 389 263 637 270 570 131 4.84562 397 505 3.14159
80.5991 0.482038 0.423366 35 -178 0 0 0.60356 0.430325 457 174 650 144 389 263 637 270 570 131 4.83547 397 505 3.18053
80.6658 0.482038 0.423366 34 -178 0 0 0.60356 0.430325 457 174 650 144 389 263 637 270 570 132 4.84427 397 504 3.12909
80.7324 0.482038 0.423366 34 -178 0 0 0.60356 0.430325 457 174 650 144 389 263 637 270 570 132 4.84427 397 504 3.12909
80.7991 0.482038 0.423366 34 -178 0 0 0.60356 0.430325 457 174 650 144 389 263 637 270 570 132 4.84427 397 505 3.14159
80.8658 0.482038 0.423366 35 -178 0 0 0.60356 0.430325 457 174 650 144 389 263 637 270 570 132 4.83301 397 504 3.12909
80.9324 0.482038 0.423366 35 -178 0 0 0.60356 0.430325 457 174 650 144 389 263 637 270 570 132 4.83547 397 504 3.12909
80.9991 0.482038 0.423366 35 -178 0 0 0.60356 0.430325 457 174 650 144 389 263 637 270 570 132 4.83547 397 505 3.14159
81.0658 0.482038 0.423366 35 -178 0 0 0.60356 0.430325 457 174 650 144 389 263 637 270 570 132 4.83547 397 505 3.18053
81.1324 0.482038 0.423366 35 -178 0 0 0.60356 0.430325 457 174 650 144 389 263 637 270 570 132 4.83547 397 505 3.14159
81.1991 0.482038 0.423366 35 -178 0 0 0.60356 0.430325 457 174 650 144 389 263 637 270 570 132 4.83547 397 504 3.12894
81.2658 0.482038 0.423366 35 -178 0 0 0.60356 0.430325 457 174 650 144 389 263 637 270 570 132 4.83547 397 505 3.14159
81.3324 0.482038 0.423366 35 -178 -0.4 0 0.60316 0.430325 458 174 650 144 389 263 637 270 570 132 4.83547 397 505 3.14159
81.3991 0.482038 0.423366 35 -178 -0.4 0 0.60276 0.430325 457 174 650 144 389 263 637 270 570 132 4.83547 397 505 3.14159
81.4658 0.482038 0.423366 34 -177 -0.4 0 0.60236 0.430325 457 174 650 144 389 263 637 270 570 133 4.86024 397 505 3.14159
81.5324 0.482038 0.423366 34 -177 -0.4 0 0.60196 0.430325 457 174 650 144 389 263 637 270 570 133 4.86024 397 505 3.14159
81.5991 0.482038 0.423366 34 -177 -0.4 0 0.60156 0.430325 457 174 650 144 389 263 637 270 570 132 4.83547 397 505 3.12909
81.6658 0.482038 0.423366 35 -178 -0.4 0 0.60116 0.430325 457 174 650 144 389 263 637 270 570 132 4.83547 397 504 3.12909
81.7324 0.482038 0.423366 35 -178 -0.4 0 0.60076 0.430325 457 174 650 144 389 263 637 270 570 132 4.83547 397 504 3.12909
81.7991 0.482038 0.423366 35 -178 -0.4 0 0.60036 0.430325 458 174 650 144 389 263 638 270 571 132 4.81618 397 505 3.14159
81.8658 0.481267 0.423366 35 -178 -0.4 0 0.59996 0.430325 458 174 650 144 389 263 638 270 571 132 4.83674 397 505 3.12909
81.9324 0.481267 0.423366 35 -178 -0.4 0 0.59956 0.430325 458 174 650 144 389 263 638 270 571 132 4.83674 397 505 3.12909
81.9991 0.481267 0.423366 -3 -178 -0.4 0 0.59916 0.430325 458 174 650 144 389 263 638 270 571 132 4.83674 397 505 3.14159
82.0658 0.481267 0.423366 -3 -178 -0.4 0 0.59876 0.430325 458 174 650 144 389 263 638 270 571 132 4.83674 397 505 3.14159
82.1324 0.481267 0.423366 -3 -178 -0.4 0 0.59836 0.430325 458 174 650 144 389 263 638 270 571 132 4.83674 397 505 3.14159
82.1991 0.478954 0.423366 34 -177 -0.4 0 0.59796 0.430325 459 174 651 144 390 263 639 270 572 133 4.81618 397 505 3.14159
82.2658 0.478954 0.423366 34 -177 -0.4 0 0.59756 0.430325 459 174 651 144 390 263 639 270 572 133 4.81512 397 505 3.14159
82.3325 0.478954 0.423366 34 -177 -0.4 0 0.59716 0.430325 459 174 652 144 390 263 639 270 572 133 4.81512 397 504 3.12894
82.3991 0.478954 0.423623 32 -170 -0.4 0 0.59676 0.430325 460 175 651 144 390 263 639 270 572 133 4.81512 397 505 3.14159
82.4658 0.478954 0.423623 32 -170 -0.4 0 0.59636 0.430325 460 175 652 144 390 263 640 270 573 133 4.78443 397 505 3.12894
82.5324 0.478954 0.423623 32 -170 -0.4 0 0.59596 0.430325 460 175 652 144 390 263 640 270 573 133 4.78443 397 505 3.12894
82.5991 0.477154 0.423623 26 -170 -0.4 0 0.59556 0.430325 460 175 652 144 390 263 640 270 573 133 4.79384 397 505 3.12894
82.6658 0.477154 0.423623 26 -170 -0.4 0 0.59516 0.430325 460 175 652 144 390 263 640 270 573 133 4.79384 397 505 3.12894
82.7325 0.477154 0.423623 26 -170 -0.4 0 0.59476 0.430325 460 175 652 144 390 263 640 270 573 133 4.81306 397 505 3.14159
82.7991 0.475869 0.423623 36 -170 -0.4 0 0.59436 0.430325 461 175 653 145 391 263 640 270 574 134 4.81512 397 505 3.14159
82.8658 0.475869 0.423623 36 -170 -0.4 0 0.59396 0.430325 461 175 653 144 391 263 640 271 574 134 4.80587 397 505 3.11628
82.9325 0.475869 0.423623 36 -170 -0.4 0 0.59356 0.430325 461 175 653 145 391 263 640 271 574 134 4.80587 398 505 3.14159
82.9991 0.475869 0.423623 -2 -170 -0.4 0 0.59316 0.430325 461 175 653 144 391 263 640 271 574 134 4.78594 397 505 3.14159
83.0658 0.475869 0.423623 -2 -170 -0.4 0 0.59276 0.430325 461 175 654 145 391 263 640 271 575 134 4.7964 397 504 3.12894
83.1325 0.475869 0.423623 -2 -170 -0.4 0 0.59236 0.430325 462 176 655 145 392 263 641 271 576 135 4.81512 397 505 3.14159
83.1991 0.47407 0.424394 36 -153 -0.4 0 0.59196 0.430325 463 176 656 145 392 263 641 271 577 135 4.81618 397 504 3.12894
83.2658 0.47407 0.424394 36 -153 -0.4 0 0.59156 0.430325 464 176 656 145 392 263 641 271 577 135 4.7982 397 504 3.12894
83.3325 0.47407 0.424394 36 -153 -0.4 0 0.59116 0.430325 464 176 656 145 392 263 641 271 576 134 4.76389 397 504 3.12894
83.3991 0.473556 0.424394 26 -153 -0.4 0 0.59076 0.430325 465 177 657 146 393 262 642 271 579 135 4.7964 398 504 3.12909
83.4658 0.473556 0.424394 26 -153 -0.4 0 0.59036 0.430325 465 176 657 145 393 262 643 271 579 135 4.78443 398 504 3.12909
83.5325 0.471756 0.424394 30 -153 -0.4 0 0.58996 0.430325 465 176 657 145 393 262 643 271 579 135 4.76497 398 504 3.12909
83.5991 0.471756 0.424394 30 -153 -0.4 0 0.58956 0.430325 465 176 657 145 393 262 643 271 579 135 4.76497 398 505 3.1166
83.6658 0.471756 0.424394 30 -153 -0.4 0 0.58916 0.430325 465 177 658 145 393 262 643 271 579 135 4.76497 398 504 3.12909
83.7324 0.470214 0.425165 21 -136 -0.4 0 0.58876 0.430325 467 177 659 146 394 262 644 272 581 136 4.77481 398 504 3.12909
83.7991 0.470214 0.425165 21 -136 -0.4 0 0.58836 0.430325 468 177 660 146 395 262 644 272 582 136 4.77417 398 504 3.12909
83.8658 0.470214 0.425165 21 -136 -0.4 0 0.58796 0.430325 468 177 660 146 395 262 644 272 582 137 4.7837 398 504 3.12909
83.9324 0.469957 0.425165 -1 -134 -0.4 0 0.58756 0.430325 468 177 660 146 395 262 644 272 582 137 4.7837 398 504 3.12909
83.9991 0.469957 0.425165 -1 -134 -0.4 0 0.58716 0.430325 468 177 660 146 395 262 644 272 582 137 4.7837 398 504 3.12909
84.0658 0.469957 0.425165 -1 -134 -0.4 0 0.58676 0.430325 470 178 662 147 397 263 645 272 584 138 4.74464 398 504 3.12909
84.1324 0.468158 0.424908 16 -135 -0.4 0 0.58636 0.430325 470 178 662 147 397 263 645 272 585 138 4.79729 398 504 3.12909
84.1991 0.468158 0.424908 16 -135 -0.4 0 0.58596 0.430325 470 178 662 147 397 263 645 272 585 138 4.79729 398 504 3.12909
84.2658 0.468158 0.424908 16 -135 -0.4 0 0.58556 0.430325 470 178 662 147 397 263 645 272 584 136 4.75277 398 504 3.11691
84.3324 0.467901 0.425165 19 -134 -0.4 0 0.58516 0.430325 470 178 663 147 397 262 646 272 585 137 4.77682 398 504 3.12909
84.3991 0.467901 0.425165 19 -134 -0.4 0 0.584759 0.430325 472 178 664 147 398 262 646 272 585 137 4.77682 398 504 3.12909
84.4658 0.467901 0.425165 19 -134 -0.4 0 0.584359 0.430325 472 178 664 147 398 262 646 272 585 137 4.77682 398 504 3.12909
84.5324 0.466615 0.425165 20 -135 -0.4 0 0.583959 0.430325 472 178 664 147 398 262 646 272 586 137 4.71239 398 504 3.12909
84.5991 0.466615 0.425165 20 -135 -0.4 0 0.583559 0.430325 472 178 664 147 398 262 647 272 586 138 4.71239 398 504 3.12909
84.6658 0.466615 0.425165 20 -135 -0.4 0 0.583159 0.430325 472 178 665 147 399 262 647 273 587 138 4.7536 397 504 3.11628
84.7324 0.464816 0.425937 15 -105 -0.4 0 0.582759 0.430325 475 179 667 148 400 262 648 273 589 138 4.66089 398 504 3.12909
84.7991 0.464816 0.425937 15 -105 -0.4 0 0.582359 0.430325 476 179 668 148 401 262 648 273 590 139 4.64108 398 504 3.12909
84.8658 0.464816 0.425937 15 -105 -0.4 0 0.581959 0.430325 476 179 668 148 401 262 648 273 590 139 4.64108 398 504 3.12909
84.9324 0.464559 0.426451 27 -105 -0.4 0 0.581559 0.430325 476 179 668 148 401 262 649 273 591 139 4.76497 398 504 3.12909
84.9992 0.464559 0.426451 27 -105 -0.4 0 0.581159 0.430325 478 180 670 148 401 262 650 273 592 140 4.64035 398 504 3.11596
85.0658 0.464559 0.426451 27 -105 -0.4 0 0.580759 0.430325 478 180 671 149 402 262 650 274 593 140 4.733 397 504 3.12909
85.1324 0.462502 0.426451 15 -105 -0.4 0 0.580359 0.430325 478 180 670 149 402 262 650 274 593 140 4.733 397 504 3.12909
85.1991 0.462502 0.426451 15 -105 -0.4 0 0.579959 0.430325 478 180 670 149 403 262 650 273 593 140 4.74299 397 504 3.14159
85.2658 0.462502 0.426451 15 -105 -0.4 0 0.579559 0.430325 478 180 670 149 403 262 650 274 593 140 4.74299 398 504 3.12861
85.3324 0.461217 0.426451 16 -99 -0.4 0 0.579159 0.430325 480 180 672 149 404 262 651 274 595 141 4.733 398 504 3.10364
85.3991 0.461217 0.426451 16 -99 -0.4 0 0.578759 0.430325 480 181 673 149 404 262 651 274 595 141 4.74396 398 504 3.11596
85.4658 0.461217 0.426451 16 -99 -0.4 0 0.578359 0.430325 480 181 673 149 404 262 651 274 596 142 4.73366 398 504 3.11596
85.5324 0.460446 0.426708 14 -98 -0.4 0 0.577959 0.430325 480 181 673 149 404 262 651 274 594 141 4.62081 398 504 3.11596
85.5991 0.460446 0.426708 14 -98 -0.4 0 0.577559 0.430325 481 181 673 149 404 262 652 274 596 142 4.73366 398 504 3.11596
85.6658 0.458904 0.426708 15 -98 -0.4 0 0.577159 0.430325 482 181 674 150 404 262 652 274 596 141 4.59947 397 504 3.12894
85.7324 0.458904 0.426708 15 -98 -0.4 0 0.576759 0.430325 482 181 674 150 404 262 653 274 596 141 4.60061 397 504 3.14159
85.7991 0.458904 0.426708 15 -98 -0.4 0 0.576359 0.430325 482 181 674 150 404 262 653 274 596 141 4.60061 397 504 3.12894
85.8658 0.458904 0.426708 -3 -85 -0.4 0 0.575959 0.430325 482 181 674 150 404 262 653 274 596 141 4.60061 397 504 3.12894
85.9324 0.458904 0.426708 -3 -85 -0.4 0 0.575559 0.430325 483 181 675 150 406 262 653 275 597 141 4.60751 397 504 3.12894
85.9991 0.458904 0.426708 -3 -85 -0.4 0 0.575159 0.430325 483 181 675 150 406 262 653 275 597 141 4.60751 397 504 3.12894
86.0658 0.456847 0.427222 15 -86 -0.4 0 0.574759 0.430325 484 182 676 150 407 262 654 275 598 142 4.5983 397 504 3.12894
86.1324 0.456847 0.427222 15 -86 -0.4 0 0.574359 0.430325 485 182 677 151 407 263 654 275 599 142 4.59947 397 504 3.12894
86.1991 0.456847 0.427222 15 -86 -0.4 0 0.573959 0.430325 485 182 677 151 407 263 654 275 599 141 4.62173 397 504 3.12894
86.2658 0.455562 0.427222 13 -81 -0.4 0 0.573559 0.430325 486 183 678 151 408 263 655 276 601 143 4.58803 397 504 3.12894
86.3324 0.455562 0.427222 13 -81 -0.4 0 0.573159 0.430325 487 183 679 151 409 262 655 276 601 143 4.58803 397 504 3.12894
86.3991 0.455562 0.427222 13 -81 -0.4 0 0.572759 0.430325 487 183 679 151 409 262 656 276 602 143 4.60751 397 504 3.12894
86.4658 0.455048 0.427479 13 -75 -0.4 0 0.572359 0.430325 487 183 679 151 409 262 656 276 602 143 4.60751 398 504 3.1166
86.5325 0.455048 0.427479 13 -75 -0.4 0 0.571959 0.430325 487 183 679 151 409 262 656 276 601 143 4.5983 397 504 3.12894
86.5991 0.455048 0.427479 13 -75 0 0 0.571959 0.430325 488 183 681 152 410 262 657 276 604 144 4.58542 398 504 3.19283
86.6658 0.453249 0.427736 12 -73 0 0 0.571959 0.430325 488 183 681 152 410 262 657 276 604 144 4.58542 398 504 3.19283
86.7324 0.453249 0.427736 12 -73 0 0 0.571959 0.430325 489 184 682 152 411 263 657 276 604 144 4.57779 397 504 3.12894
86.7991 0.453249 0.427736 12 -73 0 0 0.571959 0.430325 490 184 682 152 411 262 657 276 604 144 4.56758 398 504 3.14159
86.8658 0.452991 0.427736 16 -65 0 0 0.571959 0.430325 490 184 682 152 411 263 657 276 604 144 4.56758 397 504 3.12894
86.9324 0.452991 0.427736 16 -65 0 0 0.571959 0.430325 491 184 683 153 412 262 658 277 605 145 4.56758 398 504 3.19283
87.0008 0.452991 0.427736 16 -65 0 0 0.571959 0.430325 492 185 684 153 412 263 658 277 606 144 4.58182 398 504 3.14159
87.0658 0.451192 0.427993 12 -68 0 0 0.571959 0.430325 492 185 684 153 412 263 658 277 607 146 4.57496 398 504 3.14159
87.1325 0.451192 0.427993 12 -68 0 0 0.571959 0.430325 492 184 684 153 412 263 658 277 607 146 4.57496 398 504 3.19283
87.1991 0.451449 0.427993 10 -69 0 0 0.571959 0.430325 492 184 684 153 412 263 658 277 607 146 4.57496 398 504 3.14159
87.2658 0.451449 0.427993 10 -69 0 0 0.571959 0.430325 492 184 684 153 412 263 658 277 607 146 4.57496 398 504 3.14159
87.3325 0.451449 0.427993 10 -69 0 0 0.571959 0.430325 492 184 684 153 412 263 658 277 607 145 4.56297 397 504 3.12894
87.3991 0.451192 0.427993 13 -69 0 0 0.571959 0.430325 492 184 684 153 412 262 658 277 607 146 4.57496 398 503 3.18004
87.4658 0.451192 0.427993 13 -69 0 0 0.571959 0.430325 492 184 684 153 412 263 658 277 607 146 4.57496 397 504 3.12894
87.5325 0.451192 0.427993 13 -69 0 0 0.571959 0.430325 492 184 684 153 412 262 658 277 607 145 4.56297 398 504 3.19283
87.5991 0.451192 0.427993 13 -69 0 0 0.571959 0.430325 492 184 684 153 412 262 658 277 607 145 4.56297 397 504 3.12894
87.6658 0.451192 0.427993 13 -69 0 0 0.571959 0.430325 492 184 684 153 412 262 658 277 607 145 4.56297 397 504 3.12894
87.7324 0.451192 0.427993 13 -69 0 0 0.571959 0.430325 492 184 684 153 412 262 658 277 607 145 4.56297 398 504 3.1166
87.7991 0.451192 0.427993 14 -69 0 0 0.571959 0.430325 492 184 684 153 412 263 658 277 607 145 4.56297 397 504 3.12894
87.8658 0.451192 0.427993 14 -69 0 0 0.571959 0.430325 492 184 684 153 412 262 658 277 607 145 4.56297 398 504 3.19283
87.9324 0.451192 0.427993 14 -69 0 0 0.571959 0.430325 492 184 684 153 412 263 658 277 607 145 4.56297 397 504 3.12894
87.9991 0.451192 0.427993 13 -69 0 0 0.571959 0.430325 492 185 684 153 412 262 658 277 607 145 4.56297 397 504 3.12894
88.0658 0.451192 0.427993 13 -69 0 0 0.571959 0.430325 492 184 684 153 412 262 658 277 607 145 4.56297 398 503 3.18004
88.1324 0.451192 0.427993 13 -69 0 0 0.571959 0.430325 492 184 684 153 412 263 658 277 607 145 4.56297 398 503 3.12909
88.1991 0.451192 0.427993 13 -69 0 0 0.571959 0.430325 492 184 684 153 412 262 658 277 607 145 4.56297 397 504 3.12894
88.2658 0.451192 0.427993 13 -69 0 0 0.571959 0.430325 492 184 684 153 412 262 658 277 607 145 4.56297 398 504 3.14159
88.3325 0.451192 0.427993 13 -69 0 0 0.571959 0.430325 492 184 684 153 412 262 658 277 607 145 4.56297 398 504 3.1166
88.3991 0.451192 0.427993 14 -69 0 0 0.571959 0.430325 492 184 684 153 412 263 658 277 607 145 4.56297 398 503 3.18004
88.4658 0.451192 0.427993 14 -69 0 0 0.571959 0.430325 492 185 684 153 412 263 658 277 607 145 4.56297 398 504 3.14159
88.5324 0.451192 0.427993 14 -69 0 0 0.571959 0.430325 492 185 684 153 412 263 658 277 607 145 4.56297 398 504 3.12909
88.5991 0.451192 0.427993 13 -69 0 0 0.571959 0.430325 492 185 684 153 412 263 658 277 607 145 4.56297 397 504 3.12894
88.6658 0.451192 0.427993 13 -69 0 0 0.571959 0.430325 492 185 684 153 412 262 658 277 607 145 4.56297 398 504 3.14159
88.7324 0.451192 0.427993 13 -69 0 0 0.571959 0.430325 492 185 684 153 412 262 658 277 607 145 4.56297 398 504 3.14159
88.7991 0.451192 0.427993 14 -69 0 0 0.571959 0.430325 492 185 684 153 412 262 658 277 607 145 4.56297 398 504 3.12909
88.8658 0.451192 0.427993 14 -69 0 0 0.571959 0.430325 492 185 684 153 412 262 659 277 607 145 4.55415 398 504 3.12909
88.9324 0.451192 0.427993 14 -69 0 0 0.571959 0.430325 492 185 684 153 412 262 658 277 607 145 4.56297 397 504 3.12894
88.9991 0.451192 0.427993 10 -69 0 0 0.571959 0.430325 492 185 684 153 412 262 658 277 607 145 4.56297 398 504 3.19283
89.0658 0.451192 0.427993 10 -69 0 0 0.571959 0.430325 492 185 684 153 412 262 658 277 607 145 4.56297 397 504 3.12894
89.1324 0.451192 0.427993 13 -69 0 0 0.571959 0.430325 492 185 684 153 412 262 658 277 607 145 4.56297 398 503 3.18004
89.1991 0.451192 0.427993 13 -69 0 0 0.571959 0.430325 492 185 684 153 412 263 658 277 607 145 4.56297 397 504 3.12894
89.2658 0.451192 0.427993 13 -69 0 0 0.571959 0.430325 492 185 684 153 412 262 658 277 607 145 4.56297 397 504 3.12894
89.3324 0.451192 0.427993 14 -70 0 0 0.571959 0.430325 492 185 684 153 412 262 658 277 607 145 4.56297 398 504 3.19283
89.3991 0.451192 0.427993 14 -70 0 0 0.571959 0.430325 492 185 684 153 412 262 658 277 607 145 4.56297 398 504 3.14159
89.4658 0.451192 0.427993 14 -70 0 0 0.571959 0.430325 492 185 684 153 412 263 659 277 607 145 4.55415 397 504 3.12894
89.5324 0.451192 0.427993 13 -69 0 -0.4 0.571959 0.429925 492 185 684 153 412 262 658 277 607 145 4.56297 397 504 3.12894
89.5991 0.451192 0.427993 13 -69 0 -0.4 0.571959 0.429525 492 185 684 153 412 262 658 277 607 145 4.56297 398 504 3.19283
89.6658 0.451192 0.427993 13 -69 0 -0.4 0.571959 0.429125 492 185 684 153 412 262 658 277 607 145 4.55415 397 504 3.12894
89.7324 0.451192 0.427993 14 -69 0 -0.4 0.571959 0.428725 492 185 684 153 412 262 659 277 607 145 4.56297 397 504 3.12894
89.7991 0.451192 0.427993 14 -69 0 -0.4 0.571959 0.428325 492 185 684 153 412 263 658 277 607 145 4.56297 397 504 3.12894
89.8658 0.451192 0.427993 14 -69 0 -0.4 0.571959 0.427925 492 185 684 153 412 262 658 277 607 145 4.56297 398 504 3.14159
89.9325 0.451192 0.427736 15 -69 0 -0.4 0.571959 0.427525 492 185 684 153 412 262 658 277 607 145 4.55415 397 504 3.12894
89.9991 0.451192 0.427736 15 -69 0 -0.4 0.571959 0.427125 492 185 684 153 412 262 658 277 607 145 4.55415 397 504 3.12894
90.0658 0.451192 0.427736 15 -69 0 -0.4 0.571959 0.426725 492 185 684 153 412 262 658 277 607 145 4.56297 398 504 3.19283
90.1325 0.451192 0.427993 15 -33 0 -0.4 0.571959 0.426325 492 185 684 153 412 262 658 277 607 145 4.55415 398 504 3.19283
90.1991 0.451192 0.427993 15 -33 0 -0.4 0.571959 0.425925 492 185 684 153 412 262 658 277 607 145 4.55415 398 504 3.12909
90.2658 0.451192 0.427993 15 -33 0 -0.4 0.571959 0.425525 492 185 684 153 412 262 658 277 607 145 4.55415 398 504 3.19283
90.3324 0.451192 0.427993 14 -29 0 -0.4 0.571959 0.425125 492 185 684 153 412 262 658 277 607 145 4.55415 398 504 3.19283
90.3991 0.451192 0.427993 14 -29 0 -0.4 0.571959 0.424725 492 185 684 153 412 262 659 277 607 145 4.56297 398 504 3.12909
90.4658 0.451192 0.427993 14 -29 0 -0.4 0.571959 0.424325 492 185 684 153 412 262 658 277 607 145 4.56297 398 504 3.14159
90.5324 0.451192 0.426965 14 -19 0 -0.4 0.571959 0.423925 492 184 684 153 412 263 658 277 607 145 4.56297 398 504 3.12909
90.5991 0.451192 0.426965 14 -19 0 -0.4 0.571959 0.423525 492 184 684 153 412 263 658 277 607 145 4.56297 398 504 3.12909
90.6658 0.451192 0.426965 14 -19 0 -0.4 0.571959 0.423125 492 184 684 153 412 262 658 277 607 145 4.56297 398 504 3.12909
90.7324 0.451192 0.426451 13 -20 0 -0.4 0.571959 0.422725 492 184 684 153 412 262 658 277 607 145 4.56607 398 504 3.12909
90.7991 0.451192 0.426451 13 -20 0 -0.4 0.571959 0.422325 492 184 684 153 412 262 658 277 607 146 4.57496 398 504 3.12909
90.8658 0.451192 0.426451 13 -20 0 -0.4 0.571959 0.421925 491 184 684 153 412 262 658 277 607 146 4.57496 398 504 3.12909
90.9325 0.451449 0.424394 14 -20 0 -0.4 0.571959 0.421525 491 184 684 153 412 262 658 276 606 145 4.56758 398 504 3.12909
90.9991 0.451449 0.424394 14 -20 0 -0.4 0.571959 0.421125 491 184 684 153 412 262 658 277 606 145 4.56758 398 504 3.14159
91.0658 0.451449 0.424394 14 -20 0 -0.4 0.571959 0.420725 492 184 684 153 412 262 658 277 606 145 4.56758 398 504 3.12909
91.1324 0.451449 0.424137 13 -1 0 -0.4 0.571959 0.420325 492 184 684 153 412 262 658 277 606 145 4.56758 398 504 3.12909
91.1991 0.451449 0.424137 13 -1 0 -0.4 0.571959 0.419925 492 184 684 153 412 262 658 277 606 144 4.57639 398 504 3.12909
91.2658 0.451449 0.424137 13 -1 0 -0.4 0.571959 0.419525 491 183 684 153 412 262 658 277 605 144 4.57916 398 504 3.12909
91.3324 0.451192 0.422595 14 -20 0 -0.4 0.571959 0.419125 491 183 684 153 412 262 658 277 605 144 4.57916 398 504 3.14159
91.3997 0.451192 0.422595 14 -20 0 -0.4 0.571959 0.418725 491 183 684 153 412 262 658 277 605 144 4.57916 398 504 3.12909
91.4658 0.451192 0.422595 14 -20 0 -0.4 0.571959 0.418325 491 183 684 153 412 262 658 277 605 144 4.57916 398 504 3.12909
91.5324 0.451192 0.42131 15 -14 0 -0.4 0.571959 0.417925 491 183 683 153 412 262 658 277 605 143 4.58803 398 504 3.12909
91.5991 0.451192 0.42131 15 -14 0 -0.4 0.571959 0.417525 491 183 683 153 412 262 658 277 606 144 4.62658 398 504 3.12909
91.6658 0.451192 0.420796 12 1 0 -0.4 0.571959 0.417125 491 183 683 153 412 262 658 277 606 144 4.62658 398 504 3.12909
91.7324 0.451192 0.420796 12 1 0 -0.4 0.571959 0.416725 491 183 683 153 412 262 658 277 606 143 4.6064 398 504 3.12909
91.7991 0.451192 0.420796 12 1 0 -0.4 0.571959 0.416325 491 183 683 153 412 262 658 276 605 143 4.61891 398 504 3.12909
91.8658 0.451192 0.418996 13 -19 0 -0.4 0.571959 0.415925 490 182 683 153 412 262 658 276 605 142 4.6086 398 504 3.12909
91.9347 0.451192 0.418996 13 -19 0 -0.4 0.571959 0.415525 490 182 683 153 412 262 657 276 605 142 4.59947 398 504 3.12909
91.9991 0.451192 0.418996 13 -19 0 -0.4 0.571959 0.415125 490 182 682 152 412 262 658 276 605 142 4.59947 398 504 3.12909
92.0658 0.451192 0.418996 13 -19 0 -0.4 0.571959 0.414725 490 182 682 152 412 262 658 276 605 142 4.59947 398 504 3.12909
92.1324 0.451192 0.418996 13 -19 0 -0.4 0.571959 0.414325 490 181 682 152 412 262 657 276 605 142 4.73366 398 504 3.12909
92.1991 0.451192 0.418996 13 -19 0 -0.4 0.571959 0.413925 490 181 682 152 412 262 657 276 604 141 4.61987 398 504 3.12909
92.2658 0.451192 0.416683 15 -13 0 -0.4 0.571959 0.413525 490 181 682 152 412 262 657 276 604 142 4.63094 398 504 3.12909
92.3324 0.451192 0.416683 15 -13 0 -0.4 0.571959 0.413125 490 181 682 152 412 262 657 276 604 141 4.64108 398 504 3.12909
92.3991 0.451192 0.416683 15 -13 0 -0.4 0.571959 0.412725 490 181 682 152 412 262 657 276 604 141 4.62925 398 504 3.12909
92.4658 0.451192 0.416683 15 0 0 -0.4 0.571959 0.412325 490 181 682 152 412 262 657 276 604 141 4.64108 398 504 3.12909
92.5325 0.451192 0.416683 15 0 0 -0.4 0.571959 0.411925 490 181 682 152 412 262 657 276 604 141 4.64035 398 504 3.12909
92.5991 0.451192 0.416683 15 0 0 -0.4 0.571959 0.411525 489 180 682 152 412 262 657 276 605 141 4.74396 398 504 3.12909
92.6658 0.451192 0.415397 13 -4 0 -0.4 0.571959 0.411125 489 181 682 152 412 262 657 276 605 141 4.74396 398 504 3.14159
92.7324 0.451192 0.415397 13 -4 0 -0.4 0.571959 0.410725 489 181 682 152 412 262 657 276 604 140 4.66089 398 504 3.12909
92.7991 0.451192 0.415397 13 -4 0 -0.4 0.571959 0.410325 489 181 682 152 412 262 657 276 604 140 4.66089 398 504 3.12909
92.8658 0.451192 0.413341 13 0 0 -0.4 0.571959 0.409925 488 180 681 152 411 262 656 276 603 140 4.64035 398 504 3.14159
92.9324 0.451192 0.413341 13 0 0 -0.4 0.571959 0.409525 488 179 680 151 411 262 656 276 603 140 4.77613 398 504 3.12909
92.9991 0.451192 0.413341 13 0 0 -0.4 0.571959 0.409125 488 179 680 151 411 262 656 276 603 140 4.77613 398 504 3.12909
93.0658 0.451192 0.41257 15 0 0 -0.4 0.571959 0.408725 488 179 680 152 411 262 656 276 603 140 4.77613 398 504 3.14159
93.1324 0.451192 0.41257 15 0 0 -0.4 0.571959 0.408325 488 179 680 151 411 262 656 276 603 140 4.74499 398 504 3.12909
93.1991 0.451192 0.410771 12 2 0 -0.4 0.571959 0.407925 487 179 679 151 410 262 656 275 603 140 4.74499 398 504 3.12909
93.2658 0.451192 0.410771 12 2 0 -0.4 0.571959 0.407525 487 178 679 151 410 262 656 275 602 139 4.77481 398 504 3.12909
93.3325 0.451192 0.410771 12 2 0 -0.4 0.571959 0.407125 487 178 679 151 410 262 656 275 602 139 4.77481 398 504 3.12909
93.3991 0.451192 0.410771 13 0 0 -0.4 0.571959 0.406725 487 178 679 151 410 262 656 275 601 139 4.75537 398 503 3.12909
93.4658 0.451192 0.410771 13 0 0 -0.4 0.571959 0.406325 487 178 679 151 410 262 655 275 602 139 4.73389 398 503 3.15425
93.5324 0.451192 0.410771 13 0 0 -0.4 0.571959 0.405925 486 178 678 151 410 262 655 275 601 138 4.75537 398 504 3.12909
93.5991 0.451192 0.409228 13 0 0 -0.4 0.571959 0.405525 486 178 678 151 410 262 655 275 601 138 4.78443 398 504 3.12909
93.6658 0.451192 0.409228 13 0 0 -0.4 0.571959 0.405125 486 178 678 151 410 262 655 275 601 138 4.78443 398 504 3.14159
93.7324 0.451192 0.409228 13 0 0 -0.4 0.571959 0.404725 486 178 678 151 410 262 655 275 601 137 4.78594 398 504 3.12909
93.7991 0.451192 0.407686 13 0 0 -0.4 0.571959 0.404325 486 178 678 151 410 262 655 275 601 137 4.78594 398 504 3.12909
93.8658 0.451192 0.407686 13 0 0 -0.4 0.571959 0.403925 485 177 677 151 409 262 654 275 599 137 4.77481 398 504 3.12909
93.9324 0.451192 0.407686 13 0 0 -0.4 0.571959 0.403525 485 177 677 151 409 262 654 275 600 136 4.77481 398 504 3.12909
93.9991 0.451449 0.406915 10 0 0 -0.4 0.571959 0.403125 485 177 677 151 409 262 654 275 600 136 4.78443 398 504 3.12909
94.0658 0.451449 0.406915 10 0 0 -0.4 0.571959 0.402725 485 177 677 151 409 262 654 274 599 136 4.76553 398 504 3.12909
94.1324 0.451449 0.406915 10 0 0 -0.4 0.571959 0.402325 484 176 677 151 409 262 654 274 598 136 4.78594 398 504 3.12909
94.1991 0.451449 0.405372 7 0 0 -0.4 0.571959 0.401925 484 176 676 150 409 262 654 274 598 135 4.80491 398 504 3.14159
94.2658 0.451449 0.405372 7 0 0 -0.4 0.571959 0.401525 484 176 676 150 409 262 654 274 599 135 4.81618 398 504 3.12909
94.3324 0.451449 0.405372 7 0 0 -0.4 0.571959 0.401125 484 176 676 150 409 262 654 274 598 136 4.78672 398 504 3.12909
94.3991 0.451192 0.405115 12 1 0 -0.4 0.571959 0.400725 484 176 676 150 409 262 654 274 597 135 4.78594 398 504 3.12909
94.4658 0.451192 0.405115 12 1 0 -0.4 0.571959 0.400325 483 175 676 150 409 262 653 274 598 135 4.78594 398 504 3.12909
94.5324 0.451192 0.405115 12 1 0 -0.4 0.571959 0.399925 483 175 675 150 409 262 653 274 597 134 4.80684 398 504 3.12909
94.5991 0.451449 0.403316 10 2 0 -0.4 0.571959 0.399525 483 175 675 150 409 262 653 274 597 134 4.80684 398 503 3.12909
94.6658 0.451449 0.403316 10 2 0 -0.4 0.571959 0.399125 483 175 675 150 409 262 653 274 598 134 4.82531 398 504 3.12909
94.7324 0.451449 0.403316 10 2 0 -0.4 0.571959 0.398725 483 175 675 150 409 262 653 274 597 134 4.7964 398 503 3.15425
94.7991 0.451192 0.401517 9 1 0 -0.4 0.571959 0.398325 482 174 674 149 408 262 652 274 596 134 4.81618 398 504 3.12909
94.8658 0.451192 0.401517 9 1 0 -0.4 0.571959 0.397925 482 174 674 150 408 262 652 274 596 134 4.84699 398 503 3.15425
94.9325 0.451192 0.401517 9 1 0 -0.4 0.571959 0.397525 482 174 674 150 409 262 652 274 596 133 4.8572 398 504 3.12909
94.9991 0.451192 0.40126 10 4 0 -0.4 0.571959 0.397125 482 174 674 150 408 262 652 274 596 133 4.84839 398 504 3.12909
95.0658 0.451192 0.40126 10 4 0 -0.4 0.571959 0.396725 482 174 674 150 409 262 652 274 596 133 4.84839 398 504 3.12909
95.1325 0.451192 0.399974 10 2 0 -0.4 0.571959 0.396325 482 173 674 149 408 262 652 274 595 132 4.84982 398 503 3.15425
95.1991 0.451192 0.399974 10 2 0 -0.4 0.571959 0.395925 482 173 674 149 408 262 652 274 595 132 4.84982 398 504 3.12909
95.2658 0.451192 0.399974 10 2 0 -0.4 0.571959 0.395525 482 173 674 149 408 262 652 274 595 132 4.84982 398 504 3.12909
95.3325 0.451192 0.39946 12 0 0 -0.4 0.571959 0.395125 481 173 673 149 408 262 652 274 595 132 4.84982 398 504 3.12909
95.3991 0.451192 0.39946 12 0 0 -0.4 0.571959 0.394725 482 173 673 149 408 262 652 273 595 132 4.86024 398 504 3.14159
95.4658 0.451192 0.39946 12 0 0 -0.4 0.571959 0.394325 481 172 673 149 408 262 652 273 595 132 4.90357 398 504 3.12909
95.5325 0.451449 0.397918 8 2 0 -0.4 0.571959 0.393925 481 172 672 149 408 262 651 273 594 131 4.86899 398 503 3.15425
95.5991 0.451449 0.397918 8 2 0 -0.4 0.571959 0.393525 481 172 673 149 408 262 651 273 595 131 4.88099 398 504 3.12909
95.6658 0.451449 0.397918 8 2 0 -0.4 0.571959 0.393125 481 172 673 149 408 262 651 273 594 131 4.88099 398 504 3.14159
95.7324 0.451449 0.395861 8 3 0 -0.4 0.571959 0.392725 480 171 672 149 408 262 651 273 593 130 4.88946 398 504 3.12909
95.7991 0.451449 0.395861 8 3 0 -0.4 0.571959 0.392325 480 171 672 149 408 262 651 273 594 130 4.91573 398 504 3.12909
95.8658 0.451449 0.395861 8 3 0 -0.4 0.571959 0.391925 480 171 672 149 409 262 651 273 594 130 4.90778 398 504 3.12909
95.9324 0.451449 0.395604 12 0 0 -0.4 0.571959 0.391525 480 171 671 149 408 262 651 273 593 130 4.91989 398 504 3.12909
96.0066 0.451449 0.395604 12 0 0 -0.4 0.571959 0.391125 480 171 671 149 408 262 651 273 593 130 4.91989 398 503 3.15425
96.0658 0.451449 0.395604 12 0 0 -0.4 0.571959 0.390725 479 170 671 148 408 262 650 273 593 129 4.92203 398 504 3.14159
96.1324 0.451449 0.394062 7 1 0 -0.4 0.571959 0.390325 480 171 671 148 409 262 650 273 592 129 4.92203 398 504 3.14159
96.1991 0.451449 0.394062 7 1 0 -0.4 0.571959 0.389925 479 170 671 148 408 262 650 273 592 128 4.93447 398 504 3.12909
96.2658 0.451449 0.394062 7 1 0 -0.4 0.571959 0.389525 479 170 671 148 408 262 650 273 592 127 4.91989 398 504 3.12909
96.3324 0.451192 0.393805 7 1 0 -0.4 0.571959 0.389125 479 170 671 148 409 262 650 273 592 125 4.92645 398 504 3.12909
96.3991 0.451192 0.393805 7 1 0 -0.4 0.571959 0.388725 478 170 670 148 409 262 650 273 586 122 4.96259 398 504 3.12909
96.4658 0.451192 0.393805 7 1 0 -0.4 0.571959 0.388324 478 169 670 148 408 262 650 273 586 122 4.96259 398 504 3.1166
96.5324 0.451192 0.392006 6 1 0 -0.4 0.571959 0.387924 478 169 670 148 408 262 650 273 586 122 4.96259 397 503 3.12909
96.5991 0.451192 0.392006 6 1 0 -0.4 0.571959 0.387524 478 169 670 148 408 262 650 273 586 122 4.96259 398 503 3.19283
96.6658 0.451192 0.392006 6 1 0 -0.4 0.571959 0.387124 478 169 670 148 408 262 649 272 586 122 4.96259 398 503 3.19283
96.7324 0.451449 0.390206 10 1 0 -0.4 0.571959 0.386724 477 168 670 148 408 262 650 273 586 122 4.96259 397 503 3.11628
96.7991 0.451449 0.390206 10 1 0 -0.4 0.571959 0.386324 477 168 669 148 408 262 649 272 586 122 4.96259 398 503 3.12909
96.8658 0.451449 0.390206 7 3 0 -0.4 0.571959 0.385924 477 168 669 148 408 262 649 272 586 122 4.96259 398 503 3.15425
96.9324 0.451449 0.390206 7 3 0 -0.4 0.571959 0.385524 477 168 668 148 408 262 649 272 586 122 4.96259 398 503 3.15425
96.9991 0.451449 0.390206 7 3 0 -0.4 0.571959 0.385124 477 168 669 148 408 262 649 272 586 122 4.96259 397 503 3.18004
97.0658 0.451449 0.388407 7 0 0 -0.4 0.571959 0.384724 477 167 669 148 408 262 649 272 586 122 4.96259 398 504 3.1166
97.1325 0.451449 0.388407 7 0 0 -0.4 0.571959 0.384324 477 168 669 148 408 262 649 272 586 122 4.96259 398 504 3.12909
97.1991 0.451449 0.388407 7 0 0 -0.4 0.571959 0.383924 476 168 669 148 408 262 649 272 586 122 4.96259 398 504 3.12909
97.2658 0.451449 0.387893 7 1 0 -0.4 0.571959 0.383524 476 167 668 148 408 262 649 272 586 122 4.96259 398 503 3.14159
97.3324 0.451449 0.387893 7 1 0 -0.4 0.571959 0.383124 476 167 668 148 409 262 649 272 586 122 4.96259 398 503 3.12877
97.3991 0.451449 0.387893 7 1 0 -0.4 0.571959 0.382724 475 166 668 148 409 262 649 272 586 122 4.96259 397 503 3.18004
97.4658 0.451449 0.38635 6 3 0 -0.4 0.571959 0.382324 475 166 668 148 409 262 649 272 586 122 4.96259 398 504 3.12909
97.5324 0.451449 0.38635 6 3 0 -0.4 0.571959 0.381924 475 166 668 148 409 262 649 272 586 122 4.96259 397 504 3.12894
97.5991 0.451449 0.38635 6 3 0 -0.4 0.571959 0.381524 475 166 668 148 409 262 649 272 586 122 4.96259 398 504 3.12909
97.6658 0.451449 0.384808 10 2 0 -0.4 0.571959 0.381124 475 166 668 148 408 262 649 272 586 122 4.96259 398 504 3.12909
97.7324 0.451449 0.384808 10 2 0 -0.4 0.571959 0.380724 475 166 668 148 408 262 649 272 586 122 4.96259 398 504 3.12909
97.7991 0.451449 0.384808 10 2 0 -0.4 0.571959 0.380324 474 166 668 147 408 262 649 272 586 122 4.96259 398 504 3.12909
97.8658 0.451449 0.384551 8 4 0 -0.4 0.571959 0.379924 475 166 669 147 408 262 649 272 586 122 4.96259 398 504 3.12909
97.9324 0.451449 0.384551 8 4 0 -0.4 0.571959 0.379524 475 165 668 147 408 262 649 272 586 122 4.96259 398 503 3.15425
