58.9981 0.482038 0.320031 63 -66 -0.2 0.2 0.604303 0.322695 406 139 588 134 390 261 600 261 497 94 0.880005 397 503 3.12909
59.0648 0.482038 0.320031 63 -66 -0.2 0.2 0.604103 0.322895 406 139 588 134 390 261 600 261 497 94 0.873406 398 503 3.1294
59.1315 0.482038 0.320031 63 -66 -0.2 0.2 0.603903 0.323095 406 139 588 134 390 261 600 261 497 94 0.873406 398 503 3.10411
59.1981 0.482038 0.320031 63 -67 -0.2 0.2 0.603703 0.323295 406 139 588 134 390 261 600 261 497 94 0.873406 397 503 3.14159
59.2648 0.482038 0.320031 63 -67 -0.2 0.2 0.603503 0.323495 406 139 588 134 390 261 600 261 497 94 0.873406 398 503 3.10411
59.3315 0.482038 0.320031 63 -67 -0.2 0.2 0.603303 0.323695 406 139 588 134 390 261 600 261 497 94 0.880005 397 503 3.14159
59.3981 0.482038 0.320031 58 -69 -0.2 0.2 0.603103 0.323895 406 139 588 134 390 261 600 261 497 94 0.880005 398 503 3.10411
59.4648 0.482038 0.320031 58 -69 -0.2 0.2 0.602903 0.324095 406 139 588 134 390 261 600 261 497 94 0.880005 397 503 3.11691
59.5315 0.482038 0.320031 58 -69 -0.2 0.2 0.602703 0.324295 406 139 588 134 390 261 600 261 497 94 0.880005 397 503 3.14159
59.5981 0.482038 0.320288 39 -70 -0.2 0.2 0.602503 0.324495 406 139 588 134 390 261 600 261 497 94 0.873406 397 503 3.11628
59.6648 0.482038 0.320288 39 -70 -0.2 0.2 0.602303 0.324695 406 139 588 134 390 261 600 262 497 94 0.873406 397 503 3.11691
59.7315 0.482038 0.320288 33 -65 -0.2 0.2 0.602103 0.324895 406 139 588 134 390 261 600 261 497 94 0.873406 397 503 3.12909
59.7981 0.482038 0.320288 33 -65 -0.2 0.2 0.601903 0.325095 406 139 588 134 390 261 600 261 497 94 0.873406 397 503 3.14159
59.8648 0.482038 0.320288 33 -65 -0.2 0.2 0.601703 0.325295 406 139 588 134 390 261 600 261 497 94 0.873406 398 503 3.12909
59.9315 0.482038 0.321316 25 -68 -0.2 0.2 0.601503 0.325495 406 139 588 134 390 261 600 261 497 94 0.873406 398 503 3.12909
59.9981 0.482038 0.321316 25 -68 -0.2 0.2 0.601303 0.325695 406 139 588 134 390 261 600 261 497 94 0.873406 398 503 3.10411
60.0648 0.482038 0.321316 25 -68 -0.2 0.2 0.601103 0.325895 406 139 588 134 390 261 600 261 497 94 0.873406 398 503 3.11691
60.1315 0.481781 0.322344 24 -72 -0.2 0.2 0.600903 0.326095 406 139 588 134 390 261 600 261 497 94 0.873406 398 503 3.11691
60.1981 0.481781 0.322344 24 -72 -0.2 0.2 0.600703 0.326295 406 139 588 134 390 261 600 261 497 95 0.873406 398 503 3.12909
60.2648 0.481781 0.322344 24 -72 -0.2 0.2 0.600503 0.326495 406 139 588 134 390 261 600 262 497 95 0.873406 398 503 3.11691
60.3315 0.480753 0.322601 14 -78 -0.2 0.2 0.600303 0.326695 406 139 589 134 390 261 601 262 497 95 0.873406 398 503 3.11691
60.3981 0.480753 0.322601 14 -78 -0.2 0.2 0.600103 0.326895 407 139 589 134 390 261 601 262 497 95 0.873406 398 503 3.11691
60.4648 0.480753 0.322601 14 -78 -0.2 0.2 0.599903 0.327095 407 139 589 134 390 261 601 262 497 95 0.873406 398 503 3.12909
60.5315 0.480753 0.323115 -1 -78 -0.2 0.2 0.599703 0.327295 407 139 589 134 390 261 601 262 498 95 0.865518 398 503 3.12909
60.5981 0.480753 0.323115 -1 -78 -0.2 0.2 0.599503 0.327495 407 139 589 134 390 261 601 262 498 95 0.865518 397 503 3.11691
60.6648 0.480753 0.323115 -1 -78 -0.2 0.2 0.599303 0.327695 406 139 589 134 390 261 601 262 498 95 0.865518 398 503 3.11691
60.7315 0.479982 0.323115 15 -74 -0.2 0.2 0.599103 0.327895 407 139 590 135 390 261 601 261 498 95 0.865518 398 503 3.11691
60.7981 0.479982 0.323115 15 -74 -0.2 0.2 0.598903 0.328095 406 139 590 134 390 261 601 261 498 95 0.865518 398 503 3.12909
60.8648 0.479982 0.323115 15 -74 -0.2 0.2 0.598703 0.328295 407 139 590 134 390 261 601 262 498 95 0.865518 398 503 3.11691
60.9315 0.479982 0.323887 16 -72 -0.2 0.2 0.598503 0.328495 407 139 591 135 390 261 601 262 498 95 0.865518 398 503 3.11691
60.9981 0.479982 0.323887 16 -72 -0.2 0.2 0.598303 0.328695 408 139 592 134 391 261 602 262 498 95 0.865518 397 503 3.12909
61.0648 0.479982 0.323887 16 -72 -0.2 0.2 0.598103 0.328895 408 139 591 135 391 261 602 262 502 95 0.734348 398 503 3.10411
61.1315 0.478954 0.324658 16 -80 -0.2 0.2 0.597903 0.329095 408 139 592 134 391 261 603 262 502 95 0.734348 398 503 3.11691
61.1981 0.478954 0.324658 16 -80 -0.2 0.2 0.597703 0.329295 409 139 593 135 391 261 603 262 503 95 0.734348 398 503 3.11691
61.2648 0.47844 0.324658 11 -82 -0.2 0.2 0.597503 0.329495 409 139 593 134 391 261 603 262 503 95 0.727492 398 503 3.11691
61.3315 0.47844 0.324658 11 -82 -0.2 0.2 0.597303 0.329695 410 139 594 134 391 260 603 262 504 96 0.719799 398 503 3.12909
61.3981 0.47844 0.324658 11 -82 -0.2 0.2 0.597103 0.329895 411 139 594 135 392 261 604 262 504 96 0.719799 397 503 3.11628
61.4648 0.47844 0.324658 11 -82 -0.2 0.2 0.596903 0.330095 411 139 595 135 392 261 604 262 504 96 0.719799 398 503 3.11691
61.5315 0.477926 0.325429 0 -78 -0.2 0.2 0.596703 0.330295 412 139 595 135 392 261 604 262 505 95 0.719799 398 503 3.11691
61.5981 0.477926 0.325429 0 -78 -0.2 0.2 0.596503 0.330495 412 139 595 135 392 260 604 262 505 95 0.735793 398 503 3.12909
61.6648 0.477926 0.325429 0 -78 -0.2 0.2 0.596303 0.330695 412 139 596 135 393 261 605 262 505 95 0.735793 397 503 3.12909
61.7315 0.476897 0.3262 12 -75 -0.2 0.2 0.596103 0.330895 414 139 597 135 394 261 605 262 508 95 0.712001 398 503 3.12909
61.7981 0.476897 0.3262 12 -75 -0.2 0.2 0.595903 0.331095 414 139 597 135 394 261 605 262 508 95 0.712001 398 503 3.12909
61.8648 0.476897 0.3262 12 -75 -0.2 0.2 0.595703 0.331295 414 140 597 135 394 261 605 262 508 95 0.712001 398 503 3.1294
61.9315 0.47664 0.326457 11 -77 -0.2 0.2 0.595503 0.331495 414 139 598 135 395 261 606 262 509 96 0.705278 398 503 3.11691
61.9981 0.47664 0.326457 11 -77 -0.2 0.2 0.595303 0.331695 415 140 599 135 395 260 606 262 509 95 0.713061 398 503 3.14159
62.0648 0.47664 0.326457 11 -77 -0.2 0.2 0.595103 0.331895 415 139 599 135 395 260 606 262 510 96 0.697391 398 503 3.12909
62.1315 0.476383 0.327485 0 -75 -0.2 0.2 0.594903 0.332095 416 140 599 135 396 261 606 262 510 96 0.697391 398 503 3.11691
62.1981 0.476383 0.327485 0 -75 -0.2 0.2 0.594703 0.332295 416 140 599 135 396 261 607 262 511 96 0.69866 398 503 3.11691
62.2648 0.476383 0.327485 0 -75 -0.2 0.2 0.594503 0.332495 416 140 600 135 395 261 607 262 512 96 0.69866 398 502 3.12909
62.3315 0.475098 0.328257 14 -72 -0.2 0.2 0.594303 0.332695 417 140 601 135 396 260 608 263 512 96 0.690791 397 503 3.11628
62.3981 0.475098 0.328257 14 -72 -0.2 0.2 0.594103 0.332895 418 140 602 135 396 261 608 262 512 96 0.690791 397 503 3.11628
62.4648 0.474841 0.328514 16 -74 -0.2 0.2 0.593903 0.333095 418 140 602 135 396 261 608 262 514 96 0.690791 398 503 3.11691
62.5315 0.474841 0.328514 16 -74 -0.2 0.2 0.593703 0.333295 418 140 602 135 396 261 608 262 514 96 0.690791 397 503 3.11691
62.5981 0.474841 0.328514 16 -74 -0.2 0.2 0.593503 0.333495 419 140 603 135 397 261 609 262 514 96 0.690791 397 503 3.14159
62.6648 0.474327 0.329285 16 -72 -0.2 0.2 0.593303 0.333695 419 140 603 135 397 261 609 262 514 96 0.690791 398 503 3.10411
62.7315 0.474327 0.329285 16 -72 -0.2 0.2 0.593103 0.333895 420 140 604 135 397 261 609 262 514 96 0.690791 397 503 3.14159
62.7981 0.474327 0.329285 16 -72 -0.2 0.2 0.592903 0.334095 420 140 604 135 398 261 610 263 514 96 0.690791 398 503 3.12909
62.8648 0.473556 0.329542 12 -69 -0.2 0.2 0.592703 0.334295 421 140 605 135 398 261 610 263 515 96 0.709785 397 503 3.11628
62.9315 0.473556 0.329542 12 -69 -0.2 0.2 0.592503 0.334495 422 140 606 135 399 261 611 263 515 96 0.709785 397 503 3.11628
62.9981 0.473556 0.329542 12 -69 -0.2 0.2 0.592303 0.334695 422 140 606 135 399 261 611 263 515 96 0.709785 397 503 3.11691
63.0648 0.473299 0.330056 -2 -76 -0.2 0.2 0.592103 0.334895 423 140 606 135 399 261 611 263 519 97 0.668289 397 503 3.11628
63.1315 0.473299 0.330056 -2 -76 -0.2 0.2 0.591903 0.335095 423 140 606 135 399 261 611 263 519 97 0.668289 398 503 3.10411
63.1981 0.473299 0.330056 -2 -76 -0.2 0.2 0.591703 0.335295 423 140 607 135 400 261 611 263 518 96 0.696084 397 503 3.11628
63.2648 0.472527 0.331084 12 -77 -0.2 0.2 0.591503 0.335495 424 140 608 135 400 261 612 263 519 97 0.674741 398 503 3.1294
63.3315 0.472527 0.331084 12 -77 -0.2 0.2 0.591303 0.335695 424 140 608 135 401 261 612 263 521 97 0.661942 397 503 3.14159
63.3981 0.472527 0.331084 12 -77 -0.2 0.2 0.591103 0.335895 425 141 609 135 401 261 613 263 522 97 0.65381 398 503 3.11691
63.4648 0.471756 0.331341 11 -76 -0.2 0.2 0.590903 0.336095 425 140 609 135 401 261 613 263 522 97 0.65381 397 503 3.11691
63.5315 0.471756 0.331341 11 -76 -0.2 0.2 0.590703 0.336295 426 140 610 135 401 261 613 263 523 97 0.651869 398 503 3.11691
63.5981 0.471756 0.331341 11 -76 -0.2 0.2 0.590503 0.336495 426 141 610 135 402 261 613 263 523 96 0.6637 398 503 3.1294
63.6648 0.471242 0.332112 15 -78 -0.2 0.2 0.590303 0.336695 427 141 611 136 402 261 614 263 524 97 0.633297 398 503 3.11691
63.7315 0.471242 0.332112 15 -78 -0.2 0.2 0.590103 0.336895 428 141 611 135 402 261 614 263 524 97 0.631079 398 503 3.12909
63.7981 0.471242 0.332112 15 -78 -0.2 0.2 0.589903 0.337095 429 141 613 136 403 261 615 263 526 97 0.633297 397 503 3.14159
63.8648 0.470471 0.332369 14 -70 -0.2 0.2 0.589703 0.337295 429 141 613 136 403 261 615 263 526 97 0.633297 397 503 3.14159
63.9315 0.470471 0.332369 14 -70 -0.2 0.2 0.589503 0.337495 429 141 613 136 403 261 615 264 526 97 0.616648 398 503 3.11691
63.9981 0.470471 0.333141 -1 -79 -0.2 0.2 0.589303 0.337695 430 141 614 136 404 261 616 263 526 97 0.656348 398 503 3.10411
64.0648 0.470471 0.333141 -1 -79 -0.2 0.2 0.589103 0.337895 430 141 614 136 404 261 616 263 527 97 0.616648 398 503 3.11691
64.1315 0.470471 0.333141 -1 -79 -0.2 0.2 0.588903 0.338095 430 141 614 136 404 261 616 263 526 97 0.656348 398 503 3.1294
64.1981 0.4697 0.333141 13 -70 -0.2 0.2 0.588703 0.338295 430 141 615 136 404 261 616 263 527 97 0.658268 397 503 3.12909
64.2648 0.4697 0.333141 13 -70 -0.2 0.2 0.588503 0.338495 431 141 615 136 404 261 616 264 528 98 0.651869 398 503 3.11691
64.3315 0.4697 0.333141 13 -70 -0.2 0.2 0.588303 0.338695 432 141 616 136 405 261 617 263 530 98 0.639386 398 503 3.11691
64.3981 0.469443 0.334169 15 -77 -0.2 0.2 0.588103 0.338895 432 141 616 136 405 261 617 264 530 97 0.647591 397 503 3.11691
64.4648 0.469443 0.334169 15 -77 -0.2 0.2 0.587903 0.339095 432 141 616 136 405 261 617 263 529 97 0.661942 398 503 3.1294
64.5315 0.469443 0.334169 15 -77 -0.2 0.2 0.587703 0.339295 434 141 618 136 406 261 618 264 531 98 0.602287 398 503 3.11691
64.5981 0.468158 0.335197 11 -78 -0.2 0.2 0.587503 0.339495 434 141 618 136 406 261 618 264 532 97 0.62953 398 503 3.1294
64.6648 0.468158 0.335197 11 -78 -0.2 0.2 0.587303 0.339695 436 142 619 137 407 261 619 264 533 98 0.596501 397 503 3.11628
64.7315 0.468158 0.335197 11 -78 -0.2 0.2 0.587102 0.339895 435 142 619 137 407 261 619 264 534 98 0.599175 397 503 3.12909
64.7981 0.467901 0.335454 12 -76 -0.2 0.2 0.586902 0.340095 436 142 619 137 407 261 619 264 534 98 0.599175 398 503 3.1294
64.8648 0.467901 0.335454 12 -76 -0.2 0.2 0.586702 0.340295 436 142 620 137 407 261 619 264 534 98 0.596501 398 503 3.12909
64.9315 0.467386 0.336225 15 -76 -0.2 0.2 0.586502 0.340495 437 142 621 137 407 261 619 264 535 98 0.596501 397 503 3.14159
64.9981 0.467386 0.336225 15 -76 -0.2 0.2 0.586302 0.340696 437 142 621 137 407 261 620 264 535 98 0.596501 398 503 3.10411
65.0648 0.467386 0.336225 15 -76 -0.2 0.2 0.586102 0.340896 437 142 621 137 408 261 620 264 535 98 0.596501 397 503 3.14159
65.1315 0.466358 0.336482 12 -70 -0.2 0.2 0.585902 0.341096 438 142 622 137 408 261 620 264 535 98 0.641364 398 503 3.10411
65.1981 0.466358 0.336482 12 -70 -0.2 0.2 0.585702 0.341296 439 142 622 137 409 261 621 264 537 98 0.620249 397 503 3.14159
65.2648 0.466358 0.336482 12 -70 -0.2 0.2 0.585502 0.341496 439 142 623 137 409 261 621 265 536 98 0.608173 397 503 3.11691
65.3315 0.466358 0.336996 10 -78 -0.2 0.2 0.585302 0.341696 440 142 623 137 409 261 621 265 538 99 0.604902 398 503 3.10411
65.3981 0.466358 0.336996 10 -78 -0.2 0.2 0.585102 0.341896 440 142 623 137 410 261 621 265 538 98 0.621416 398 503 3.11691
65.4648 0.466358 0.336996 10 -78 -0.2 0.2 0.584902 0.342096 440 142 624 137 410 261 622 265 539 99 0.579407 397 503 3.11691
65.5315 0.465587 0.337767 12 -79 -0.2 0.2 0.584702 0.342296 441 142 625 137 410 261 622 265 540 99 0.579407 397 503 3.11691
65.5981 0.465587 0.337767 12 -79 -0.2 0.2 0.584502 0.342496 441 142 625 137 411 261 622 265 540 99 0.573799 398 503 3.11691
65.6648 0.465587 0.337767 12 -79 -0.2 0.2 0.584302 0.342696 442 143 626 137 411 261 622 265 542 99 0.573799 398 503 3.1294
65.7315 0.46533 0.338025 9 -78 -0.2 0.2 0.584102 0.342896 442 143 626 137 411 261 622 264 542 99 0.573799 397 503 3.14159
65.7981 0.46533 0.338025 9 -78 -0.2 0.2 0.583902 0.343096 443 143 627 137 412 261 623 265 543 98 0.590812 398 503 3.1294
65.8648 0.46533 0.338025 9 -78 -0.2 0.2 0.583702 0.343296 443 143 627 137 412 261 624 265 544 99 0.573799 398 503 3.11691
65.9315 0.464559 0.339053 14 -77 -0.2 0.2 0.583502 0.343496 444 143 628 138 413 262 624 265 544 100 0.549025 397 503 3.11691
65.9981 0.464559 0.339053 14 -77 -0.2 0.2 0.583302 0.343696 445 143 629 138 413 262 624 265 545 100 0.542189 397 503 3.11628
66.0648 0.464559 0.339053 14 -77 -0.2 0.2 0.583102 0.343896 445 143 629 138 413 262 624 265 545 100 0.554307 397 503 3.11628
66.1315 0.463788 0.33931 12 -72 -0.2 0.2 0.582902 0.344096 446 143 630 138 413 261 625 266 545 100 0.579407 397 503 3.12909
66.1981 0.463788 0.33931 12 -72 -0.2 0.2 0.582702 0.344296 446 143 631 138 414 262 625 265 546 99 0.582353 397 503 3.12909
66.2649 0.463788 0.33931 12 -72 -0.2 0.2 0.582502 0.344496 447 143 631 138 414 262 626 265 547 100 0.573799 397 503 3.11628
66.3315 0.463788 0.339824 0 -77 -0.2 0.2 0.582302 0.344696 447 143 631 138 414 262 625 265 547 99 0.568287 397 503 3.11628
66.3981 0.463788 0.339824 0 -77 -0.2 0.2 0.582102 0.344896 447 143 631 138 414 262 626 266 547 99 0.568287 398 503 3.10411
66.4648 0.462759 0.340338 13 -79 -0.2 0.2 0.581902 0.345096 448 144 632 138 414 262 626 266 548 100 0.565149 397 503 3.11691
66.5315 0.462759 0.340338 13 -79 -0.2 0.2 0.581702 0.345296 448 144 632 138 415 262 627 265 548 100 0.554307 398 503 3.11691
66.5981 0.462759 0.340338 13 -79 -0.2 0.2 0.581502 0.345496 449 144 633 138 415 262 627 265 550 100 0.528074 398 503 3.10411
66.6648 0.462502 0.340852 8 -79 -0.2 0.2 0.581302 0.345696 449 144 633 138 415 262 627 265 550 100 0.528074 398 503 3.10411
66.7315 0.462502 0.340852 8 -79 -0.2 0.2 0.581102 0.345896 450 144 634 139 416 262 627 266 550 100 0.549025 397 503 3.11691
66.7981 0.462502 0.340852 8 -79 -0.2 0.2 0.580902 0.346096 450 144 634 139 416 262 628 266 551 100 0.536911 397 503 3.11691
66.8648 0.461731 0.34188 14 -72 -0.2 0.2 0.580702 0.346296 451 144 635 139 416 262 628 266 552 101 0.522939 397 503 3.14159
66.9315 0.461731 0.34188 14 -72 -0.2 0.2 0.580502 0.346496 452 144 636 139 417 262 628 266 553 101 0.538624 397 503 3.11628
66.9981 0.461731 0.34188 14 -72 -0.2 0.2 0.580302 0.346696 452 145 636 139 417 262 628 266 553 101 0.547562 397 503 3.11628
67.0648 0.46096 0.34188 12 -67 -0.2 0.2 0.580102 0.346896 453 145 637 139 418 262 629 266 553 101 0.528074 397 503 3.11691
67.1315 0.46096 0.34188 12 -67 -0.2 0.2 0.579902 0.347096 453 145 637 139 418 262 629 266 554 102 0.514064 398 503 3.1294
67.1981 0.46096 0.34188 12 -67 -0.2 0.2 0.579702 0.347296 454 145 638 139 419 262 630 266 555 101 0.522939 397 503 3.12909
67.2648 0.46096 0.342909 12 -68 -0.2 0.2 0.579502 0.347496 454 145 638 139 418 262 630 266 556 101 0.522939 398 503 3.12909
67.3315 0.46096 0.342909 12 -68 -0.2 0.2 0.579302 0.347696 454 145 638 139 418 262 630 266 556 101 0.522939 397 503 3.11628
67.3981 0.46096 0.342909 12 -68 -0.2 0.2 0.579102 0.347896 455 145 639 139 419 262 631 267 557 101 0.514064 397 503 3.14159
67.4648 0.459932 0.34368 12 -74 -0.2 0.2 0.578902 0.348096 456 145 640 139 419 262 631 266 558 102 0.500161 398 503 3.10411
67.5315 0.459932 0.34368 12 -74 -0.2 0.2 0.578702 0.348296 457 145 640 140 420 262 632 267 558 102 0.482079 397 503 3.12909
67.5981 0.459932 0.34368 12 -74 -0.2 0.2 0.578502 0.348496 457 146 641 139 420 263 632 267 558 102 0.528074 397 503 3.14159
67.6648 0.459418 0.343937 10 -73 -0.2 0.2 0.578302 0.348696 457 146 641 139 420 262 632 267 559 102 0.504166 397 503 3.11691
67.7315 0.459418 0.343937 10 -73 -0.2 0.2 0.578102 0.348896 458 146 642 140 421 262 632 267 559 102 0.514064 397 503 3.11628
67.7981 0.459418 0.343937 10 -73 -0.2 0.2 0.577902 0.349096 458 146 642 140 421 263 633 267 560 103 0.514064 397 503 3.14159
67.8648 0.458647 0.344965 15 -72 -0.2 0.2 0.577702 0.349296 459 146 643 140 421 263 633 267 561 103 0.495311 397 503 3.14159
67.9315 0.458647 0.344965 15 -72 -0.2 0.2 0.577502 0.349496 460 146 644 140 422 262 633 267 562 103 0.468235 397 503 3.14159
67.9981 0.458133 0.344965 11 -68 -0.2 0.2 0.577302 0.349696 460 146 643 140 422 262 634 268 562 103 0.472907 397 503 3.12909
68.0648 0.458133 0.344965 11 -68 -0.2 0.2 0.577102 0.349896 460 146 644 140 422 263 634 267 563 103 0.477345 397 503 3.12909
68.1315 0.458133 0.344965 11 -68 -0.2 0.2 0.576902 0.350096 461 146 645 140 422 263 634 267 563 103 0.472907 397 503 3.11628
68.1981 0.457875 0.345736 5 -74 -0.2 0.2 0.576702 0.350296 461 146 645 141 423 263 634 268 564 103 0.472907 397 503 3.11691
68.2648 0.457875 0.345736 5 -74 -0.2 0.2 0.576502 0.350496 462 146 645 141 423 263 634 268 564 103 0.468235 397 503 3.12909
68.3315 0.457875 0.345736 5 -74 -0.2 0.2 0.576302 0.350696 462 147 646 141 423 263 635 268 564 103 0.519146 397 503 3.11691
68.3981 0.457104 0.346507 12 -72 -0.2 0.2 0.576102 0.350896 463 147 646 141 423 263 635 268 565 103 0.496811 397 503 3.11691
68.4648 0.457104 0.346507 12 -72 -0.2 0.2 0.575902 0.351096 463 147 647 141 424 263 635 268 566 104 0.472907 397 503 3.11691
68.5315 0.457104 0.346507 12 -72 -0.2 0.2 0.575702 0.351296 464 147 648 141 425 263 636 268 567 104 0.468235 397 503 3.12909
68.5981 0.45659 0.346764 9 -72 -0.2 0.2 0.575502 0.351496 464 147 648 141 424 263 635 268 567 104 0.468235 398 503 3.10411
68.6648 0.45659 0.346764 9 -72 -0.2 0.2 0.575302 0.351696 465 147 648 141 425 263 636 268 568 104 0.459039 397 503 3.11691
68.7315 0.45659 0.346764 9 -72 -0.2 0.2 0.575102 0.351896 465 147 649 141 425 263 637 268 568 104 0.468235 397 503 3.11691
68.7981 0.455819 0.347535 13 -73 -0.2 0.2 0.574902 0.352096 466 148 649 142 425 263 636 268 569 104 0.454302 397 503 3.11691
68.8648 0.455819 0.347535 13 -73 -0.2 0.2 0.574702 0.352296 467 148 650 142 426 263 637 268 570 105 0.440924 397 503 3.11691
68.9315 0.455305 0.347793 9 -73 -0.2 0.2 0.574502 0.352496 467 148 650 142 426 263 637 268 569 105 0.468342 397 503 3.12909
68.9981 0.455305 0.347793 9 -73 -0.2 0.2 0.574302 0.352696 467 148 651 142 426 263 638 268 571 104 0.436005 398 503 3.1294
69.0648 0.455305 0.347793 9 -73 -0.2 0.2 0.574102 0.352896 468 148 651 142 427 264 638 269 571 105 0.440924 398 503 3.11691
69.1315 0.455048 0.349078 12 -67 -0.2 0.2 0.573902 0.353096 468 148 652 142 427 263 639 268 571 105 0.454302 397 503 3.11628
69.1981 0.455048 0.349078 12 -67 -0.2 0.2 0.573702 0.353296 469 148 653 142 428 264 639 269 573 105 0.463648 397 503 3.14159
69.2648 0.455048 0.349078 12 -67 -0.2 0.2 0.573502 0.353496 469 148 653 142 428 264 639 269 573 106 0.426627 398 503 3.1294
69.3315 0.45402 0.349078 9 -65 -0.2 0.2 0.573302 0.353696 470 148 654 143 428 264 639 269 574 106 0.450074 397 503 3.11691
69.3981 0.45402 0.349078 9 -65 -0.2 0.2 0.573102 0.353896 471 148 654 143 428 263 640 269 575 106 0.426627 398 503 3.10411
69.4648 0.45402 0.349078 9 -65 -0.2 0.2 0.572902 0.354096 471 149 655 143 429 264 640 269 575 105 0.436005 397 503 3.11691
69.5315 0.453763 0.349849 0 -72 -0.2 0.2 0.572702 0.354296 472 149 655 143 429 264 640 269 576 106 0.422387 398 503 3.10411
69.5981 0.453763 0.349849 0 -72 -0.2 0.2 0.572502 0.354496 472 149 655 143 429 264 640 269 576 106 0.426627 397 503 3.11691
69.6648 0.453763 0.349849 0 -72 -0.2 0.2 0.572302 0.354696 473 149 656 143 429 264 641 269 577 106 0.408908 397 503 3.12909
69.7315 0.452991 0.350877 14 -73 -0.2 0.2 0.572102 0.354896 473 149 657 143 430 264 641 269 576 107 0.477665 397 503 3.12909
69.7981 0.452991 0.350877 14 -73 -0.2 0.2 0.571902 0.355096 474 149 658 143 430 264 642 270 578 106 0.421419 397 503 3.14159
69.8648 0.452991 0.350877 14 -73 -0.2 0.2 0.571702 0.355296 475 149 658 143 431 264 642 270 579 107 0.407632 398 503 3.1294
69.9315 0.452477 0.351134 11 -72 -0.2 0.2 0.571502 0.355496 475 149 658 143 431 264 642 270 579 107 0.407632 397 503 3.12909
69.9981 0.452477 0.351134 11 -72 -0.2 0.2 0.571302 0.355696 475 150 659 144 431 264 642 270 580 107 0.408908 397 503 3.11691
70.0648 0.452477 0.351134 11 -72 -0.2 0.2 0.571102 0.355896 475 150 659 144 432 264 643 270 580 107 0.393993 397 503 3.11691
70.1315 0.451963 0.351905 15 -73 -0.2 0.2 0.570902 0.356096 476 150 660 144 432 264 643 270 581 107 0.390048 398 503 3.10411
70.1981 0.451963 0.351905 15 -73 -0.2 0.2 0.570702 0.356296 477 150 660 144 432 264 643 270 581 108 0.426627 397 503 3.11691
70.2648 0.451963 0.351905 15 -73 0 0 0.570702 0.356296 477 150 661 144 432 265 643 270 581 107 0.426627 397 503 3.12909
70.3315 0.451192 0.352162 11 -73 0 0 0.570702 0.356296 478 150 662 144 433 265 644 270 583 108 0.426627 397 503 3.11691
70.3981 0.451192 0.352162 11 -73 0 0 0.570702 0.356296 478 150 662 144 433 265 644 271 583 108 0.393993 397 503 3.11691
70.4648 0.451192 0.352162 11 -73 0 0 0.570702 0.356296 479 151 662 145 433 265 644 271 584 108 0.384375 397 503 3.12909
70.5315 0.450935 0.352677 0 -77 0 0 0.570702 0.356296 478 151 662 145 433 265 645 271 584 108 0.393993 397 503 3.11691
70.5981 0.450935 0.352677 0 -77 0 0 0.570702 0.356296 479 151 663 145 433 265 645 271 584 108 0.390048 397 503 3.12909
70.6648 0.450935 0.352677 0 -77 0 0 0.570702 0.356296 479 151 663 145 434 265 645 271 584 108 0.426627 397 503 3.11691
70.7315 0.450421 0.353448 10 -78 0 0 0.570702 0.356296 480 151 664 145 434 265 645 271 585 108 0.411807 398 503 3.10411
70.7981 0.450421 0.353448 10 -78 0 0 0.570702 0.356296 481 151 665 145 435 265 646 271 586 109 0.398014 398 503 3.1294
70.8648 0.450421 0.353448 10 -78 0 0 0.570702 0.356296 481 151 665 145 435 265 646 271 586 109 0.388319 397 503 3.12909
70.9315 0.450421 0.353448 14 -78 0 0 0.570702 0.356296 481 151 665 145 435 265 646 271 586 108 0.367174 397 503 3.12909
70.9981 0.450421 0.353448 14 -78 0 0 0.570702 0.356296 481 151 665 145 435 265 646 271 586 108 0.376711 397 503 3.11628
71.0648 0.450421 0.353448 14 -78 0 0 0.570702 0.356296 481 151 665 145 435 265 646 271 586 108 0.376711 398 503 3.1294
71.1315 0.450164 0.353448 13 -78 0 0 0.570702 0.356296 481 151 665 145 435 265 646 271 586 108 0.376711 397 503 3.11691
71.1981 0.450164 0.353448 13 -78 0 0 0.570702 0.356296 481 151 665 145 435 265 646 271 586 108 0.376711 397 503 3.12909
71.2648 0.450164 0.353448 16 -78 0 0 0.570702 0.356296 481 151 665 145 435 265 646 271 586 108 0.376711 397 503 3.14159
71.3315 0.450164 0.353448 16 -78 0 0 0.570702 0.356296 481 151 665 145 435 265 646 271 586 109 0.384375 397 503 3.12909
71.3981 0.450164 0.353448 16 -78 0 0 0.570702 0.356296 481 152 665 145 435 265 646 271 586 108 0.376711 397 503 3.11691
71.4648 0.450164 0.353448 14 -78 0 0 0.570702 0.356296 481 151 665 145 435 265 646 271 586 108 0.393993 397 503 3.11691
71.5315 0.450164 0.353448 14 -78 0 0.4 0.570702 0.356696 481 151 665 145 435 265 646 271 586 108 0.376711 397 503 3.11691
71.5981 0.450164 0.353448 14 -78 0 0.4 0.570702 0.357096 481 151 665 145 435 265 646 271 586 108 0.367174 397 503 3.12909
71.6648 0.450164 0.353448 13 -78 0 0.4 0.570702 0.357496 481 151 665 145 435 265 646 271 586 108 0.393993 397 503 3.11691
71.7315 0.450164 0.353448 13 -78 0 0.4 0.570702 0.357896 481 151 665 145 435 265 646 271 586 108 0.376711 397 503 3.12909
71.7981 0.450164 0.353448 13 -78 0 0.4 0.570702 0.358296 481 151 665 145 435 265 646 271 586 108 0.393993 397 503 3.11691
71.8648 0.450164 0.353448 15 -78 0 0.4 0.570702 0.358696 481 151 665 145 435 265 646 271 586 108 0.393993 397 503 3.11691
71.9315 0.450164 0.353448 15 -78 0 0.4 0.570702 0.359096 481 152 665 145 435 265 646 271 586 108 0.393993 398 503 3.10364
71.9981 0.450164 0.353448 15 -78 0 0.4 0.570702 0.359496 481 151 665 145 435 265 646 271 586 108 0.393993 397 503 3.11691
72.0648 0.450164 0.353448 16 -78 0 0.4 0.570702 0.359896 481 151 665 145 435 265 646 271 586 108 0.376711 397 503 3.11691
72.1315 0.450164 0.353448 16 -78 0 0.4 0.570702 0.360296 481 151 665 145 435 265 646 271 586 108 0.376711 397 503 3.11691
72.1981 0.450164 0.353448 16 -78 0 0.4 0.570702 0.360696 481 151 665 145 435 265 646 271 586 108 0.393993 397 503 3.11628
72.2648 0.450164 0.354476 15 -84 0 0.4 0.570702 0.361096 481 152 665 145 435 265 646 271 586 108 0.367174 398 503 3.10411
72.332 0.450164 0.354476 15 -84 0 0.4 0.570702 0.361496 482 152 665 145 435 265 646 271 587 109 0.393993 398 503 3.10411
72.3981 0.450164 0.354476 15 -84 0 0.4 0.570702 0.361896 482 152 665 146 436 265 646 271 588 109 0.393993 397 503 3.11691
72.4648 0.450164 0.35499 16 -85 0 0.4 0.570702 0.362296 482 152 666 145 436 265 646 271 588 109 0.393993 397 503 3.11691
72.5315 0.450164 0.35499 16 -85 0 0.4 0.570702 0.362696 482 152 666 145 436 265 646 271 588 109 0.384375 397 503 3.11691
72.5981 0.450164 0.35499 16 -85 0 0.4 0.570702 0.363096 482 152 666 145 435 265 646 271 588 109 0.393993 398 503 3.10411
72.6648 0.450164 0.356789 16 -91 0 0.4 0.570702 0.363496 483 152 667 146 436 266 647 272 589 110 0.376711 398 503 3.11691
72.7315 0.450164 0.356789 16 -91 0 0.4 0.570702 0.363896 483 152 667 146 436 266 647 271 589 109 0.363527 398 503 3.1294
72.7981 0.450164 0.356789 16 -85 0 0.4 0.570702 0.364296 483 152 667 146 436 265 647 271 590 110 0.351445 398 503 3.11691
72.8648 0.450164 0.356789 16 -85 0 0.4 0.570702 0.364696 483 152 667 146 436 266 647 271 590 110 0.351445 397 503 3.12909
72.9315 0.450164 0.356789 16 -85 0 0.4 0.570702 0.365096 483 152 667 146 436 266 647 271 590 110 0.351445 398 503 3.12909
72.9981 0.450164 0.358075 17 -98 0 0.4 0.570702 0.365496 484 152 668 146 436 266 648 271 590 110 0.393993 398 503 3.12909
73.0648 0.450164 0.358075 17 -98 0 0.4 0.570702 0.365896 484 152 668 146 436 266 647 272 590 110 0.370891 398 503 3.11691
73.1315 0.450164 0.358075 17 -98 0 0.4 0.570702 0.366296 484 153 668 146 436 266 648 271 589 110 0.376711 397 503 3.11628
73.1981 0.450164 0.35936 16 -107 0 0.4 0.570702 0.366696 484 152 668 146 436 266 648 271 590 111 0.355072 398 503 3.10411
73.2648 0.450164 0.35936 16 -107 0 0.4 0.570702 0.367096 484 152 668 146 436 266 648 272 589 110 0.398014 398 503 3.12909
73.3315 0.450164 0.35936 16 -107 0 0.4 0.570702 0.367496 484 153 668 146 436 266 648 272 591 110 0.361204 398 503 3.11691
73.3981 0.450421 0.359617 17 -108 0 0.4 0.570702 0.367896 484 153 668 146 436 266 648 272 591 111 0.376711 398 503 3.12909
73.4648 0.450421 0.359617 17 -108 0 0.4 0.570702 0.368296 484 153 668 146 436 266 648 272 590 111 0.393993 398 503 3.11691
73.5315 0.450421 0.359617 17 -108 0 0.4 0.570702 0.368696 484 153 668 146 436 266 648 272 590 111 0.393993 398 503 3.10411
73.5981 0.450164 0.361673 17 -108 0 0.4 0.570702 0.369096 485 153 668 146 436 266 648 272 591 111 0.347888 398 503 3.11691
73.6648 0.450164 0.361673 17 -108 0 0.4 0.570702 0.369496 485 153 669 146 436 266 648 272 591 111 0.335173 398 503 3.11691
73.7315 0.450164 0.361673 17 -108 0 0.4 0.570702 0.369896 485 153 669 146 436 266 648 272 592 111 0.331717 397 503 3.11628
73.7981 0.450164 0.361673 17 -101 0 0.4 0.570702 0.370296 485 153 669 146 436 266 648 272 592 112 0.351445 398 503 3.11691
73.8648 0.450164 0.361673 17 -101 0 0.4 0.570702 0.370696 485 153 669 146 436 266 648 272 592 111 0.376711 398 504 3.14159
73.9315 0.450164 0.361673 17 -101 0 0.4 0.570702 0.371096 485 154 670 147 436 266 649 272 592 111 0.347888 398 503 3.11691
73.9981 0.450164 0.363987 17 -102 0 0.4 0.570702 0.371496 486 154 670 147 436 266 649 272 592 112 0.345158 398 503 3.11691
74.0648 0.450164 0.363987 17 -102 0 0.4 0.570702 0.371896 486 154 671 147 436 266 649 272 593 112 0.315215 398 503 3.12909
74.1315 0.450164 0.363987 17 -102 0 0.4 0.570702 0.372296 486 154 671 147 436 266 649 272 592 112 0.382487 398 503 3.11691
74.1981 0.450164 0.365529 17 -108 0 0.4 0.570702 0.372696 486 154 671 147 436 266 649 272 593 112 0.361204 398 503 3.11691
74.2648 0.450164 0.365529 17 -108 0 0.4 0.570702 0.373096 487 154 671 147 436 266 650 273 594 112 0.302272 398 503 3.11691
74.3315 0.450164 0.365529 17 -108 0 0.4 0.570702 0.373496 487 155 671 147 436 266 650 273 595 113 0.295441 398 503 3.12909
74.3981 0.450164 0.365786 17 -122 0 0.4 0.570702 0.373896 487 155 671 147 436 266 650 273 594 113 0.361204 398 503 3.11691
74.4648 0.450164 0.365786 17 -122 0 0.4 0.570702 0.374296 487 155 671 148 436 266 650 273 594 114 0.345158 398 503 3.12909
74.5315 0.450164 0.365786 17 -122 0 0.4 0.570702 0.374696 487 155 672 148 436 266 650 272 595 113 0.315215 398 504 3.14159
74.5981 0.450164 0.367329 17 -115 0 0.4 0.570702 0.375096 487 155 672 147 436 266 650 273 595 114 0.295441 398 503 3.11691
74.6648 0.450164 0.367329 17 -115 0 0.4 0.570702 0.375496 488 155 672 147 436 266 650 273 595 113 0.285463 398 503 3.11691
74.7315 0.450164 0.367329 17 -118 0 0.4 0.570702 0.375896 488 155 672 147 436 265 650 273 596 113 0.269849 398 503 3.11691
74.7981 0.450164 0.367329 17 -118 0 0.4 0.570702 0.376296 488 155 672 147 436 266 650 273 596 113 0.269849 398 503 3.11691
74.8648 0.450164 0.367329 17 -118 0 0.4 0.570702 0.376696 488 155 672 147 436 266 651 272 596 113 0.285463 398 503 3.12909
74.9315 0.450164 0.368871 17 -119 0 0.4 0.570702 0.377096 488 155 673 148 436 265 650 273 595 114 0.338698 398 503 3.11691
74.9981 0.450164 0.368871 17 -119 0 0.4 0.570702 0.377496 488 155 673 148 436 265 650 273 596 114 0.27261 398 503 3.11691
75.0648 0.450164 0.368871 17 -119 0 0.4 0.570702 0.377896 488 155 673 148 436 265 651 273 596 114 0.27261 398 503 3.12909
75.1315 0.450164 0.37067 17 -113 0 0.4 0.570702 0.378296 488 155 673 148 436 265 651 273 596 114 0.27261 398 503 3.11691
75.1981 0.450164 0.37067 17 -113 0 0.4 0.570702 0.378696 488 155 674 148 436 265 651 273 597 114 0.262609 398 503 3.11691
75.2648 0.450164 0.37067 17 -113 0 0.4 0.570702 0.379096 489 156 674 148 436 265 651 273 597 115 0.252554 398 503 3.11691
75.3315 0.450164 0.37067 17 -113 0 0.4 0.570702 0.379496 490 156 674 148 435 265 651 273 598 115 0.239966 398 503 3.12909
75.3981 0.450164 0.371184 23 -98 0 0.4 0.570702 0.379896 489 156 675 148 436 266 651 273 598 115 0.252554 398 503 3.12909
75.4648 0.450164 0.371184 23 -98 0 0.4 0.570702 0.380296 489 156 675 148 436 265 651 273 598 115 0.252554 398 503 3.11691
75.5315 0.450164 0.372727 28 -118 0 0.4 0.570702 0.380696 490 157 675 148 435 266 652 273 599 116 0.252554 398 503 3.12909
75.5981 0.450164 0.372727 28 -118 0 0.4 0.570702 0.381096 490 157 675 148 435 266 652 273 599 116 0.247454 398 503 3.11691
75.6648 0.450164 0.372727 28 -118 0 0.4 0.570702 0.381496 490 157 675 148 435 266 652 273 599 116 0.235151 397 503 3.18004
75.7315 0.449907 0.374012 24 -123 0 0.4 0.570702 0.381896 490 157 676 148 435 266 652 273 599 116 0.249979 397 503 3.18004
75.7981 0.449907 0.374012 24 -123 0 0.4 0.570702 0.382296 490 157 676 148 435 266 652 273 599 116 0.252554 398 504 3.14159
75.8648 0.449907 0.374012 24 -123 0 0.4 0.570702 0.382696 490 157 676 149 435 266 653 273 599 116 0.244979 397 503 3.18004
75.9315 0.450164 0.374012 25 -133 0 0.4 0.570702 0.383096 491 157 676 149 435 266 652 274 600 116 0.219795 398 503 3.11691
75.9981 0.450164 0.374012 25 -133 0 0.4 0.570702 0.383496 491 157 676 149 435 266 652 274 599 116 0.232289 397 503 3.18004
76.0648 0.450164 0.374012 25 -133 0 0.4 0.570702 0.383896 491 157 676 149 435 266 652 274 600 116 0.225277 398 503 3.12909
76.1314 0.449907 0.375811 28 -126 0 0.4 0.570702 0.384296 491 158 676 149 435 266 653 274 600 117 0.229904 398 504 3.14159
76.1981 0.449907 0.375811 28 -126 0 0.4 0.570702 0.384696 491 158 677 149 435 266 653 274 600 117 0.249979 397 503 3.18004
76.2648 0.449907 0.375811 28 -126 0 0.4 0.570702 0.385096 491 158 677 149 435 266 653 274 600 117 0.217554 398 504 3.14159
76.3315 0.449907 0.376068 33 -121 0 0.4 0.570702 0.385496 491 158 677 149 435 266 653 274 601 117 0.217554 398 503 3.12909
76.3981 0.449907 0.376068 33 -121 0 0.4 0.570702 0.385896 491 158 677 149 435 266 653 274 601 117 0.217554 397 503 3.18004
76.4648 0.449907 0.376068 33 -121 0 0.4 0.570702 0.386296 492 158 678 149 435 266 653 274 601 117 0.219795 398 504 3.14159
76.5315 0.449907 0.378125 34 -124 0 0.4 0.570702 0.386696 493 158 678 149 435 266 654 274 601 118 0.214061 398 504 3.14159
76.5981 0.449907 0.378125 34 -124 0 0.4 0.570702 0.387096 492 158 678 149 435 266 654 274 601 118 0.226799 398 504 3.14159
76.6648 0.449907 0.378125 34 -124 0 0.4 0.570702 0.387496 492 158 679 149 435 266 654 274 603 118 0.178917 397 503 3.18004
76.7315 0.449907 0.379667 34 -127 0 0.4 0.570702 0.387896 492 158 679 149 435 266 654 274 602 118 0.199441 397 503 3.12894
76.7981 0.449907 0.379667 34 -127 0 0.4 0.570702 0.388296 493 159 679 149 435 266 654 274 603 118 0.173496 398 503 3.12909
76.8648 0.449907 0.379667 34 -127 0 0.4 0.570702 0.388696 493 159 679 150 435 266 654 274 603 119 0.178917 398 504 3.14159
76.9315 0.449907 0.379667 30 -130 0 0.4 0.570702 0.389096 493 159 679 150 435 266 654 274 603 119 0.178917 398 503 3.11691
76.9981 0.449907 0.379667 30 -130 0 0.4 0.570702 0.389496 493 159 679 150 435 266 654 274 602 119 0.205834 397 503 3.18004
77.0648 0.449907 0.379667 30 -130 0 0.4 0.570702 0.389896 493 159 679 150 435 266 655 274 603 119 0.177073 398 504 3.14159
77.1315 0.449907 0.381209 29 -139 0 0.4 0.570702 0.390296 493 159 680 150 435 266 655 275 604 119 0.146315 398 503 3.12909
77.1981 0.449907 0.381209 29 -139 0 0.4 0.570702 0.390696 493 160 680 150 435 266 655 275 604 119 0.15824 397 503 3.18004
77.2648 0.449907 0.381209 29 -139 0 0.4 0.570702 0.391096 494 160 680 150 435 266 655 275 604 119 0.159913 397 503 3.18004
77.3315 0.449907 0.382752 34 -149 0 0.4 0.570702 0.391496 494 160 680 150 435 266 655 275 604 120 0.168597 398 503 3.1166
77.3981 0.449907 0.382752 34 -149 0 0.4 0.570702 0.391896 494 160 681 150 435 266 655 275 604 119 0.177073 398 503 3.1166
77.4648 0.449907 0.382752 34 -149 0 0.4 0.570702 0.392296 494 160 681 150 435 266 655 275 604 120 0.159913 397 503 3.12894
77.5315 0.449907 0.383009 28 -149 0 0.4 0.570702 0.392696 494 160 681 150 435 266 655 274 605 120 0.173496 397 504 3.14159
77.5981 0.449907 0.383009 28 -149 0 0.4 0.570702 0.393096 495 160 681 150 435 266 655 275 605 120 0.165149 398 504 3.14159
77.6648 0.449907 0.385065 35 -142 0 0.4 0.570702 0.393496 494 160 681 150 435 266 655 275 605 120 0.173496 397 504 3.14159
77.7315 0.449907 0.385065 35 -142 0 0.4 0.570702 0.393896 494 161 682 150 435 266 656 275 605 120 0.153424 398 504 3.14159
77.7981 0.449907 0.385065 35 -142 0 0.4 0.570702 0.394296 495 161 682 151 435 266 656 275 606 120 0.134598 397 503 3.12894
77.8648 0.449907 0.385065 32 -128 0 0.4 0.570702 0.394696 495 161 682 151 435 266 656 275 606 120 0.134598 397 504 3.14159
77.9315 0.449907 0.385065 32 -128 0 0.4 0.570702 0.395096 495 161 682 151 435 266 656 275 606 120 0.134598 397 504 3.14159
77.9981 0.449907 0.385065 32 -128 0 0.4 0.570702 0.395496 495 161 682 151 435 266 656 275 606 121 0.134598 397 504 3.12894
78.0648 0.449907 0.386608 35 -142 0 0.4 0.570702 0.395896 496 161 683 151 435 266 656 275 606 122 0.146315 397 504 3.14159
78.1315 0.449907 0.386608 35 -142 0 0.4 0.570702 0.396296 496 161 683 151 435 266 657 275 607 122 0.147849 397 504 3.14159
78.1981 0.449907 0.386608 35 -142 0 0.4 0.570702 0.396696 496 161 683 151 435 266 657 275 607 122 0.12565 397 504 3.19283
78.2648 0.449907 0.387893 35 -139 0 0.4 0.570702 0.397096 496 161 683 151 435 266 657 275 607 122 0.12565 398 503 3.12909
78.3315 0.449907 0.387893 35 -139 0 0.4 0.570702 0.397496 496 162 683 151 435 266 657 275 607 122 0.12565 397 504 3.14159
78.3981 0.449907 0.387893 35 -139 0 0.4 0.570702 0.397896 496 162 683 151 435 266 657 275 608 123 0.12565 397 504 3.14159
78.4648 0.449907 0.388407 35 -142 0 0.4 0.570702 0.398296 497 162 684 151 435 266 657 276 609 122 0.114086 397 503 3.12894
78.5315 0.449907 0.388407 35 -142 0 0.4 0.570702 0.398696 497 162 684 151 435 266 657 275 608 123 0.12565 397 504 3.14159
78.5981 0.449907 0.388407 35 -142 0 0.4 0.570702 0.399096 497 162 684 151 435 266 657 275 608 123 0.10273 397 504 3.14159
78.6648 0.449907 0.390463 34 -138 0 0.4 0.570702 0.399496 497 162 684 151 435 266 657 275 608 123 0.104877 397 504 3.14159
78.7315 0.449907 0.390463 34 -138 0 0.4 0.570702 0.399897 497 163 685 152 435 266 658 276 608 124 0.105984 397 504 3.14159
78.7981 0.449907 0.390463 34 -138 0 0.4 0.570702 0.400297 497 163 685 152 435 266 658 276 609 124 0.0849018 397 504 3.14159
78.8648 0.449907 0.39072 35 -139 0 0.4 0.570702 0.400697 498 163 685 152 435 266 658 276 609 124 0.0849018 397 504 3.14159
78.9315 0.449907 0.39072 35 -139 0 0.4 0.570702 0.401097 498 163 685 152 435 266 658 276 609 124 0.0964738 397 504 3.14159
78.9981 0.449907 0.39072 35 -139 0 0.4 0.570702 0.401497 498 163 686 152 435 266 658 276 610 124 0.0944549 397 504 3.14159
79.0648 0.449907 0.39252 34 -142 0 0.4 0.570702 0.401897 498 164 686 152 435 266 658 275 610 124 0.0735513 397 504 3.14159
79.1315 0.449907 0.39252 34 -142 0 0.4 0.570702 0.402297 498 164 686 152 435 266 658 276 611 125 0.0637433 397 504 3.14159
79.1981 0.449907 0.394062 35 -142 0 0.4 0.570702 0.402697 498 164 686 152 435 265 659 276 610 125 0.0751272 397 504 3.14159
79.2648 0.449907 0.394062 35 -142 0 0.4 0.570702 0.403097 498 164 686 152 435 266 659 276 610 125 0.0751272 397 504 3.14159
79.3315 0.449907 0.394062 35 -142 0 0.4 0.570702 0.403497 499 164 687 153 435 266 659 276 611 125 0.081452 397 503 3.12894
79.3981 0.449907 0.394833 35 -143 0 0.4 0.570702 0.403897 499 164 687 152 434 266 659 276 611 126 0.0637433 397 504 3.14159
79.4648 0.449907 0.394833 35 -143 0 0.4 0.570702 0.404297 499 165 687 152 434 266 659 276 611 126 0.0954537 397 504 3.14159
79.5315 0.449907 0.394833 35 -143 0 0.4 0.570702 0.404697 499 165 687 152 434 266 659 276 612 125 0.0611482 397 504 3.14159
79.5981 0.449907 0.396118 35 -148 0 0.4 0.570702 0.405097 499 165 688 153 435 266 659 276 612 125 0.0727878 397 504 3.14159
79.6648 0.449907 0.396118 35 -148 0 0.4 0.570702 0.405497 500 165 688 153 434 266 659 276 612 126 0.0611482 397 504 3.14159
79.7315 0.449907 0.396118 35 -148 0 0.4 0.570702 0.405897 500 165 688 153 434 266 659 276 612 126 0.0727878 397 504 3.14159
79.7981 0.449907 0.396118 35 -156 0 0.4 0.570702 0.406297 500 165 688 153 435 266 659 277 612 126 0.0637433 397 504 3.14159
79.8648 0.449907 0.396118 35 -156 0 0.4 0.570702 0.406697 500 165 688 153 434 266 660 277 612 127 0.0743309 397 504 3.14159
79.9315 0.449907 0.396118 35 -156 0 0.4 0.570702 0.407097 500 165 688 153 434 266 660 277 612 127 0.0840123 397 504 3.14159
79.9981 0.449907 0.397918 35 -153 0 0.4 0.570702 0.407497 500 166 689 153 434 266 660 277 612 127 0.0743309 397 504 3.14159
80.0648 0.449907 0.397918 35 -153 0 0.4 0.570702 0.407897 501 166 689 153 434 266 660 277 613 127 0.0531414 397 504 3.14159
80.1315 0.449907 0.397918 35 -153 0 0.4 0.570702 0.408297 501 166 689 153 434 266 660 277 613 128 0.0425275 397 504 3.14159
80.1981 0.449907 0.398175 35 -140 0 0.4 0.570702 0.408697 501 166 689 153 434 266 660 277 613 128 0.0425275 397 504 3.14159
80.2648 0.449907 0.398175 35 -140 0 0.4 0.570702 0.409097 501 166 689 153 434 266 660 277 613 128 0.0425275 397 504 3.14159
80.3315 0.449907 0.399974 34 -150 0 0.4 0.570702 0.409497 501 167 690 154 434 266 660 277 614 128 0.0212734 397 504 3.14159
80.3981 0.449907 0.399974 34 -150 0 0.4 0.570702 0.409897 501 167 690 153 434 266 661 277 614 128 0.0315685 397 504 3.14159
80.4648 0.449907 0.399974 34 -150 0 0.4 0.570702 0.410297 501 167 690 153 434 266 661 277 614 129 0.0212734 397 503 3.12894
80.5315 0.449907 0.401517 35 -158 0 0.4 0.570702 0.410697 502 167 690 153 434 266 661 277 615 128 0.0105259 397 504 3.14159
80.5981 0.449907 0.401517 35 -158 0 0.4 0.570702 0.411097 501 167 691 154 434 266 661 277 614 129 0.0105259 397 504 3.14159
80.6648 0.449907 0.401517 35 -158 0 0.4 0.570702 0.411497 502 168 691 154 434 266 661 277 616 129 6.20004 397 504 3.14159
80.7315 0.449907 0.401517 35 -159 0 0.4 0.570702 0.411897 502 168 691 154 434 266 661 277 616 129 6.21115 397 504 3.14159
80.7981 0.449907 0.401517 35 -159 0 0.4 0.570702 0.412297 502 168 691 154 434 266 661 277 616 129 6.21115 397 504 3.14159
80.8648 0.449907 0.401517 35 -159 0 0.4 0.570702 0.412697 502 168 691 154 434 266 661 277 616 129 6.22077 397 504 3.14159
80.9315 0.449907 0.403316 35 -164 0 0.4 0.570702 0.413097 502 168 692 154 434 266 661 277 615 130 0.0105259 397 504 3.14159
80.9981 0.449907 0.403316 35 -164 0 0.4 0.570702 0.413497 503 168 692 154 434 266 662 278 616 131 6.20004 397 504 3.14159
81.0648 0.449907 0.403316 35 -164 0 0.4 0.570702 0.413897 503 168 692 155 434 266 662 277 617 130 6.18873 397 504 3.14159
81.1315 0.449907 0.403316 35 -148 0 0.4 0.570702 0.414297 503 168 692 154 434 266 662 278 617 130 6.17939 397 504 3.14159
81.1981 0.449907 0.403316 35 -148 0 0.4 0.570702 0.414697 503 169 692 155 434 266 662 277 617 130 6.18873 397 504 3.14159
81.2648 0.449907 0.403316 35 -148 0 0.4 0.570702 0.415097 503 169 693 155 434 266 663 277 617 131 6.17939 397 504 3.14159
81.3315 0.449907 0.405629 34 -159 0 0.4 0.570702 0.415497 504 170 693 155 434 266 663 277 618 131 6.17027 397 504 3.14159
81.3981 0.449907 0.405629 34 -159 0 0.4 0.570702 0.415897 504 169 693 155 434 266 663 277 618 131 6.17939 397 504 3.14159
81.4648 0.449907 0.406915 35 -165 0 0.4 0.570702 0.416297 504 170 693 155 434 266 662 278 618 132 6.1601 397 503 3.12894
81.5315 0.449907 0.406915 35 -165 0 0.4 0.570702 0.416697 504 169 693 155 434 266 662 278 617 133 6.19828 397 504 3.14159
81.5981 0.449907 0.406915 35 -165 0 0.4 0.570702 0.417097 504 170 694 155 434 266 663 278 618 132 6.13985 397 504 3.14159
81.6648 0.449907 0.407172 34 -164 0 0.4 0.570702 0.417497 504 170 694 155 434 266 663 278 619 132 6.15883 397 504 3.14159
81.7315 0.449907 0.407172 34 -164 0 0.4 0.570702 0.417897 504 170 694 155 434 266 663 278 619 132 6.14859 397 504 3.14159
81.7981 0.449907 0.407172 34 -164 0 0.4 0.570702 0.418297 504 170 694 155 434 266 663 278 619 132 6.13985 397 504 3.14159
81.8648 0.449907 0.408714 34 -172 0 0.4 0.570702 0.418697 504 170 694 155 434 266 663 278 619 132 6.1513 397 504 3.14159
81.9315 0.449907 0.408714 34 -172 0 0.4 0.570702 0.419097 505 171 694 155 434 266 663 278 620 133 6.15883 397 504 3.12909
81.9981 0.449907 0.408714 34 -172 0 0.4 0.570702 0.419497 505 171 695 156 434 266 663 278 619 134 6.1772 397 504 3.14159
82.0648 0.449907 0.408714 36 -183 0 0.4 0.570702 0.419897 505 171 695 156 434 266 663 278 620 134 6.15621 397 504 3.14159
82.1315 0.449907 0.408714 36 -183 0 0.4 0.570702 0.420297 505 171 695 156 434 266 664 278 619 134 6.12658 397 504 3.14159
82.1981 0.449907 0.408714 36 -183 0 0.4 0.570702 0.420697 505 171 695 156 434 266 663 278 619 134 6.13985 397 504 3.14159
82.2648 0.449907 0.410771 39 -164 0 0.4 0.570702 0.421097 505 171 696 156 434 266 664 279 620 134 6.15621 397 504 3.14159
82.3315 0.449907 0.410771 39 -164 0 0.4 0.570702 0.421497 506 172 696 156 434 266 664 279 620 134 6.10611 397 504 3.14159
82.3981 0.449907 0.410771 39 -164 0 0.4 0.570702 0.421897 506 172 696 156 434 266 664 279 620 135 6.12327 397 504 3.14159
82.4648 0.449907 0.411028 40 -162 0 0.4 0.570702 0.422297 506 172 696 156 434 266 664 279 620 135 6.12327 397 504 3.14159
82.5315 0.449907 0.411028 40 -162 0 0.4 0.570702 0.422697 506 172 696 156 434 266 664 279 620 134 6.12658 397 504 3.14159
82.5981 0.449907 0.41257 41 -165 0 0.4 0.570702 0.423097 507 173 696 156 434 266 664 279 621 136 6.11459 397 504 3.14159
82.6648 0.449907 0.41257 41 -165 0 0.4 0.570702 0.423497 507 173 697 156 434 266 664 279 621 135 6.08779 397 504 3.14159
82.7315 0.449907 0.41257 41 -165 0 0.4 0.570702 0.423897 507 173 697 157 434 266 665 279 621 136 6.11459 397 504 3.14159
82.7981 0.449907 0.414112 40 -158 0 0.4 0.570702 0.424297 507 173 697 156 434 266 665 278 621 136 6.11459 397 504 3.14159
82.8648 0.449907 0.414112 40 -158 0 0.4 0.570702 0.424697 507 173 697 156 434 266 665 279 621 136 6.11459 397 504 3.14159
82.9315 0.449907 0.414112 40 -158 0 0.4 0.570702 0.425097 508 174 697 156 434 266 665 279 622 136 6.08374 397 504 3.14159
82.9981 0.449907 0.414883 40 -158 0 0.4 0.570702 0.425497 507 174 698 157 434 266 665 279 622 137 6.10611 397 504 3.14159
83.0648 0.449907 0.414883 40 -158 0 0 0.570702 0.425497 507 174 698 157 434 266 665 279 622 137 6.08374 397 504 3.14159
83.1315 0.449907 0.414883 40 -158 0 0 0.570702 0.425497 507 174 698 157 434 266 666 279 622 137 6.08374 397 504 3.14159
83.1981 0.449907 0.416426 38 -165 0 0 0.570702 0.425497 507 174 698 157 434 266 666 279 622 138 6.10239 397 504 3.14159
83.2648 0.449907 0.416426 38 -165 0 0 0.570702 0.425497 508 174 699 157 434 266 666 279 623 138 6.10239 397 504 3.14159
83.3315 0.449907 0.416426 38 -165 0 0 0.570702 0.425497 508 175 699 157 434 266 666 280 623 137 6.04322 397 504 3.14159
83.3981 0.449907 0.416683 39 -164 0 0 0.570702 0.425497 508 175 699 157 434 266 666 280 623 137 6.04322 397 504 3.14159
83.4648 0.449907 0.416683 39 -164 0 0 0.570702 0.425497 508 175 699 157 434 266 666 280 623 137 6.04322 397 504 3.14159
83.5315 0.449907 0.416683 39 -164 0 0 0.570702 0.425497 508 175 699 157 434 266 667 280 623 138 6.05328 397 504 3.12909
83.5981 0.449907 0.418225 40 -175 0 0 0.570702 0.425497 508 175 699 157 434 266 666 280 624 138 6.03573 397 504 3.14159
83.6648 0.449907 0.418225 40 -175 -0.2 0.2 0.570502 0.425697 509 175 699 157 434 266 666 280 623 139 6.0611 397 504 3.14159
83.7315 0.449907 0.418225 40 -175 -0.2 0.2 0.570302 0.425897 509 175 700 158 434 266 666 280 624 140 6.04846 397 504 3.14159
83.7981 0.449907 0.418225 38 -175 -0.2 0.2 0.570102 0.426097 509 175 700 158 434 266 666 280 624 139 6.03573 397 504 3.12909
83.8648 0.449907 0.418225 38 -175 -0.2 0.2 0.569902 0.426297 509 175 700 158 434 266 666 279 625 139 6.00776 397 504 3.14159
83.9315 0.449907 0.418225 38 -175 -0.2 0.2 0.569702 0.426497 509 175 700 157 434 266 666 280 624 140 6.03298 397 504 3.14159
83.9981 0.44965 0.418225 29 -174 -0.2 0.2 0.569502 0.426697 509 176 700 157 434 266 666 279 625 139 6.01507 397 504 3.14159
84.0648 0.44965 0.418225 29 -174 -0.2 0.2 0.569302 0.426897 510 176 700 158 434 266 666 280 625 139 5.99074 397 504 3.14159
84.1315 0.44965 0.418225 29 -174 -0.2 0.2 0.569102 0.427097 510 176 700 158 434 266 666 280 625 139 5.99074 397 504 3.11691
84.1981 0.44965 0.418482 28 -178 -0.2 0.2 0.568902 0.427297 509 176 700 158 434 266 667 279 625 139 6.01507 397 504 3.14159
84.2648 0.44965 0.418482 28 -178 -0.2 0.2 0.568702 0.427497 509 176 700 158 434 266 667 279 625 139 6.01507 397 504 3.14159
84.3315 0.448879 0.418482 32 -178 -0.2 0.2 0.568502 0.427697 509 176 700 158 434 266 667 280 625 140 6.03298 397 504 3.14159
84.3981 0.448879 0.418482 32 -178 -0.2 0.2 0.568302 0.427897 509 177 701 158 434 266 667 280 625 140 6.01507 397 504 3.12909
84.4648 0.448879 0.418482 32 -178 -0.2 0.2 0.568102 0.428097 509 177 701 158 434 266 667 280 625 140 6.01507 397 504 3.14159
84.5315 0.448879 0.419767 -1 -162 -0.2 0.2 0.567902 0.428297 510 177 701 158 434 266 667 280 626 140 6.028 397 504 3.14159
84.5981 0.448879 0.419767 -1 -162 -0.2 0.2 0.567702 0.428497 510 177 701 158 434 266 668 280 626 141 6.00776 397 504 3.14159
84.6648 0.448879 0.419767 -1 -162 -0.2 0.2 0.567502 0.428697 510 177 701 158 434 266 668 280 626 141 5.99074 397 504 3.12909
84.7315 0.447593 0.420024 38 -158 -0.2 0.2 0.567302 0.428897 511 177 702 158 434 266 668 280 626 141 6.01507 397 504 3.14159
84.7981 0.447593 0.420024 38 -158 -0.2 0.2 0.567102 0.429097 511 177 702 159 434 266 668 281 626 142 6.00195 397 504 3.12909
84.8648 0.447593 0.420024 38 -158 -0.2 0.2 0.566902 0.429297 511 178 702 159 434 266 668 281 626 142 6.01507 397 504 3.14159
84.9315 0.447593 0.421053 35 -158 -0.2 0.2 0.566702 0.429497 511 178 703 158 434 266 668 281 627 141 5.97425 397 504 3.14159
84.9981 0.447593 0.421053 35 -158 -0.2 0.2 0.566502 0.429697 512 178 703 159 434 266 669 281 627 142 5.99772 397 504 3.14159
85.0648 0.447593 0.421053 35 -158 -0.2 0.2 0.566302 0.429897 512 178 703 159 434 266 669 281 627 142 6.01507 397 504 3.14159
85.1315 0.446822 0.421824 35 -156 -0.2 0.2 0.566102 0.430097 512 178 703 159 434 266 669 281 628 142 5.96143 397 504 3.14159
85.1981 0.446822 0.421824 35 -156 -0.2 0.2 0.565902 0.430297 512 179 703 159 434 266 669 281 627 143 6.01507 397 504 3.14159
85.2648 0.446822 0.421824 35 -156 -0.2 0.2 0.565702 0.430497 512 179 703 159 434 266 669 281 627 143 6.01507 397 504 3.14159
85.3315 0.445794 0.421824 35 -149 -0.2 0.2 0.565502 0.430697 513 179 704 159 435 266 669 281 628 143 5.91827 397 504 3.14159
85.3981 0.445794 0.421824 35 -149 -0.2 0.2 0.565302 0.430897 513 179 704 159 435 266 669 281 629 143 5.91601 397 503 3.12909
85.4648 0.445794 0.421824 35 -149 -0.2 0.2 0.565102 0.431097 513 179 704 159 435 266 670 281 629 143 5.90647 397 504 3.12894
85.5315 0.445794 0.423109 32 -148 -0.2 0.2 0.564902 0.431297 513 179 705 159 435 266 670 281 629 144 5.88919 397 504 3.14159
85.5981 0.445794 0.423109 32 -148 -0.2 0.2 0.564702 0.431497 513 180 705 159 435 266 670 281 629 144 5.90268 397 504 3.14159
85.6648 0.445794 0.423109 32 -148 -0.2 0.2 0.564502 0.431697 514 180 706 160 435 266 670 281 630 144 5.92562 397 504 3.12894
85.7315 0.444766 0.42388 38 -158 -0.2 0.2 0.564302 0.431897 514 180 706 160 435 266 670 281 630 145 5.89881 397 504 3.14159
85.7981 0.444766 0.42388 38 -158 -0.2 0.2 0.564102 0.432097 514 180 705 160 435 266 670 281 630 145 5.89881 397 504 3.14159
85.8648 0.444766 0.42388 38 -158 -0.2 0.2 0.563902 0.432297 514 180 706 160 435 266 670 281 630 145 5.89881 397 504 3.14159
85.9315 0.444252 0.42388 19 -157 -0.2 0.2 0.563702 0.432497 514 180 706 160 435 266 670 282 630 146 5.91827 397 504 3.14159
85.9981 0.444252 0.42388 19 -157 -0.2 0.2 0.563502 0.432697 515 181 706 160 435 266 671 282 631 145 5.90268 397 504 3.14159
86.0648 0.443995 0.425165 19 -152 -0.2 0.2 0.563302 0.432897 515 181 707 160 435 266 671 282 631 145 5.88517 397 504 3.14159
86.1315 0.443995 0.425165 19 -152 -0.2 0.2 0.563102 0.433097 515 181 707 160 435 266 671 282 631 145 5.88107 397 504 3.12909
86.1981 0.443995 0.425165 19 -152 -0.2 0.2 0.562902 0.433297 515 181 707 160 435 266 671 282 630 146 5.9007 397 504 3.14159
86.2648 0.443223 0.425165 18 -152 -0.2 0.2 0.562702 0.433497 515 182 707 160 435 266 671 282 631 146 5.88367 397 504 3.14159
86.3315 0.443223 0.425165 18 -152 -0.2 0.2 0.562502 0.433697 516 182 707 161 435 266 671 282 632 147 5.85656 397 504 3.14159
86.3981 0.443223 0.425165 18 -152 -0.2 0.2 0.562302 0.433897 516 182 708 161 435 266 672 282 632 146 5.86602 397 504 3.14159
86.4648 0.442966 0.426451 18 -146 -0.2 0.2 0.562102 0.434097 516 182 708 161 435 266 672 282 632 147 5.90669 397 504 3.14159
86.5315 0.442966 0.426451 18 -146 -0.2 0.2 0.561902 0.434297 516 183 709 161 436 266 672 282 633 148 5.85656 397 504 3.14159
86.5981 0.442966 0.426451 18 -146 -0.2 0.2 0.561702 0.434497 517 182 709 161 436 266 672 282 632 148 5.88107 397 504 3.14159
86.6648 0.441938 0.426451 24 -128 -0.2 0.2 0.561502 0.434697 517 183 709 161 436 266 673 282 633 148 5.85302 397 504 3.14159
86.7315 0.441938 0.426451 24 -128 -0.2 0.2 0.561302 0.434897 517 184 709 161 436 266 673 283 633 148 5.86177 397 504 3.14159
86.7981 0.441938 0.426451 24 -128 -0.2 0.2 0.561102 0.435097 518 183 709 161 437 266 673 283 634 149 5.83831 397 504 3.14159
86.8648 0.441681 0.427736 21 -141 -0.2 0.2 0.560902 0.435297 518 184 711 162 437 266 673 283 634 149 5.87138 397 504 3.14159
86.9315 0.441681 0.427736 21 -141 -0.2 0.2 0.560702 0.435497 518 184 711 162 437 266 673 283 635 148 5.83788 397 504 3.14159
86.9981 0.441681 0.427736 21 -141 -0.2 0.2 0.560502 0.435697 519 184 711 162 437 266 673 283 635 150 5.83375 397 504 3.14159
87.0648 0.441167 0.42825 17 -140 -0.2 0.2 0.560302 0.435897 519 184 711 162 437 266 673 283 635 149 5.84852 397 504 3.14159
87.1315 0.441167 0.42825 17 -140 -0.2 0.2 0.560102 0.436097 519 185 712 162 438 267 674 283 636 150 5.81954 397 504 3.12909
87.1981 0.440396 0.429021 17 -139 -0.2 0.2 0.559902 0.436297 519 185 712 162 438 267 674 283 636 150 5.83375 397 504 3.14159
87.2648 0.440396 0.429021 17 -139 -0.2 0.2 0.559702 0.436497 520 185 713 163 438 266 674 283 636 151 5.83375 397 504 3.14159
87.3315 0.440396 0.429021 17 -139 -0.2 0.2 0.559502 0.436697 520 185 713 163 438 266 675 284 636 151 5.83831 397 504 3.14159
87.3981 0.440139 0.429535 17 -143 -0.2 0.2 0.559302 0.436897 520 185 713 163 438 267 675 284 636 151 5.82888 397 504 3.14159
87.4648 0.440139 0.429535 17 -143 -0.2 0.2 0.559102 0.437097 521 186 713 164 438 267 675 284 638 150 5.78217 397 504 3.14159
87.5315 0.440139 0.429535 17 -143 -0.2 0.2 0.558902 0.437297 521 186 713 163 438 267 675 284 637 151 5.81006 397 504 3.14159
87.5981 0.439368 0.429535 15 -134 -0.2 0.2 0.558702 0.437497 521 186 714 163 439 267 675 284 637 151 5.81006 397 504 3.14159
87.6648 0.439368 0.429535 15 -134 -0.2 0.2 0.558502 0.437697 522 186 714 164 439 267 675 284 638 151 5.81954 397 504 3.12894
87.7315 0.439368 0.429535 15 -134 -0.2 0.2 0.558302 0.437897 522 186 714 164 439 267 675 284 638 152 5.83375 397 504 3.14159
87.7981 0.439368 0.430564 24 -145 -0.2 0.2 0.558102 0.438097 523 187 715 164 439 267 676 284 639 151 5.76912 397 504 3.14159
87.8648 0.439368 0.430564 24 -145 -0.2 0.2 0.557902 0.438297 523 187 715 164 439 267 676 284 639 151 5.76025 398 504 3.14159
87.9315 0.439368 0.430564 24 -145 -0.2 0.2 0.557702 0.438497 523 187 716 165 440 267 677 284 640 153 5.79138 397 504 3.14159
87.9981 0.438339 0.431592 18 -140 -0.2 0.2 0.557502 0.438697 524 188 717 165 440 267 677 285 641 153 5.76404 397 504 3.14159
88.0648 0.438339 0.431592 18 -140 0 0 0.557502 0.438697 524 188 717 165 440 267 677 285 640 153 5.80518 397 504 3.14159
88.1315 0.438339 0.431592 18 -140 0 0 0.557502 0.438697 525 188 718 166 441 267 677 285 642 154 5.78128 397 504 3.14159
88.1981 0.437568 0.431849 18 -140 0 0 0.557502 0.438697 525 188 718 165 441 267 677 285 642 154 5.76404 397 504 3.12894
88.2648 0.437568 0.431849 18 -140 0 0 0.557502 0.438697 526 189 719 166 442 268 678 285 642 155 5.79573 397 504 3.14159
88.3315 0.437568 0.431849 18 -140 0 0 0.557502 0.438697 526 189 719 166 442 267 678 285 642 155 5.75742 397 504 3.14159
88.3981 0.437311 0.433134 17 -137 0 0 0.557502 0.438697 526 189 719 166 442 267 678 286 643 154 5.73562 397 504 3.14159
88.4648 0.437311 0.433134 17 -137 0 0 0.557502 0.438697 527 189 720 166 442 267 678 285 644 155 5.76404 397 504 3.14159
88.5315 0.437311 0.433134 17 -137 0 0 0.557502 0.438697 527 189 720 166 442 267 679 285 644 155 5.76404 397 504 3.12894
88.5981 0.436797 0.433134 18 -140 0 0 0.557502 0.438697 527 190 720 166 442 267 679 286 644 155 5.75742 397 504 3.14159
88.6648 0.436797 0.433134 18 -140 0 0 0.557502 0.438697 527 190 720 166 442 267 679 286 644 155 5.75742 397 504 3.14159
88.7315 0.436797 0.433134 18 -140 -0.4 0 0.557102 0.438697 527 190 720 166 443 268 679 286 644 155 5.75742 397 504 3.14159
88.7981 0.436797 0.433134 18 -140 -0.4 0 0.556702 0.438697 527 190 720 166 443 268 679 286 644 156 5.7667 397 504 3.14159
88.8648 0.436797 0.433134 18 -140 -0.4 0 0.556302 0.438697 527 190 720 166 443 267 679 286 644 156 5.75201 397 503 3.12894
88.9315 0.436797 0.433134 19 -140 -0.4 0 0.555902 0.438697 527 190 720 166 443 267 679 286 644 156 5.75201 397 504 3.14159
88.9981 0.436797 0.433134 19 -140 -0.4 0 0.555502 0.438697 527 190 720 166 443 268 679 286 644 156 5.75201 397 504 3.14159
89.0648 0.436797 0.433134 19 -140 -0.4 0 0.555102 0.438697 527 190 720 166 443 268 679 286 644 156 5.75201 397 504 3.14159
89.1315 0.436283 0.433134 20 -130 -0.4 0 0.554702 0.438697 527 190 720 166 443 268 679 286 644 156 5.75201 397 504 3.14159
89.1981 0.436283 0.433134 20 -130 -0.4 0 0.554302 0.438697 528 190 721 167 443 267 679 286 644 155 5.73914 397 503 3.12894
89.2648 0.436283 0.433134 20 -130 -0.4 0 0.553902 0.438697 528 190 721 167 443 268 679 286 644 155 5.73914 397 504 3.14159
89.3315 0.436026 0.433391 17 -129 -0.4 0 0.553502 0.438697 529 191 721 167 444 267 679 286 645 157 5.75742 397 504 3.14159
89.3981 0.436026 0.433391 17 -129 -0.4 0 0.553102 0.438697 529 191 721 167 444 267 679 286 645 157 5.75742 397 504 3.14159
89.4648 0.436026 0.433391 17 -129 -0.4 0 0.552702 0.438697 529 191 721 167 443 267 679 286 645 157 5.75742 398 504 3.14159
89.5315 0.43397 0.433905 16 -115 -0.4 0 0.552302 0.438697 530 191 723 168 445 268 680 287 648 157 5.71565 397 504 3.14159
89.5981 0.43397 0.433905 16 -115 -0.4 0 0.551902 0.438697 531 191 724 168 445 268 681 287 647 158 5.73015 398 504 3.14159
89.6648 0.43397 0.433905 16 -115 -0.4 0 0.551502 0.438697 531 192 724 168 445 268 681 287 648 158 5.74277 397 504 3.14159
89.7315 0.434227 0.434162 22 -99 -0.4 0 0.551102 0.438697 531 192 724 168 445 268 681 287 648 158 5.741 397 504 3.14159
89.7981 0.434227 0.434162 22 -99 -0.4 0 0.550702 0.438697 531 192 724 168 445 268 681 287 648 158 5.741 398 504 3.14159
89.8648 0.434227 0.434162 22 -99 -0.4 0 0.550302 0.438697 534 193 724 168 447 269 683 288 651 159 5.70993 398 503 3.12909
89.9315 0.43217 0.434676 17 -105 -0.4 0 0.549902 0.438697 534 193 727 170 447 269 683 289 651 159 5.70681 398 504 3.14159
89.9981 0.43217 0.434676 17 -105 -0.4 0 0.549502 0.438697 534 193 727 170 447 269 683 289 651 159 5.70681 398 503 3.11691
90.0648 0.43217 0.434676 17 -105 -0.4 0 0.549102 0.438697 534 193 727 170 447 269 683 289 651 159 5.70681 398 503 3.12909
90.1315 0.430371 0.434933 14 -96 -0.4 0 0.548702 0.438697 536 194 728 171 448 269 684 289 653 161 5.72459 398 503 3.12909
90.1981 0.430371 0.434933 14 -96 -0.4 0 0.548302 0.438697 536 194 729 171 449 269 684 289 653 160 5.70993 398 503 3.12909
90.2648 0.430371 0.434933 14 -96 -0.4 0 0.547902 0.438697 536 195 729 171 449 269 685 289 654 160 5.64595 398 504 3.14159
90.3315 0.430371 0.434933 -1 -96 -0.4 0 0.547502 0.438697 536 195 729 171 449 269 685 289 654 160 5.64595 398 503 3.12909
90.3981 0.430371 0.434933 -1 -96 -0.4 0 0.547102 0.438697 536 195 729 172 449 269 685 289 654 160 5.64595 398 504 3.14159
90.4648 0.430371 0.434933 -1 -96 -0.4 0 0.546702 0.438697 538 195 731 172 450 269 685 290 655 161 5.6809 398 503 3.12909
90.5316 0.428571 0.435191 12 -94 -0.4 0 0.546302 0.438697 538 195 731 173 450 269 685 290 655 162 5.67423 398 503 3.12909
90.5982 0.428571 0.435191 12 -94 -0.4 0 0.545902 0.438697 538 195 731 173 450 269 685 290 655 162 5.668 398 503 3.11691
90.6648 0.428571 0.435191 12 -94 -0.4 0 0.545502 0.438697 538 195 731 173 450 269 685 290 655 162 5.668 398 504 3.14159
90.7315 0.428314 0.435191 14 -74 -0.4 0 0.545102 0.438697 538 196 731 173 450 269 685 290 655 162 5.68314 398 503 3.11691
90.7981 0.428314 0.435191 14 -74 -0.4 0 0.544702 0.438697 540 196 733 173 451 270 686 291 657 162 5.64595 398 503 3.11691
90.8648 0.426515 0.435705 16 -79 -0.4 0 0.544302 0.438697 541 197 734 174 452 270 687 291 658 163 5.66654 398 503 3.11691
90.9315 0.426515 0.435705 16 -79 -0.4 0 0.543902 0.438697 541 197 734 174 452 270 687 291 658 163 5.67246 398 503 3.11691
90.9981 0.426515 0.435705 16 -79 -0.4 0 0.543502 0.438697 541 197 734 174 452 270 687 291 658 163 5.6809 398 503 3.11691
91.0648 0.424973 0.435705 12 -78 -0.4 0 0.543102 0.438697 541 197 734 174 452 270 687 291 658 164 5.6809 398 503 3.15425
91.1315 0.424973 0.435705 12 -78 -0.4 0 0.542702 0.438697 543 198 736 175 453 270 688 292 660 164 5.63132 398 503 3.11691
91.1981 0.424973 0.435705 12 -78 -0.4 0 0.542302 0.438697 543 198 737 175 453 270 688 292 660 165 5.66543 398 503 3.12909
91.2648 0.424459 0.435705 -1 -71 -0.4 0 0.541902 0.438697 543 198 737 175 454 270 688 292 660 165 5.66543 398 503 3.12909
91.3315 0.424459 0.435705 -1 -71 -0.4 0 0.541502 0.438697 543 198 737 175 454 270 688 292 660 165 5.66543 398 503 3.11691
91.3981 0.424459 0.435705 -1 -71 -0.4 0 0.541102 0.438697 544 198 737 176 455 271 689 292 660 164 5.62305 398 503 3.10411
91.4648 0.422659 0.435962 13 -70 -0.4 0 0.540702 0.438697 545 200 739 176 455 271 689 292 662 167 5.65211 398 503 3.10411
91.5315 0.422659 0.435962 13 -70 -0.4 0 0.540302 0.438697 545 199 739 176 455 271 690 293 663 166 5.63559 397 503 3.11691
91.5981 0.422659 0.435962 13 -70 -0.4 0 0.539902 0.438697 546 199 739 176 455 271 690 293 663 166 5.63559 397 503 3.12909
91.6648 0.422402 0.435962 9 -70 -0.4 0 0.539502 0.438697 546 199 739 176 455 271 690 293 663 166 5.63559 397 503 3.11628
91.7315 0.422402 0.435962 9 -70 -0.4 0 0.539102 0.438697 546 200 740 177 456 271 690 293 663 167 5.6375 398 503 3.10411
91.7981 0.422402 0.435962 9 -70 -0.4 0 0.538702 0.438697 547 200 740 177 457 271 691 293 664 167 5.64595 397 503 3.11691
91.8648 0.421117 0.435962 10 -69 -0.4 0 0.538302 0.438697 547 201 741 178 456 271 691 293 664 168 5.64595 398 503 3.12909
91.9315 0.421117 0.435962 10 -69 -0.4 0 0.537902 0.438697 547 201 741 178 456 271 691 293 664 168 5.64816 397 503 3.12909
91.9981 0.421117 0.435962 10 -69 -0.4 0 0.537502 0.438697 547 201 741 178 457 271 691 293 664 168 5.65674 397 503 3.14159
92.0648 0.419318 0.436219 8 -61 -0.4 0 0.537102 0.438697 549 201 742 179 458 271 692 294 666 168 5.63132 397 503 3.12909
92.1315 0.419318 0.436219 8 -61 -0.4 0 0.536702 0.438697 549 202 743 179 458 271 692 294 667 169 5.61355 397 503 3.11691
92.1981 0.419318 0.436219 8 -61 -0.4 0 0.536302 0.438697 549 202 743 179 459 272 693 294 667 168 5.57909 397 503 3.11691
92.2648 0.41906 0.436219 -5 -61 -0.4 0 0.535902 0.438697 550 202 743 179 459 272 693 294 667 169 5.57228 398 503 3.11596
92.3315 0.41906 0.436219 -5 -61 -0.4 0 0.535502 0.438697 550 202 743 179 459 271 692 294 667 169 5.58031 397 503 3.12909
92.3981 0.417261 0.436733 9 -53 -0.4 0 0.535102 0.438697 551 203 745 180 460 272 693 295 668 171 5.61355 397 503 3.11691
92.4648 0.417261 0.436733 9 -53 -0.4 0 0.534702 0.438697 552 203 745 180 460 272 694 295 669 171 5.62305 397 503 3.12909
92.5315 0.417261 0.436733 9 -53 -0.4 0 0.534302 0.438697 552 203 746 181 460 272 694 295 669 171 5.62305 397 503 3.12909
92.5981 0.416747 0.436733 -1 -56 0 0 0.534302 0.438697 552 203 746 181 460 272 694 295 669 171 5.64182 397 503 3.11691
92.6648 0.416747 0.436733 -1 -56 0 0 0.534302 0.438697 552 204 746 181 460 272 694 295 670 171 5.60673 397 503 3.11691
92.7315 0.416747 0.436733 -1 -56 0 0 0.534302 0.438697 553 204 747 181 461 272 695 296 670 171 5.58453 397 503 3.11691
92.7981 0.415462 0.436733 6 -53 0 0 0.534302 0.438697 554 204 747 181 462 272 695 296 671 171 5.58579 397 503 3.11691
92.8648 0.415462 0.436733 6 -53 0 0 0.534302 0.438697 554 204 747 181 462 272 695 295 671 172 5.60189 398 503 3.10364
92.9315 0.415462 0.436733 6 -53 0 0 0.534302 0.438697 554 204 748 182 462 273 695 296 671 172 5.60189 397 503 3.11691
92.9981 0.414434 0.436733 1 -48 0 0 0.534302 0.438697 554 204 748 182 462 273 695 296 672 172 5.58285 398 503 3.11596
93.0648 0.414434 0.436733 1 -48 0 0 0.534302 0.438697 555 205 749 182 463 273 696 296 672 173 5.60345 398 503 3.10364
93.1315 0.414434 0.436733 1 -48 -0.2 0.2 0.534102 0.438897 555 205 749 183 463 273 696 296 673 172 5.54959 397 503 3.11691
93.1981 0.414434 0.43699 4 -45 -0.2 0.2 0.533902 0.439097 555 205 749 183 463 273 696 296 673 172 5.54959 397 503 3.12894
93.2648 0.414434 0.43699 4 -45 -0.2 0.2 0.533702 0.439297 556 205 749 183 463 273 696 296 672 172 5.58453 397 503 3.11691
93.3315 0.414434 0.43699 4 -45 -0.2 0.2 0.533502 0.439497 555 205 749 183 463 273 696 296 673 173 5.56535 397 503 3.12909
93.3981 0.414176 0.43699 4 -45 -0.2 0.2 0.533302 0.439697 555 205 749 183 463 273 696 296 673 172 5.55742 397 503 3.11691
93.4648 0.414176 0.43699 4 -45 -0.2 0.2 0.533102 0.439897 556 205 749 183 463 273 696 296 673 173 5.56535 397 503 3.12909
93.5315 0.414176 0.43699 4 -45 -0.2 0.2 0.532902 0.440097 556 205 749 183 463 273 696 296 673 172 5.55742 398 503 3.10364
93.5981 0.413919 0.43699 -1 -46 -0.2 0.2 0.532702 0.440297 555 205 749 183 463 273 696 296 673 172 5.55742 397 503 3.11691
93.6648 0.413919 0.43699 -1 -46 -0.2 0.2 0.532502 0.440497 556 205 749 183 463 273 696 296 673 174 5.5734 397 503 3.11691
93.7315 0.413919 0.43699 -1 -46 -0.2 0.2 0.532302 0.440697 556 205 749 183 463 273 696 296 673 174 5.58031 398 503 3.11596
93.7981 0.413662 0.437247 -3 -52 -0.2 0.2 0.532102 0.440897 556 206 750 184 464 274 696 297 673 174 5.58285 398 503 3.18004
93.8648 0.413662 0.437247 -3 -52 -0.2 0.2 0.531902 0.441097 556 206 750 183 464 274 696 297 674 173 5.57118 397 503 3.11691
93.9315 0.413662 0.437247 -3 -52 -0.2 0.2 0.531702 0.441297 557 206 751 184 464 273 697 297 675 174 5.56638 397 503 3.11691
93.9981 0.412891 0.437504 6 -48 -0.2 0.2 0.531502 0.441497 557 206 751 184 464 273 697 297 675 174 5.56638 398 503 3.11596
94.0648 0.412891 0.437504 6 -48 -0.2 0.2 0.531302 0.441697 558 207 751 184 464 273 697 297 675 173 5.53481 397 503 3.11691
94.1315 0.412891 0.437504 6 -48 -0.2 0.2 0.531102 0.441897 558 207 752 184 464 273 698 298 675 175 5.5967 398 503 3.10364
94.1981 0.412634 0.438275 0 -49 -0.2 0.2 0.530902 0.442097 559 207 752 184 464 273 698 298 676 175 5.54253 397 503 3.11691
94.2648 0.412634 0.438275 0 -49 -0.2 0.2 0.530702 0.442297 560 208 753 185 464 273 698 298 676 175 5.54253 397 503 3.12909
94.3315 0.412634 0.438275 0 -49 -0.2 0.2 0.530502 0.442497 560 208 753 186 466 274 698 298 677 175 5.55654 397 503 3.11691
94.3981 0.411863 0.439046 7 -55 -0.2 0.2 0.530302 0.442697 560 208 753 186 466 274 698 298 677 175 5.55654 397 503 3.11691
94.4648 0.411863 0.439046 7 -55 -0.2 0.2 0.530102 0.442897 560 208 754 186 466 274 699 299 678 177 5.56021 397 503 3.11691
94.5315 0.411863 0.439046 7 -55 -0.2 0.2 0.529902 0.443097 560 209 754 186 467 274 699 299 678 177 5.56021 397 503 3.11691
94.5981 0.410835 0.439046 7 -60 -0.2 0.2 0.529702 0.443297 561 208 755 187 467 274 699 299 678 177 5.58156 398 503 3.10364
94.6648 0.410835 0.439046 7 -60 -0.2 0.2 0.529502 0.443497 561 209 755 187 467 274 699 299 678 177 5.58156 397 503 3.12909
94.7315 0.410578 0.440075 0 -52 -0.2 0.2 0.529302 0.443697 562 209 755 187 468 275 700 299 679 177 5.52763 397 503 3.11691
94.7981 0.410578 0.440075 0 -52 -0.2 0.2 0.529102 0.443897 563 210 756 188 468 275 700 299 679 178 5.54188 397 503 3.11691
94.8648 0.410578 0.440075 0 -52 -0.2 0.2 0.528902 0.444097 563 210 756 188 468 275 700 299 679 178 5.54188 398 503 3.19283
94.9315 0.409807 0.440332 5 -48 -0.2 0.2 0.528702 0.444297 563 210 757 188 469 275 700 300 679 178 5.54188 397 503 3.12909
94.9981 0.409807 0.440332 5 -48 -0.2 0.2 0.528502 0.444497 564 210 757 189 469 275 701 300 679 178 5.54188 397 503 3.11691
95.0648 0.409807 0.440332 5 -48 -0.2 0.2 0.528302 0.444697 564 210 758 189 469 275 701 300 681 179 5.56638 397 503 3.11691
95.1324 0.40955 0.441103 6 -47 -0.2 0.2 0.528101 0.444897 565 211 758 189 470 276 702 301 681 179 5.56638 398 503 3.11596
95.1981 0.40955 0.441103 6 -47 -0.2 0.2 0.527901 0.445097 565 211 758 189 470 276 702 301 681 179 5.56638 397 503 3.11691
95.2648 0.40955 0.441103 6 -47 -0.2 0.2 0.527701 0.445297 566 212 759 190 471 276 702 301 681 179 5.56638 397 503 3.12909
95.3315 0.408521 0.442131 9 -56 -0.2 0.2 0.527501 0.445497 566 212 759 190 471 276 702 301 683 180 5.42439 397 503 3.12909
95.3981 0.408521 0.442131 9 -56 -0.2 0.2 0.527301 0.445697 567 212 760 190 471 276 703 302 683 180 5.42439 397 503 3.11691
95.4648 0.408521 0.442131 9 -56 -0.2 0.2 0.527101 0.445897 567 213 760 190 471 276 703 302 684 181 5.43122 397 503 3.11691
95.5315 0.408264 0.441874 5 -49 -0.2 0.2 0.526901 0.446097 567 213 760 190 471 277 703 302 684 181 5.43122 397 503 3.12909
95.5981 0.408264 0.441874 5 -49 -0.2 0.2 0.526701 0.446297 567 213 761 191 471 277 703 302 684 181 5.43122 397 503 3.12909
95.6648 0.408264 0.441874 5 -49 -0.2 0.2 0.526501 0.446497 567 213 761 191 471 277 703 302 684 181 5.43122 397 503 3.12909
95.7315 0.40775 0.442902 -1 -54 -0.2 0.2 0.526301 0.446697 568 214 762 191 472 277 703 302 684 181 5.43122 397 503 3.11691
95.7981 0.40775 0.442902 -1 -54 -0.2 0.2 0.526101 0.446897 569 214 762 192 473 277 704 303 684 181 5.43122 397 503 3.11691
95.8648 0.40775 0.442902 -1 -54 -0.2 0.2 0.525901 0.447097 569 214 763 192 473 277 704 303 686 182 5.40713 398 503 3.11596
95.9315 0.406722 0.443673 7 -55 -0.2 0.2 0.525701 0.447297 569 214 763 192 473 277 704 303 686 183 5.38548 397 503 3.11691
95.9981 0.406722 0.443673 7 -55 -0.2 0.2 0.525501 0.447497 569 215 763 192 473 277 704 303 686 183 5.38548 397 503 3.12909
96.0648 0.406722 0.443673 7 -55 -0.2 0.2 0.525301 0.447697 571 215 764 193 473 277 705 304 686 183 5.38548 397 503 3.12909
96.1315 0.406208 0.44393 7 -54 -0.2 0.2 0.525101 0.447897 570 215 764 193 473 278 705 304 686 183 5.38548 397 503 3.12909
96.1981 0.406208 0.44393 7 -54 -0.2 0.2 0.524901 0.448097 571 216 765 194 474 278 705 303 688 184 5.40179 397 503 3.11691
96.2648 0.406208 0.44393 7 -54 -0.2 0.2 0.524701 0.448297 571 216 765 194 474 278 705 303 688 184 5.39212 398 503 3.11596
96.3315 0.405694 0.444444 10 -60 -0.2 0.2 0.524501 0.448497 572 216 765 194 475 278 706 304 689 184 5.37066 397 503 3.11691
96.3981 0.405694 0.444444 10 -60 -0.2 0.2 0.524301 0.448697 572 217 766 195 476 278 706 304 689 185 5.40179 397 503 3.12909
96.4648 0.405694 0.444444 10 -60 -0.2 0.2 0.524101 0.448897 572 217 766 195 476 278 706 304 689 185 5.36426 397 503 3.12909
96.5315 0.405694 0.444444 10 -60 -0.2 0.2 0.523901 0.449097 573 217 767 195 476 278 706 304 689 185 5.36426 398 503 3.19283
96.5981 0.405694 0.444444 10 -60 -0.2 0.2 0.523701 0.449297 573 217 767 195 476 278 706 304 689 185 5.36426 397 503 3.12909
96.6648 0.405694 0.444444 10 -60 -0.2 0.2 0.523501 0.449497 574 218 767 196 476 279 707 305 690 186 5.35589 397 503 3.11691
96.7315 0.404923 0.444701 7 -48 -0.2 0.2 0.523301 0.449697 574 218 768 196 477 279 707 305 691 186 5.37716 397 503 3.12909
96.7981 0.404923 0.444701 7 -48 -0.2 0.2 0.523101 0.449897 574 218 768 196 477 279 707 305 691 186 5.37716 397 503 3.12909
96.8648 0.404923 0.444701 7 -48 -0.2 0.2 0.522901 0.450097 574 218 768 196 477 279 707 305 691 186 5.37716 398 503 3.10364
96.9315 0.404665 0.44573 0 -57 -0.2 0.2 0.522701 0.450297 574 218 768 196 477 279 707 305 691 187 5.35589 397 503 3.12909
96.9981 0.404665 0.44573 0 -57 0 0 0.522701 0.450297 574 219 768 196 477 279 708 305 692 187 5.35796 397 503 3.11691
97.0648 0.404665 0.44573 0 -57 0 0 0.522701 0.450297 575 219 769 197 477 279 708 306 692 187 5.35796 397 503 3.12909
97.1315 0.403637 0.446501 8 -55 0 0 0.522701 0.450297 575 219 769 197 477 279 708 306 692 187 5.34963 397 503 3.12909
97.1981 0.403637 0.446501 8 -55 0 0 0.522701 0.450297 576 220 770 198 478 280 708 306 692 187 5.34963 397 503 3.11691
97.2648 0.402866 0.447015 6 -55 0 0 0.522701 0.450297 577 220 771 198 478 280 708 306 694 188 5.34119 397 503 3.11691
97.3315 0.402866 0.447015 6 -55 0 0 0.522701 0.450297 577 220 771 199 479 280 709 307 694 188 5.34119 397 503 3.12909
97.3981 0.402866 0.447015 6 -55 0 0 0.522701 0.450297 577 221 771 199 479 280 709 307 694 190 5.34514 398 503 3.11596
97.4648 0.402352 0.448043 12 -59 0 0 0.522701 0.450297 578 221 771 199 480 280 709 307 694 190 5.32655 397 503 3.11691
97.5315 0.402352 0.448043 12 -59 0 0 0.522701 0.450297 579 222 773 199 480 280 710 308 695 191 5.32655 397 503 3.11691
97.5981 0.402352 0.448043 12 -59 0 0 0.522701 0.450297 579 222 773 199 480 281 710 308 695 191 5.32655 397 503 3.11691
97.6648 0.402095 0.448043 9 -59 0 0 0.522701 0.450297 579 222 773 199 480 281 710 308 696 190 5.32655 397 503 3.11691
97.7315 0.402095 0.448043 9 -59 0 0 0.522701 0.450297 579 222 773 200 480 281 710 308 696 190 5.32655 397 503 3.11691
97.7981 0.402095 0.448043 9 -59 0 0 0.522701 0.450297 579 222 773 200 480 281 710 308 696 190 5.32655 397 503 3.11691
97.8648 0.402095 0.448043 12 -59 0 0 0.522701 0.450297 579 222 773 200 480 281 710 308 696 190 5.32655 397 503 3.11691
97.9315 0.402095 0.448043 12 -59 0 0 0.522701 0.450297 579 222 773 200 480 281 710 308 696 190 5.32655 397 503 3.11691
97.9981 0.402095 0.448043 12 -59 0 0 0.522701 0.450297 579 222 773 200 480 281 710 308 696 190 5.32655 397 503 3.12909
98.0648 0.402095 0.448043 9 -59 0 0 0.522701 0.450297 579 222 773 200 480 281 710 308 696 190 5.32655 397 503 3.11691
98.1315 0.402095 0.448043 9 -59 0 0 0.522701 0.450297 579 222 773 200 480 281 710 308 696 190 5.32655 398 503 3.11596
98.1981 0.402095 0.448043 9 -59 0 0 0.522701 0.450297 579 222 773 200 480 281 710 308 696 190 5.32655 398 503 3.18004
98.2648 0.402352 0.448043 12 -59 0 0 0.522701 0.450297 579 222 773 200 480 281 710 308 696 190 5.32655 397 503 3.11691
98.3315 0.402352 0.448043 12 -59 0 0 0.522701 0.450297 579 222 773 200 480 281 710 308 696 190 5.32655 397 503 3.11691
98.3981 0.402352 0.448043 12 -59 0 0 0.522701 0.450297 579 222 773 200 480 281 710 308 696 190 5.32655 397 503 3.11691
98.4648 0.402095 0.448043 15 -59 0 0 0.522701 0.450297 579 222 773 200 480 281 710 308 696 190 5.33264 397 503 3.11691
98.5315 0.402095 0.448043 15 -59 0 0 0.522701 0.450297 579 222 773 200 480 281 710 308 696 190 5.32655 397 503 3.11691
98.5981 0.402095 0.448043 15 -59 0 -0.4 0.522701 0.449897 579 222 773 200 480 281 710 308 696 190 5.32655 397 503 3.11691
98.6648 0.402095 0.448043 11 -59 0 -0.4 0.522701 0.449497 579 222 773 200 480 281 710 308 696 190 5.32655 397 503 3.11691
98.7315 0.402095 0.448043 11 -59 0 -0.4 0.522701 0.449097 579 222 773 200 480 281 710 308 696 191 5.30614 397 503 3.11691
98.7981 0.402095 0.448043 11 -59 0 -0.4 0.522701 0.448697 579 222 773 200 480 281 710 308 696 190 5.33264 397 503 3.12909
98.8648 0.402095 0.448043 12 -59 0 -0.4 0.522701 0.448297 579 222 773 200 480 281 710 308 696 190 5.33264 397 503 3.11691
98.9315 0.402095 0.448043 12 -59 0 -0.4 0.522701 0.447897 579 222 773 200 480 281 710 308 696 190 5.32655 397 503 3.12909
98.9981 0.402095 0.448043 12 -59 0 -0.4 0.522701 0.447497 579 222 773 200 480 281 710 308 696 190 5.32655 397 503 3.12909
99.0648 0.402095 0.448043 14 -60 0 -0.4 0.522701 0.447097 579 222 773 200 480 281 710 308 696 190 5.32655 397 503 3.11691
99.1315 0.402095 0.448043 14 -60 0 -0.4 0.522701 0.446697 579 222 773 200 480 281 710 308 696 190 5.32655 397 503 3.11691
99.1981 0.402095 0.448043 14 -60 0 -0.4 0.522701 0.446297 579 222 773 200 481 281 710 308 696 191 5.30614 397 503 3.12909
99.2648 0.402352 0.448043 11 -17 0 -0.4 0.522701 0.445897 579 222 773 200 480 281 710 308 696 190 5.32655 397 503 3.12909
99.3315 0.402352 0.448043 11 -17 0 -0.4 0.522701 0.445497 579 222 773 200 480 281 710 308 696 190 5.32655 397 503 3.12909
99.3981 0.402352 0.448043 11 -17 0 -0.4 0.522701 0.445097 579 222 773 200 480 281 710 308 696 190 5.32655 398 503 3.11596
99.4648 0.402352 0.447786 11 -18 0 -0.4 0.522701 0.444697 579 222 773 200 480 281 710 308 696 190 5.32655 398 503 3.18004
99.5315 0.402352 0.447786 11 -18 0 -0.4 0.522701 0.444297 579 222 773 200 480 281 710 308 696 190 5.32655 398 503 3.18004
99.5981 0.402352 0.447015 15 -3 0 -0.4 0.522701 0.443897 579 222 773 200 480 281 710 308 696 190 5.32655 397 503 3.11691
99.6648 0.402352 0.447015 15 -3 0 -0.4 0.522701 0.443497 579 222 773 200 480 281 710 308 696 190 5.31199 397 503 3.11691
99.7315 0.402352 0.447015 15 -3 0 -0.4 0.522701 0.443097 579 222 773 200 480 281 710 308 696 190 5.31793 398 503 3.11596
99.7981 0.402352 0.446244 15 -11 0 -0.4 0.522701 0.442697 579 222 773 200 480 281 710 308 695 190 5.32655 397 503 3.11691
99.8648 0.402352 0.446244 15 -11 0 -0.4 0.522701 0.442297 579 222 773 200 480 281 710 308 695 190 5.32655 397 503 3.12909
99.9315 0.402352 0.446244 15 -11 0 -0.4 0.522701 0.441897 579 221 773 200 480 281 710 308 695 190 5.32655 398 503 3.1166
99.9981 0.402095 0.444444 8 -13 0 -0.4 0.522701 0.441497 579 222 773 200 480 281 710 308 695 190 5.34119 398 503 3.19283
100.065 0.402095 0.444444 8 -13 0 -0.4 0.522701 0.441097 579 221 773 199 480 281 710 308 696 189 5.34119 398 503 3.19283
100.131 0.402095 0.444444 8 -13 0 -0.4 0.522701 0.440697 578 221 773 200 480 281 710 308 696 189 5.34119 397 503 3.12894
100.198 0.402352 0.444187 14 1 0 -0.4 0.522701 0.440297 578 221 773 199 480 281 710 308 696 189 5.34119 397 503 3.12894
100.265 0.402352 0.444187 14 1 0 -0.4 0.522701 0.439897 578 221 773 199 480 281 709 307 696 189 5.34119 398 503 3.1166
100.331 0.402352 0.444187 14 1 0 -0.4 0.522701 0.439497 578 221 773 199 480 280 710 308 695 189 5.34119 398 503 3.1166
100.398 0.402095 0.442645 14 -4 0 -0.4 0.522701 0.439097 578 220 772 199 480 281 709 307 696 189 5.34742 398 503 3.19283
100.465 0.402095 0.442645 14 -4 0 -0.4 0.522701 0.438697 578 220 772 199 480 281 709 307 695 189 5.35589 398 503 3.19283
100.531 0.402095 0.442645 14 -4 0 -0.4 0.522701 0.438297 578 220 772 199 480 281 709 307 695 189 5.35589 398 503 3.19283
100.598 0.402095 0.44136 10 0 0 -0.4 0.522701 0.437897 578 220 772 199 480 281 709 307 695 188 5.34963 398 503 3.19283
100.665 0.402095 0.44136 10 0 0 -0.4 0.522701 0.437497 578 220 772 199 480 280 709 307 695 188 5.34963 398 503 3.1166
100.731 0.402095 0.44136 10 0 0 -0.4 0.522701 0.437097 578 219 771 199 480 280 709 307 695 188 5.34963 397 503 3.11691
100.798 0.402095 0.440589 16 -12 0 -0.4 0.522701 0.436697 578 219 771 199 480 280 709 307 695 188 5.34963 398 503 3.19283
100.865 0.402095 0.440589 16 -12 0 -0.4 0.522701 0.436297 578 219 771 199 480 280 709 307 695 188 5.34963 398 503 3.19283
100.931 0.402095 0.440589 16 -12 0 -0.4 0.522701 0.435897 578 219 771 199 481 280 709 307 695 188 5.34963 398 503 3.19283
100.998 0.402095 0.438532 11 0 0 -0.4 0.522701 0.435497 578 218 771 198 480 280 709 307 695 188 5.34963 397 503 3.12894
101.065 0.402095 0.438532 11 0 0 -0.4 0.522701 0.435097 578 218 771 198 480 280 709 307 695 188 5.34963 398 503 3.19283
101.131 0.402352 0.438275 15 -1 0 -0.4 0.522701 0.434697 578 218 771 198 480 280 709 307 695 188 5.34963 397 503 3.12894
101.198 0.402352 0.438275 15 -1 0 -0.4 0.522701 0.434297 578 218 771 198 480 280 709 307 695 188 5.34963 397 503 3.12894
101.265 0.402352 0.438275 15 -1 0 -0.4 0.522701 0.433897 578 218 771 198 480 280 709 307 695 188 5.34963 398 503 3.19283
101.331 0.402352 0.43699 11 -1 0 -0.4 0.522701 0.433497 577 218 771 198 480 280 709 307 695 188 5.34963 397 503 3.12894
101.398 0.402352 0.43699 11 -1 0 -0.4 0.522701 0.433097 577 218 771 198 480 280 708 306 695 188 5.34963 398 503 3.1166
101.465 0.402352 0.43699 11 -1 0 -0.4 0.522701 0.432697 577 218 771 198 480 280 708 306 695 188 5.34963 398 503 3.1166
101.531 0.402095 0.435705 10 1 0 -0.4 0.522701 0.432297 577 217 770 198 480 280 708 306 695 188 5.34963 398 503 3.19283
101.598 0.402095 0.435705 10 1 0 -0.4 0.522701 0.431897 577 217 770 198 480 280 708 306 694 185 5.40847 398 503 3.19283
101.665 0.402095 0.435705 10 1 0 -0.4 0.522701 0.431497 577 216 770 198 479 280 708 306 694 185 5.40847 398 503 3.19283
101.731 0.402095 0.434933 9 7 0 -0.4 0.522701 0.431097 577 216 770 198 479 280 708 306 694 185 5.40847 398 503 3.19283
101.798 0.402095 0.434933 9 7 0 -0.4 0.522701 0.430697 576 216 770 197 479 280 708 306 693 185 5.5214 398 503 3.19283
101.865 0.402095 0.434933 9 7 0 -0.4 0.522701 0.430297 576 215 769 197 479 280 708 305 693 183 5.55925 398 503 3.19283
101.931 0.402352 0.433134 8 3 0 -0.4 0.522701 0.429897 576 215 769 197 479 280 708 305 693 183 5.55925 398 503 3.19283
101.998 0.402352 0.433134 8 3 0 -0.4 0.522701 0.429497 576 215 769 197 479 280 708 305 693 183 5.49038 398 503 3.2048
102.065 0.402352 0.433134 8 3 0 -0.4 0.522701 0.429097 576 215 769 196 479 280 708 306 693 183 5.49038 398 503 3.1166
102.131 0.402352 0.43262 11 3 0 -0.4 0.522701 0.428697 576 215 769 197 479 280 708 305 692 182 5.53427 398 503 3.19283
102.198 0.402352 0.43262 11 3 0 -0.4 0.522701 0.428297 576 215 769 196 479 280 708 305 692 182 5.53427 398 503 3.19283
102.265 0.402352 0.43262 11 3 0 -0.4 0.522701 0.427897 575 214 768 196 479 279 707 305 692 182 5.58156 398 503 3.19283
102.331 0.402352 0.431592 10 3 0 -0.4 0.522701 0.427497 575 214 768 196 479 279 707 305 692 182 5.58983 398 503 3.2048
102.398 0.402352 0.431592 10 3 0 -0.4 0.522701 0.427097 575 214 768 196 479 279 707 305 692 182 5.58285 398 503 3.2048
102.465 0.402352 0.431592 10 3 0 -0.4 0.522701 0.426697 575 214 768 196 479 279 707 305 692 182 5.58285 398 503 3.19283
102.531 0.402352 0.429792 9 3 0 -0.4 0.522701 0.426297 575 214 768 196 479 279 707 305 692 182 5.58285 398 503 3.19283
102.598 0.402352 0.429792 9 3 0 -0.4 0.522701 0.425897 574 213 767 195 479 279 706 304 691 181 5.59822 398 503 3.1166
102.665 0.402352 0.429792 9 3 0 -0.4 0.522701 0.425497 574 213 767 195 479 279 706 304 691 180 5.62684 398 503 3.19283
102.731 0.402352 0.429535 9 8 0 -0.4 0.522701 0.425097 574 213 767 195 479 279 706 304 691 180 5.5967 398 503 3.19283
102.798 0.402352 0.429535 9 8 0 -0.4 0.522701 0.424697 575 213 767 195 479 279 706 304 691 179 5.58983 398 503 3.19283
102.865 0.402352 0.429535 9 8 0 -0.4 0.522701 0.424297 574 213 767 195 478 279 706 304 690 176 5.61179 398 503 3.19283
102.931 0.402352 0.427736 6 2 0 -0.4 0.522701 0.423897 573 212 766 194 478 279 706 304 690 176 5.61179 398 503 3.19283
102.998 0.402352 0.427736 6 2 0 -0.4 0.522701 0.423497 573 212 766 194 478 279 706 304 690 176 5.61179 398 503 3.19283
103.065 0.402352 0.427736 6 2 0 -0.4 0.522701 0.423097 573 212 765 194 478 279 705 303 690 176 5.61179 398 503 3.19283
103.131 0.402352 0.427479 8 2 0 -0.4 0.522701 0.422697 573 212 765 194 478 279 705 303 690 176 5.61179 398 503 3.19283
103.198 0.402352 0.427479 8 2 0 -0.4 0.522701 0.422297 572 211 765 193 478 279 705 303 690 176 5.61179 398 503 3.19283
103.265 0.402352 0.425937 9 3 0 -0.4 0.522701 0.421897 572 210 765 193 478 279 705 303 690 176 5.61179 398 503 3.19283
103.331 0.402352 0.425937 9 3 0 -0.4 0.522701 0.421497 572 210 765 193 478 279 705 303 690 176 5.61179 398 503 3.19283
103.398 0.402352 0.425937 9 3 0 -0.4 0.522701 0.421097 572 210 764 193 478 279 705 303 690 176 5.61179 398 503 3.19283
103.465 0.402352 0.42388 6 2 0 -0.4 0.522701 0.420697 571 209 764 193 476 278 705 303 690 176 5.61179 398 503 3.2048
103.531 0.402352 0.42388 6 2 0 -0.4 0.522701 0.420297 571 209 764 193 476 278 705 303 690 176 5.61179 398 503 3.2048
103.598 0.402352 0.42388 6 2 0 -0.4 0.522701 0.419897 571 209 764 193 476 278 705 303 690 176 5.61179 398 503 3.19283
103.665 0.402352 0.423623 7 2 0 -0.4 0.522701 0.419497 571 208 764 193 476 278 705 303 690 176 5.61179 398 503 3.19283
