35.4656 0.472013 0.309492 44 -58 0.2 -0.2 0.593903 0.311238 418 139 602 136 399 261 612 263 511 92 3.41043 398 504 3.14159
35.5323 0.472013 0.309492 43 -58 0.2 -0.2 0.594103 0.311038 417 139 602 136 399 261 612 263 511 92 3.41043 398 504 3.14159
35.5989 0.472013 0.309492 43 -58 0.2 -0.2 0.594303 0.310838 418 139 602 136 399 261 612 263 511 92 3.41043 398 504 3.14159
35.6656 0.472013 0.309492 45 -58 0.2 -0.2 0.594503 0.310638 418 139 601 136 399 261 611 263 511 92 3.41043 398 504 3.14159
35.7322 0.472013 0.309492 45 -58 0.2 -0.2 0.594703 0.310438 417 139 602 136 399 261 612 263 511 93 3.37913 398 504 3.14159
35.7989 0.472013 0.309492 45 -58 0.2 -0.2 0.594903 0.310238 417 139 602 136 399 261 612 263 511 93 3.38176 398 504 3.14159
35.8656 0.472013 0.309235 44 -59 0.2 -0.2 0.595103 0.310038 417 139 602 136 399 261 612 263 511 93 3.39384 398 504 3.14159
35.9323 0.472013 0.309235 44 -59 0.2 -0.2 0.595303 0.309838 417 139 601 136 399 261 612 263 511 93 3.38176 398 504 3.14159
35.9989 0.472013 0.309235 44 -59 0.2 -0.2 0.595503 0.309638 418 139 601 136 399 261 612 263 511 93 3.36987 398 504 3.14159
36.0656 0.472785 0.309492 43 -58 0.2 -0.2 0.595703 0.309438 418 139 601 136 399 261 612 263 510 93 3.38414 398 504 3.14159
36.1322 0.472785 0.309492 43 -58 0.2 -0.2 0.595903 0.309238 418 139 601 136 399 261 612 263 510 94 3.33502 398 504 3.14159
36.1989 0.472785 0.309492 43 -58 0.2 -0.2 0.596103 0.309038 418 139 601 136 399 261 612 263 512 94 3.37632 398 504 3.14159
36.2656 0.473042 0.309492 44 -31 0.2 -0.2 0.596303 0.308838 417 139 601 136 399 261 612 263 510 94 3.33502 398 504 3.14159
36.3322 0.473042 0.309492 44 -31 0.2 -0.2 0.596503 0.308638 417 139 601 136 399 261 612 263 511 94 3.36462 398 503 3.1166
36.3989 0.473042 0.309492 44 -31 0.2 -0.2 0.596703 0.308438 417 139 601 136 399 261 612 263 511 94 3.38905 398 503 3.15425
36.4656 0.473813 0.309492 45 -21 0.2 -0.2 0.596903 0.308238 417 139 601 136 399 261 612 263 511 94 3.36687 398 504 3.14159
36.5323 0.473813 0.309492 45 -21 0.2 -0.2 0.597103 0.308038 417 139 601 136 399 261 612 263 511 93 3.39384 398 504 3.14159
36.5989 0.473813 0.309492 45 -21 0.2 -0.2 0.597303 0.307838 417 139 601 136 399 261 612 263 511 93 3.38657 398 504 3.14159
36.6656 0.47407 0.308978 46 -20 0.2 -0.2 0.597503 0.307638 417 139 601 136 399 261 612 263 510 93 3.37441 398 504 3.14159
36.7322 0.47407 0.308978 46 -20 0.2 -0.2 0.597703 0.307438 417 139 601 136 399 261 612 263 510 93 3.40092 398 504 3.14159
36.7989 0.47407 0.308978 46 -20 0.2 -0.2 0.597903 0.307238 417 139 601 136 399 261 612 263 510 93 3.38414 398 504 3.14159
36.8656 0.474584 0.308463 58 -17 0.2 -0.2 0.598103 0.307038 417 139 601 136 398 261 612 263 510 93 3.38657 398 503 3.1166
36.9323 0.474584 0.308463 58 -17 0.2 -0.2 0.598303 0.306838 416 139 601 136 398 261 612 263 510 93 3.39384 398 503 3.15425
36.9989 0.474584 0.308463 58 -17 0.2 -0.2 0.598503 0.306638 416 139 600 136 398 261 611 263 510 93 3.40348 398 503 3.1166
37.0656 0.475355 0.308206 57 -13 0.2 -0.2 0.598703 0.306438 416 139 601 136 398 261 612 263 510 94 3.40608 398 503 3.1166
37.1322 0.475355 0.308206 57 -13 0.2 -0.2 0.598903 0.306238 416 139 600 136 398 261 612 263 510 93 3.39384 398 504 3.14159
37.1989 0.475355 0.308206 57 -13 0.2 -0.2 0.599103 0.306038 416 139 600 136 398 261 612 263 509 93 3.38176 398 503 3.15425
37.2656 0.475612 0.307435 55 -7 0.2 -0.2 0.599303 0.305838 415 139 600 136 398 261 612 263 509 93 3.41576 398 503 3.15425
37.3322 0.475612 0.307435 55 -7 0.2 -0.2 0.599503 0.305638 415 139 600 136 398 261 611 263 509 93 3.39384 398 503 3.10457
37.3989 0.476383 0.307178 54 0 0.2 -0.2 0.599703 0.305438 415 139 600 136 398 261 612 263 509 94 3.40608 398 503 3.12909
37.4656 0.476383 0.307178 54 0 0.2 -0.2 0.599903 0.305238 416 139 599 136 397 261 611 263 509 93 3.39384 398 503 3.15425
37.5323 0.476383 0.307178 54 0 0.2 -0.2 0.600103 0.305038 415 139 599 136 397 261 611 263 508 93 3.4185 398 503 3.12909
37.5989 0.476383 0.30615 47 -19 0.2 -0.2 0.600303 0.304838 415 139 599 136 397 261 611 263 508 94 3.40608 398 503 3.12909
37.6656 0.476383 0.30615 47 -19 0.2 -0.2 0.600503 0.304638 414 139 598 136 397 261 610 263 507 93 3.42539 398 503 3.12909
37.7322 0.476383 0.30615 47 -19 0.2 -0.2 0.600703 0.304438 413 139 599 137 397 261 610 263 506 93 3.42261 398 504 3.14159
37.7989 0.477154 0.30615 58 0 0.2 -0.2 0.600903 0.304238 413 139 598 137 396 261 611 263 507 93 3.41043 398 504 3.14159
37.8656 0.477154 0.30615 58 0 0.2 -0.2 0.601103 0.304038 414 139 598 137 396 261 610 263 506 94 3.40874 398 503 3.14159
37.9322 0.477154 0.30615 58 0 0.2 -0.2 0.601303 0.303838 413 139 598 137 396 261 610 263 506 93 3.4185 398 503 3.15425
37.9989 0.478183 0.305636 57 -18 0.2 -0.2 0.601503 0.303638 412 139 597 137 395 261 609 263 505 93 3.41307 398 503 3.1166
38.0656 0.478183 0.305636 57 -18 0.2 -0.2 0.601703 0.303438 412 139 596 136 395 261 609 262 505 93 3.41307 398 503 3.12909
38.1322 0.478183 0.305636 57 -18 0.2 -0.2 0.601903 0.303238 411 139 596 136 395 261 609 263 503 93 3.4321 398 503 3.12909
38.1989 0.47844 0.304865 58 0 0 0 0.601903 0.303238 411 139 596 137 395 261 609 263 503 93 3.44154 398 503 3.1166
38.2656 0.47844 0.304865 58 0 0 0 0.601903 0.303238 411 139 595 136 394 261 609 262 503 93 3.42261 398 503 3.12909
38.3323 0.47844 0.304865 58 0 0 0 0.601903 0.303238 410 139 594 136 394 261 608 263 502 93 3.43496 398 503 3.12909
38.3989 0.479211 0.304351 49 0 0 0 0.601903 0.303238 410 139 594 136 394 261 608 263 502 93 3.43496 398 504 3.14159
38.4658 0.479211 0.304351 49 0 0 0 0.601903 0.303238 408 139 593 136 393 261 607 262 500 93 3.45394 398 503 3.15425
38.5323 0.479211 0.304351 49 0 0 0 0.601903 0.303238 408 139 592 136 393 261 607 262 500 93 3.44084 398 503 3.12909
38.5989 0.479468 0.303579 47 -10 0 0 0.601903 0.303238 407 139 592 136 393 261 607 262 500 93 3.44084 398 503 3.12909
38.6656 0.479468 0.303579 47 -10 0 0 0.601903 0.303238 407 139 592 136 392 261 606 262 499 93 3.44084 398 503 3.1166
38.7341 0.479468 0.303579 47 -10 0 0 0.601903 0.303238 407 139 591 136 392 261 606 262 499 93 3.44084 398 503 3.10457
38.7989 0.479982 0.303322 44 0 0 0 0.601903 0.303238 407 139 591 136 392 261 606 262 498 93 3.43787 398 503 3.12894
38.8656 0.479982 0.303322 44 0 0 0 0.601903 0.303238 406 139 591 136 392 261 606 262 498 93 3.45701 398 503 3.12909
38.9322 0.479982 0.302808 44 -15 0 0 0.601903 0.303238 406 139 591 136 392 261 606 262 498 93 3.45394 398 504 3.14159
38.9989 0.479982 0.302808 44 -15 0 0 0.601903 0.303238 406 139 591 136 392 261 606 262 498 93 3.45394 398 503 3.12909
39.0656 0.479982 0.302808 44 -15 0 0 0.601903 0.303238 406 139 591 136 392 261 606 262 498 93 3.45394 398 503 3.12909
39.1323 0.480239 0.302808 42 -2 0 0 0.601903 0.303238 406 139 591 136 392 261 606 262 498 93 3.43787 398 503 3.1166
39.1989 0.480239 0.302808 42 -2 0 0 0.601903 0.303238 406 139 591 136 392 261 606 262 498 93 3.43787 398 503 3.12909
39.2656 0.480239 0.302808 42 -2 0 0 0.601903 0.303238 406 139 591 136 392 261 606 262 498 93 3.45394 398 503 3.12909
39.3322 0.479982 0.303065 44 -19 0 0 0.601903 0.303238 406 139 591 136 392 261 606 262 498 93 3.44448 398 503 3.12909
39.3989 0.479982 0.303065 44 -19 0 0 0.601903 0.303238 406 139 591 136 392 261 606 262 498 93 3.43787 398 503 3.12894
39.4657 0.479982 0.303065 44 -19 0.2 0.2 0.602103 0.303438 406 139 591 136 392 261 606 262 498 93 3.43787 398 503 3.12909
39.5322 0.479982 0.303065 44 -9 0.2 0.2 0.602303 0.303638 406 139 591 136 392 261 606 262 498 93 3.43787 398 503 3.14159
39.5989 0.479982 0.303065 44 -9 0.2 0.2 0.602503 0.303838 406 139 591 136 392 261 606 262 498 93 3.43787 398 503 3.1166
39.6656 0.479982 0.303065 44 -9 0.2 0.2 0.602703 0.304038 406 139 591 136 392 261 606 262 498 93 3.43787 398 503 3.12909
39.7322 0.479982 0.302808 43 -16 0.2 0.2 0.602903 0.304238 406 139 591 136 392 261 606 262 497 93 3.45092 398 503 3.12909
39.799 0.479982 0.302808 43 -16 0.2 0.2 0.603103 0.304438 406 139 591 136 392 261 606 262 498 93 3.43787 398 503 3.12894
39.8656 0.479982 0.302808 43 -16 0.2 0.2 0.603303 0.304638 406 139 591 136 392 261 606 262 498 93 3.43787 398 504 3.14159
39.9322 0.480496 0.302808 43 -9 0.2 0.2 0.603503 0.304838 406 138 590 136 392 261 606 262 497 93 3.44448 398 504 3.12909
39.9989 0.480496 0.302808 43 -9 0.2 0.2 0.603703 0.305038 406 139 590 136 392 261 606 262 498 93 3.43496 398 504 3.14159
40.0656 0.480496 0.302808 43 -9 0.2 0.2 0.603903 0.305238 406 139 590 136 392 261 605 262 497 93 3.46025 398 503 3.14159
40.1323 0.480753 0.303579 43 -30 0.2 0.2 0.604103 0.305438 406 139 590 136 392 261 606 262 497 93 3.44448 398 503 3.15458
40.1989 0.480753 0.303579 43 -30 0.2 0.2 0.604303 0.305638 406 139 590 136 392 261 606 262 497 93 3.45394 398 503 3.1166
40.2656 0.480753 0.303579 43 -30 0.2 0.2 0.604503 0.305838 405 138 590 136 392 261 605 262 497 93 3.45394 398 503 3.1166
40.3323 0.481524 0.303322 58 -34 0.2 0.2 0.604703 0.306038 405 139 590 136 392 261 605 262 497 93 3.46025 398 504 3.14159
40.3989 0.481524 0.303322 58 -34 0.2 0.2 0.604903 0.306238 406 139 590 136 392 261 606 262 497 93 3.46025 398 504 3.12909
40.4656 0.481524 0.303837 52 -37 0.2 0.2 0.605103 0.306438 405 139 590 136 392 261 606 262 497 93 3.45092 398 504 3.14159
40.5323 0.481524 0.303837 52 -37 0.2 0.2 0.605303 0.306638 405 138 590 136 392 261 606 262 497 93 3.45092 398 503 3.15425
40.5989 0.481524 0.303837 52 -37 0.2 0.2 0.605503 0.306838 405 139 590 136 392 261 605 262 497 93 3.45092 398 503 3.1166
40.6656 0.482038 0.304094 61 -45 0.2 0.2 0.605703 0.307038 405 139 590 136 392 261 606 262 497 93 3.45092 398 503 3.15441
40.7322 0.482038 0.304094 61 -45 0.2 0.2 0.605903 0.307238 405 139 590 136 392 261 606 262 497 93 3.46025 398 504 3.14159
40.7989 0.482038 0.304094 61 -45 0.2 0.2 0.606103 0.307438 405 139 590 136 392 261 606 262 497 93 3.45394 398 504 3.14159
40.8656 0.482295 0.304351 65 -45 0.2 0.2 0.606303 0.307638 405 139 590 136 391 261 606 262 497 93 3.45092 398 504 3.14159
40.9323 0.482295 0.304351 65 -45 0.2 0.2 0.606503 0.307838 405 139 590 136 391 261 606 262 497 93 3.46025 398 503 3.15425
40.9989 0.482295 0.304351 65 -45 0 0 0.606503 0.307838 405 139 590 136 392 261 606 262 497 93 3.46025 398 503 3.15425
41.0656 0.48281 0.304865 63 -51 0 0 0.606503 0.307838 405 139 590 136 391 261 606 262 497 93 3.46025 398 504 3.14159
41.1322 0.48281 0.304865 63 -51 0 0 0.606503 0.307838 405 139 590 136 392 261 606 262 497 93 3.45092 398 504 3.14159
41.1989 0.48281 0.304865 63 -51 0 0 0.606503 0.307838 405 139 590 136 392 261 606 262 497 93 3.43496 398 504 3.14159
41.2656 0.483581 0.304865 67 -52 0 0 0.606503 0.307838 405 139 590 136 391 261 606 262 497 93 3.44448 398 504 3.14159
41.3323 0.483581 0.304865 67 -52 0 0 0.606503 0.307838 405 139 590 136 392 261 606 262 497 93 3.43787 397 504 3.12894
41.3989 0.483581 0.304865 67 -52 0 0 0.606503 0.307838 405 139 590 136 392 261 606 263 497 93 3.46025 398 503 3.15441
41.4656 0.483581 0.305636 73 -59 0 0 0.606503 0.307838 405 139 590 136 392 261 606 262 497 93 3.45394 398 504 3.14159
41.5323 0.483581 0.305636 73 -59 0 0 0.606503 0.307838 405 139 590 136 392 261 606 262 497 93 3.45394 398 504 3.14159
41.5989 0.483581 0.305636 73 -59 0 0 0.606503 0.307838 405 139 590 136 392 261 606 262 497 93 3.45092 398 504 3.14159
41.6656 0.483838 0.305636 74 -64 0 0 0.606503 0.307838 405 139 590 136 392 261 606 262 497 93 3.45092 398 504 3.14159
41.7322 0.483838 0.305636 74 -64 0 0 0.606503 0.307838 405 139 590 136 392 261 606 262 497 93 3.45092 398 504 3.14159
41.7989 0.483838 0.305636 74 -64 0 0 0.606503 0.307838 405 139 590 136 392 261 606 263 497 93 3.45394 398 504 3.14159
41.8656 0.483581 0.305636 72 -66 0 0 0.606503 0.307838 405 139 590 136 392 261 606 262 497 93 3.43496 398 504 3.14159
41.9323 0.483581 0.305636 72 -66 0 0 0.606503 0.307838 405 139 590 136 392 261 606 262 497 93 3.43787 398 504 3.14159
41.9989 0.483581 0.305636 72 -66 0 0 0.606503 0.307838 405 139 590 136 392 261 606 262 497 93 3.45092 398 504 3.14159
42.0656 0.483581 0.305636 70 -64 0 0 0.606503 0.307838 405 139 590 136 392 261 606 262 497 93 3.44448 398 504 3.14159
42.1323 0.483581 0.305636 70 -64 0.2 -0.2 0.606703 0.307638 405 139 590 136 392 261 606 262 497 93 3.46025 398 504 3.14159
42.1989 0.483581 0.305636 72 -64 0.2 -0.2 0.606903 0.307438 405 139 590 136 392 261 606 262 497 93 3.44448 398 504 3.14159
42.2656 0.483581 0.305636 72 -64 0.2 -0.2 0.607103 0.307238 405 139 590 136 392 261 606 262 497 93 3.45394 398 504 3.14159
42.3322 0.483581 0.305636 72 -64 0.2 -0.2 0.607303 0.307038 405 139 590 136 392 261 606 263 497 93 3.44448 398 504 3.14159
42.3989 0.483581 0.305636 68 -64 0.2 -0.2 0.607503 0.306838 405 139 590 136 391 261 606 262 497 93 3.45092 398 504 3.14159
42.4656 0.483581 0.305636 68 -64 0.2 -0.2 0.607703 0.306638 405 139 590 136 392 261 606 263 497 93 3.45394 398 504 3.14159
42.5323 0.483581 0.305636 68 -64 0.2 -0.2 0.607903 0.306438 405 139 590 136 391 261 606 262 497 93 3.45394 398 504 3.14159
42.5989 0.483838 0.305636 69 -59 0.2 -0.2 0.608103 0.306238 405 139 590 136 391 261 606 263 497 93 3.45092 398 504 3.14159
42.6656 0.483838 0.305636 69 -59 0.2 -0.2 0.608303 0.306038 405 139 590 136 392 261 606 263 497 93 3.44448 398 504 3.14159
42.7322 0.483838 0.305636 69 -59 0.2 -0.2 0.608503 0.305838 405 139 590 136 392 261 606 263 497 93 3.44448 398 503 3.15441
42.7989 0.484609 0.305636 74 -59 0.2 -0.2 0.608703 0.305638 405 139 590 136 392 261 606 263 497 93 3.44448 397 504 3.12894
42.8656 0.484609 0.305636 74 -59 0.2 -0.2 0.608903 0.305438 405 139 590 137 391 261 606 263 497 93 3.44448 398 504 3.14159
42.9323 0.484609 0.305636 74 -59 0.2 -0.2 0.609103 0.305238 405 139 590 136 391 261 606 263 497 93 3.43496 398 503 3.15441
42.9989 0.484866 0.305636 73 -31 0.2 -0.2 0.609303 0.305038 405 139 590 136 391 261 606 263 497 93 3.43496 398 504 3.14159
43.0656 0.484866 0.305636 73 -31 0.2 -0.2 0.609503 0.304838 405 139 590 136 392 261 606 263 497 93 3.43787 398 504 3.14159
43.1323 0.484866 0.305636 73 -31 0.2 -0.2 0.609703 0.304638 405 139 590 136 392 261 606 263 497 93 3.43496 398 504 3.14159
43.1989 0.48538 0.305636 79 -20 0.2 -0.2 0.609903 0.304438 405 139 590 136 391 261 606 263 497 93 3.44154 398 504 3.14159
43.2656 0.48538 0.305636 79 -20 0.2 -0.2 0.610103 0.304238 405 139 590 136 391 261 606 263 497 93 3.44448 398 504 3.14159
43.3323 0.48538 0.305636 79 -20 0.2 -0.2 0.610303 0.304038 405 139 590 136 391 261 606 263 497 93 3.46015 398 504 3.14159
43.3989 0.48538 0.305379 65 -20 0.2 -0.2 0.610503 0.303838 405 139 590 136 392 261 606 263 497 93 3.43496 398 503 3.15425
43.4656 0.48538 0.305379 65 -20 0.2 -0.2 0.610703 0.303638 405 139 590 136 391 261 606 263 496 93 3.47592 398 504 3.14159
43.5323 0.48538 0.305379 65 -20 0.2 -0.2 0.610903 0.303438 405 139 590 137 392 261 606 263 496 94 3.4665 398 504 3.14159
43.5989 0.48538 0.305379 65 -20 0.2 -0.2 0.611103 0.303238 405 139 590 137 392 261 606 262 496 93 3.48197 398 504 3.14159
43.6656 0.48538 0.305379 65 -20 0.2 -0.2 0.611303 0.303038 405 139 590 137 391 261 606 262 496 93 3.4665 398 504 3.14159
43.7323 0.486408 0.304608 78 -17 0.2 -0.2 0.611503 0.302838 405 138 589 136 391 261 606 262 496 93 3.47592 398 504 3.14159
43.7989 0.486408 0.304608 78 -17 0.2 -0.2 0.611703 0.302638 404 139 589 136 391 261 606 262 496 93 3.46334 398 503 3.1166
43.8656 0.486408 0.304608 78 -17 0.2 -0.2 0.611903 0.302438 405 139 590 137 391 261 605 262 496 93 3.46334 398 503 3.11628
43.9322 0.487437 0.304351 73 0 0.2 -0.2 0.612103 0.302238 404 139 589 137 391 261 605 263 495 93 3.49458 398 504 3.14159
43.9989 0.487437 0.304351 73 0 0.2 -0.2 0.612303 0.302038 404 139 589 137 391 261 605 263 495 93 3.49458 398 503 3.15425
44.0657 0.487437 0.304351 73 0 0.2 -0.2 0.612503 0.301838 404 138 589 137 390 261 605 262 495 93 3.49803 398 503 3.1166
44.1323 0.487437 0.303837 81 -16 0.2 -0.2 0.612703 0.301638 403 139 588 136 390 261 605 262 494 93 3.47592 398 503 3.1166
44.1989 0.487437 0.303837 81 -16 0.2 -0.2 0.612903 0.301438 402 138 588 137 390 261 604 262 494 94 3.46971 398 504 3.14159
44.2656 0.487437 0.303837 81 -16 0.2 -0.2 0.613103 0.301238 402 139 587 137 390 261 604 262 494 93 3.48865 398 504 3.14159
44.3323 0.488722 0.302808 70 -7 0.2 -0.2 0.613303 0.301038 401 139 586 137 388 261 603 262 492 93 3.49458 398 504 3.14159
44.3989 0.488722 0.302808 70 -7 0.2 -0.2 0.613503 0.300838 399 138 584 136 388 261 602 262 490 93 3.50382 398 503 3.15425
44.4656 0.488722 0.302808 70 -7 0.2 -0.2 0.613703 0.300638 399 139 584 137 388 261 602 262 490 93 3.48865 398 504 3.14159
44.5322 0.48975 0.302037 67 -19 0.2 -0.2 0.613903 0.300438 398 138 583 136 387 261 602 262 489 93 3.50734 398 504 3.14159
44.5989 0.48975 0.302037 67 -19 0.2 -0.2 0.614103 0.300238 398 138 583 137 387 261 601 262 489 93 3.49803 398 503 3.12909
44.6656 0.48975 0.302037 67 -19 0.2 -0.2 0.614303 0.300038 397 138 583 137 387 261 601 262 488 93 3.48865 398 503 3.10457
44.7323 0.490264 0.301009 71 -14 0.2 -0.2 0.614503 0.299838 397 138 582 136 386 261 601 262 487 93 3.51658 398 503 3.14159
44.7989 0.490264 0.301009 71 -14 0.2 -0.2 0.614703 0.299638 396 138 581 136 386 261 601 262 486 93 3.51299 398 503 3.12909
44.8656 0.490264 0.301009 71 -14 0.2 -0.2 0.614903 0.299438 396 138 581 136 386 261 600 262 486 93 3.50734 398 503 3.15425
44.9323 0.490778 0.301009 79 0 0.2 -0.2 0.615103 0.299238 396 138 581 137 386 261 600 262 486 93 3.50734 398 504 3.14159
44.9989 0.490778 0.301009 79 0 0.2 -0.2 0.615303 0.299038 395 138 580 137 385 261 600 262 484 93 3.54778 398 504 3.14159
45.0656 0.490778 0.301009 79 0 0.2 -0.2 0.615503 0.298838 394 138 579 137 385 261 599 262 484 93 3.52397 398 504 3.12909
45.1323 0.490778 0.299981 60 -19 0.2 -0.2 0.615703 0.298638 394 138 579 136 384 261 599 262 484 93 3.53487 398 503 3.12909
45.1989 0.490778 0.299981 60 -19 0.2 -0.2 0.615903 0.298438 393 138 578 137 384 262 599 262 482 93 3.54778 398 504 3.14159
45.2656 0.492063 0.299467 73 -14 0.2 -0.2 0.616103 0.298238 393 138 578 137 384 261 598 261 482 93 3.54778 398 503 3.14159
45.3323 0.492063 0.299467 73 -14 0.2 -0.2 0.616303 0.298038 392 138 577 137 383 261 598 262 482 93 3.53329 398 503 3.1166
45.399 0.492063 0.299467 73 -14 0.2 -0.2 0.616503 0.297838 391 138 576 137 383 262 597 261 480 94 3.52949 398 504 3.14159
45.4656 0.492835 0.298953 68 -17 0.2 -0.2 0.616703 0.297638 391 138 576 137 383 261 597 262 480 93 3.54254 398 503 3.15425
45.5322 0.492835 0.298953 68 -17 0.2 -0.2 0.616903 0.297438 391 138 575 137 383 261 597 262 480 93 3.55172 398 503 3.15425
45.5989 0.492835 0.298953 68 -17 0.2 -0.2 0.617103 0.297238 391 138 575 137 382 262 597 262 479 93 3.54778 398 503 3.10457
45.6656 0.492835 0.298438 68 -13 0.2 -0.2 0.617303 0.297038 390 138 575 137 382 261 596 261 479 93 3.55172 398 503 3.12909
45.7322 0.492835 0.298438 68 -13 0.2 -0.2 0.617503 0.296838 389 138 574 137 382 261 597 261 478 94 3.54778 398 504 3.14159
45.7989 0.492835 0.298438 68 -13 0.2 -0.2 0.617703 0.296638 389 138 573 137 382 261 596 262 477 93 3.55682 398 503 3.1166
45.8656 0.493863 0.298181 75 0 0.2 -0.2 0.617903 0.296438 389 138 573 137 381 262 596 262 477 93 3.56179 398 504 3.14159
45.9323 0.493863 0.298181 75 0 0.2 -0.2 0.618103 0.296238 388 138 573 137 381 262 595 262 477 93 3.55682 398 504 3.14159
45.9989 0.493863 0.298181 75 0 0.2 -0.2 0.618303 0.296038 388 138 572 137 381 261 595 262 476 93 3.56083 398 504 3.14159
46.0656 0.493863 0.297153 59 -6 0.2 -0.2 0.618503 0.295838 386 138 572 137 380 262 595 262 475 93 3.574 398 504 3.14159
46.1322 0.493863 0.297153 59 -6 0.2 -0.2 0.618703 0.295638 386 139 571 137 380 262 594 262 474 93 3.574 398 503 3.15425
46.1989 0.493863 0.297153 59 -6 0.2 -0.2 0.618903 0.295438 386 139 571 137 380 262 594 262 474 93 3.574 398 503 3.15425
46.2656 0.494891 0.296639 65 -1 0.2 -0.2 0.619103 0.295238 385 139 570 137 379 262 594 261 473 93 3.56083 398 503 3.12909
46.3322 0.494891 0.296639 65 -1 0.2 -0.2 0.619303 0.295038 384 138 569 137 379 262 593 262 473 93 3.56083 398 503 3.1166
46.3989 0.494891 0.296639 65 -1 0.2 -0.2 0.619503 0.294838 384 139 569 137 379 262 593 262 472 93 3.5649 398 503 3.12894
46.4656 0.495405 0.296125 73 -14 0.2 -0.2 0.619703 0.294638 383 139 568 137 378 262 593 262 472 94 3.57822 398 504 3.14159
46.5323 0.495405 0.296125 73 -14 0.2 -0.2 0.619903 0.294438 383 138 568 137 378 262 593 261 472 93 3.56906 398 503 3.1166
46.5989 0.495405 0.296125 73 -14 0.2 -0.2 0.620103 0.294238 383 139 568 137 378 262 593 261 471 94 3.58302 398 504 3.14159
46.6656 0.495662 0.295611 73 -16 0.2 -0.2 0.620303 0.294038 382 139 567 137 377 262 592 262 470 94 3.59197 398 504 3.14159
46.7322 0.495662 0.295611 73 -16 0.2 -0.2 0.620503 0.293838 382 139 567 137 377 262 592 261 470 94 3.58302 398 504 3.14159
46.7989 0.495662 0.295611 73 -16 0.2 -0.2 0.620703 0.293638 381 139 567 137 377 262 592 261 469 94 3.5873 398 503 3.10457
46.8656 0.49669 0.295354 76 -1 0.2 -0.2 0.620903 0.293438 381 139 566 137 377 262 591 262 469 94 3.58302 398 503 3.12909
46.9322 0.49669 0.295354 76 -1 0.2 -0.2 0.621103 0.293238 380 139 565 137 376 262 591 262 468 94 3.58302 398 503 3.15458
46.9989 0.49669 0.294326 66 -9 0.2 -0.2 0.621303 0.293038 380 139 565 137 376 262 590 261 467 94 3.59197 398 503 3.15425
47.0656 0.49669 0.294326 66 -9 0.2 -0.2 0.621503 0.292838 379 139 564 137 375 262 590 261 467 94 3.59631 398 503 3.1166
47.1323 0.49669 0.294326 66 -9 0.2 -0.2 0.621703 0.292638 379 139 563 137 375 262 590 261 466 94 3.5877 398 504 3.14159
47.1989 0.497462 0.294069 71 -4 0.2 -0.2 0.621903 0.292438 379 139 563 137 375 262 590 262 466 93 3.60084 398 503 3.12909
47.2656 0.497462 0.294069 71 -4 0.2 -0.2 0.622103 0.292238 378 139 563 137 374 262 589 261 465 94 3.60963 398 503 3.15425
47.3323 0.497462 0.294069 71 -4 0.2 -0.2 0.622303 0.292038 377 138 562 137 374 262 589 261 465 93 3.6139 398 503 3.15425
47.3989 0.498233 0.293554 73 -19 0.2 -0.2 0.622503 0.291838 377 139 561 137 374 262 588 261 464 94 3.60074 398 504 3.14159
47.4656 0.498233 0.293554 73 -19 0.2 -0.2 0.622703 0.291638 377 139 561 137 374 262 588 261 463 94 3.6362 398 503 3.10457
47.5322 0.498233 0.293554 73 -19 0.2 -0.2 0.622903 0.291438 376 139 561 137 374 262 588 261 463 94 3.64094 398 504 3.14159
47.5989 0.49849 0.292783 73 -19 0.2 -0.2 0.623103 0.291238 375 139 560 137 373 262 588 261 462 95 3.61409 398 503 3.15458
47.6657 0.49849 0.292783 73 -19 0.2 -0.2 0.623303 0.291038 375 139 559 137 373 262 587 261 462 95 3.60074 397 504 3.12894
47.7322 0.49849 0.292783 73 -19 0.2 -0.2 0.623503 0.290838 374 139 559 137 373 263 587 261 461 94 3.61429 398 504 3.14159
47.7989 0.499261 0.292526 79 0 0.2 -0.2 0.623703 0.290638 374 139 559 137 373 263 587 261 461 94 3.62286 398 504 3.14159
47.8656 0.499261 0.292526 79 0 0.2 -0.2 0.623903 0.290438 373 139 558 137 372 262 587 261 460 95 3.62326 398 503 3.12909
47.9322 0.499261 0.292526 79 0 0.2 -0.2 0.624103 0.290238 373 139 557 137 372 262 586 261 459 95 3.61863 398 503 3.1166
47.9989 0.499261 0.291498 60 -15 0.2 -0.2 0.624303 0.290038 372 139 557 137 371 262 586 262 459 94 3.6362 398 503 3.1166
48.0656 0.499261 0.291498 60 -15 0.2 -0.2 0.624502 0.289838 371 139 556 138 371 262 585 262 458 94 3.62746 398 503 3.12909
48.1323 0.499261 0.291498 60 -15 0.2 -0.2 0.624702 0.289638 371 139 556 138 371 262 585 262 458 94 3.63214 398 504 3.14159
48.1989 0.500546 0.290984 73 -4 0.2 -0.2 0.624902 0.289438 370 139 555 138 370 263 585 262 457 94 3.63214 398 504 3.14159
48.2656 0.500546 0.290984 73 -4 0.2 -0.2 0.625102 0.289238 370 139 555 138 370 263 584 262 456 94 3.62746 398 503 3.15425
48.3322 0.500546 0.290984 73 -4 0.2 -0.2 0.625302 0.289038 369 139 554 138 369 262 584 262 455 95 3.64094 398 503 3.15425
48.3989 0.501317 0.29047 73 -20 0.2 -0.2 0.625502 0.288838 369 139 554 138 369 263 584 262 454 95 3.66321 398 503 3.1166
48.4656 0.501317 0.29047 73 -20 0.2 -0.2 0.625702 0.288638 369 139 553 138 369 263 584 262 454 95 3.65453 398 503 3.11628
48.5323 0.501574 0.289699 73 -12 0.2 -0.2 0.625902 0.288438 368 139 553 138 369 262 583 261 453 95 3.64576 398 504 3.14159
48.5989 0.501574 0.289699 73 -12 0.2 -0.2 0.626102 0.288238 367 140 552 138 368 263 583 261 453 95 3.65829 398 504 3.14159
48.6656 0.501574 0.289699 73 -12 0.2 -0.2 0.626302 0.288038 367 140 551 138 368 263 583 261 452 95 3.67037 398 504 3.14159
48.7383 0.502346 0.289442 73 0 0.2 -0.2 0.626502 0.287838 367 140 551 138 368 263 583 261 452 95 3.65829 398 504 3.14159
48.7989 0.502346 0.289442 73 0 0.2 -0.2 0.626702 0.287638 366 140 551 138 368 263 582 261 452 95 3.65829 398 504 3.14159
48.8656 0.502346 0.289442 73 0 0.2 -0.2 0.626902 0.287438 366 140 550 138 367 263 582 262 451 95 3.66195 398 503 3.10457
48.9323 0.502346 0.288927 70 -20 0.2 -0.2 0.627102 0.287238 365 140 550 138 367 263 582 261 450 94 3.6787 398 504 3.14159
48.9989 0.502346 0.288927 70 -20 0.2 -0.2 0.627302 0.287038 365 140 549 139 367 263 581 261 450 95 3.66321 398 504 3.14159
49.0656 0.502346 0.288927 70 -20 0.2 -0.2 0.627502 0.286838 365 140 549 138 367 263 581 261 449 95 3.67037 398 504 3.12909
49.1323 0.503117 0.288156 75 0 0.2 -0.2 0.627702 0.286638 364 140 548 139 366 263 580 261 449 95 3.6939 398 504 3.14159
49.1989 0.503117 0.288156 75 0 0.2 -0.2 0.627902 0.286438 363 140 547 139 366 263 580 261 448 96 3.68543 398 504 3.14159
49.2656 0.503117 0.288156 75 0 0.2 -0.2 0.628102 0.286238 363 140 547 139 365 263 580 261 447 95 3.68875 398 504 3.14159
49.3323 0.504145 0.287899 73 -19 0.2 -0.2 0.628302 0.286038 362 140 546 139 365 263 579 262 446 95 3.6939 398 504 3.14159
49.3989 0.504145 0.287899 73 -19 0.2 -0.2 0.628502 0.285838 361 140 546 139 365 263 579 261 446 96 3.66822 398 503 3.15425
49.4656 0.504145 0.287899 73 -19 0.2 -0.2 0.628702 0.285638 360 140 544 139 364 263 578 261 445 96 3.68875 398 504 3.12909
49.5323 0.504402 0.286871 73 -14 0.2 -0.2 0.628902 0.285438 359 140 544 139 363 264 578 261 444 96 3.68201 398 503 3.14159
49.5989 0.504402 0.286871 73 -14 0.2 -0.2 0.629102 0.285238 359 140 543 139 363 264 577 262 443 96 3.69709 398 504 3.14159
49.6656 0.504402 0.286871 73 -14 0.2 -0.2 0.629302 0.285038 358 140 543 139 363 264 577 261 443 97 3.69062 398 503 3.15425
49.7323 0.50543 0.286614 72 -2 0.2 -0.2 0.629502 0.284838 358 140 543 139 363 264 577 261 442 96 3.7159 398 504 3.14159
49.7989 0.50543 0.286614 72 -2 0.2 -0.2 0.629702 0.284638 357 141 542 139 362 264 576 262 441 96 3.7159 398 504 3.14159
49.8656 0.50543 0.286614 72 -2 0.2 -0.2 0.629902 0.284438 357 141 541 140 362 264 576 261 440 96 3.69062 398 503 3.15425
49.9322 0.505687 0.285843 69 -15 0.2 -0.2 0.630102 0.284238 356 141 541 140 361 264 575 261 440 96 3.69062 398 504 3.12909
49.9989 0.505687 0.285843 69 -15 0.2 -0.2 0.630302 0.284038 356 141 540 140 361 264 576 262 439 96 3.7159 398 504 3.14159
50.0656 0.506201 0.285072 76 0 0.2 -0.2 0.630502 0.283837 356 141 540 140 361 264 575 262 439 97 3.72415 398 503 3.1166
50.1323 0.506201 0.285072 76 0 0.2 -0.2 0.630702 0.283637 355 141 539 140 360 264 575 261 439 96 3.72691 398 503 3.12909
50.1989 0.506201 0.285072 76 0 0.2 -0.2 0.630902 0.283437 354 141 538 140 360 264 575 261 438 96 3.72691 398 503 3.1166
50.2656 0.50723 0.284558 69 -17 0.2 -0.2 0.631102 0.283237 353 141 538 140 360 264 574 261 437 97 3.71058 398 503 3.1166
50.3323 0.50723 0.284558 69 -17 0.2 -0.2 0.631302 0.283037 353 141 538 140 360 264 574 261 436 97 3.7159 398 503 3.1166
50.3989 0.50723 0.284558 69 -17 0.2 -0.2 0.631502 0.282837 353 141 537 140 360 264 574 262 436 97 3.73514 398 504 3.14159
50.4656 0.50723 0.284043 67 -5 0.2 -0.2 0.631702 0.282637 352 141 537 140 359 264 574 261 436 97 3.73779 398 503 3.15425
50.5322 0.50723 0.284043 67 -5 0.2 -0.2 0.631901 0.282437 352 141 536 140 359 264 573 262 435 97 3.73514 398 504 3.14159
50.5989 0.50723 0.284043 67 -5 0.2 -0.2 0.632101 0.282237 351 141 535 141 359 264 573 262 434 98 3.71839 398 504 3.14159
50.6656 0.508258 0.283786 73 0 0.2 -0.2 0.632301 0.282037 351 141 535 140 359 265 573 262 433 97 3.73514 398 504 3.14159
50.7323 0.508258 0.283786 73 0 0.2 -0.2 0.632501 0.281837 351 141 535 141 358 265 572 262 433 98 3.73514 398 504 3.14159
50.799 0.508258 0.283786 73 0 0.2 -0.2 0.632701 0.281637 350 141 534 140 358 264 572 262 433 98 3.74077 398 504 3.14159
50.8656 0.508258 0.283015 68 -15 0.2 -0.2 0.632901 0.281437 350 142 534 141 357 265 572 262 432 97 3.74337 398 504 3.14159
50.9322 0.508258 0.283015 68 -15 0.2 -0.2 0.633101 0.281237 349 142 533 141 357 265 571 262 431 98 3.73809 398 504 3.14159
50.9989 0.508258 0.283015 68 -15 0.2 -0.2 0.633301 0.281037 349 142 533 141 357 265 571 262 431 98 3.74904 398 503 3.15425
51.0656 0.509029 0.282244 71 -9 0.2 -0.2 0.633501 0.280837 348 142 532 141 357 265 571 262 430 98 3.74077 398 503 3.1166
51.1322 0.509029 0.282244 71 -9 0.2 -0.2 0.633701 0.280637 348 142 531 141 356 265 571 262 430 98 3.72131 398 504 3.14159
51.1989 0.509029 0.282244 71 -9 0.2 -0.2 0.633901 0.280437 347 142 531 141 356 265 570 262 429 99 3.74904 398 503 3.15425
51.2656 0.510057 0.28173 73 -20 0.2 -0.2 0.634101 0.280237 346 142 530 141 356 265 570 262 428 99 3.7465 398 503 3.1166
51.3323 0.510057 0.28173 73 -20 0.2 -0.2 0.634301 0.280037 346 142 530 141 356 265 570 262 428 98 3.75721 398 504 3.14159
51.3989 0.510057 0.28173 73 -20 0.2 -0.2 0.634501 0.279837 345 142 529 141 355 265 569 262 428 99 3.75151 398 504 3.14159
51.4656 0.510057 0.281216 71 -19 0.2 -0.2 0.634701 0.279637 345 142 529 142 355 265 569 262 427 99 3.74904 398 504 3.14159
51.5322 0.510057 0.281216 71 -19 0.2 -0.2 0.634901 0.279437 344 143 528 142 354 265 568 262 426 99 3.76752 398 504 3.14159
51.5989 0.510057 0.281216 71 -19 0.2 -0.2 0.635101 0.279237 344 142 528 142 354 265 568 262 425 99 3.78307 398 504 3.14159
51.6656 0.511085 0.280959 73 0 0.2 -0.2 0.635301 0.279037 344 142 527 142 354 265 568 262 426 99 3.74904 398 504 3.14159
51.7323 0.511085 0.280959 73 0 0.2 -0.2 0.635501 0.278837 343 142 526 142 353 265 567 262 424 99 3.77112 398 504 3.14159
51.7989 0.511342 0.279931 66 -19 0.2 -0.2 0.635701 0.278637 342 143 526 142 353 266 567 262 424 99 3.78898 398 504 3.14159
51.8656 0.511342 0.279931 66 -19 0.2 -0.2 0.635901 0.278437 342 143 526 142 353 266 566 262 423 100 3.76301 398 503 3.11628
51.9323 0.511342 0.279931 66 -19 0.2 -0.2 0.636101 0.278237 342 143 525 142 353 265 566 262 422 100 3.76301 398 504 3.14159
51.9989 0.511857 0.279674 73 -7 0.2 -0.2 0.636301 0.278037 342 143 525 142 353 266 566 262 422 101 3.70446 398 504 3.14159
52.0656 0.511857 0.279674 73 -7 0.2 -0.2 0.636501 0.277837 341 143 525 142 352 266 566 262 422 100 3.76301 398 504 3.14159
52.1322 0.511857 0.279674 73 -7 0.2 -0.2 0.636701 0.277637 340 143 524 142 352 266 566 262 421 100 3.77914 398 504 3.12909
52.1989 0.512628 0.279159 73 -19 0.2 -0.2 0.636901 0.277437 339 143 524 142 351 266 565 262 420 99 3.78707 398 504 3.14159
52.2656 0.512628 0.279159 73 -19 0.2 -0.2 0.637101 0.277237 339 143 523 143 351 266 565 262 420 102 3.74077 398 504 3.14159
52.3322 0.512628 0.279159 73 -19 0.2 -0.2 0.637301 0.277037 339 143 522 143 351 266 564 262 419 101 3.77489 398 503 3.1166
52.3989 0.512885 0.278388 69 -14 0.2 -0.2 0.637501 0.276837 338 144 521 143 350 266 564 262 418 100 3.80867 398 504 3.14159
52.4656 0.512885 0.278388 69 -14 0.2 -0.2 0.637701 0.276637 337 143 521 143 350 266 564 262 418 100 3.79114 398 503 3.15425
52.5322 0.512885 0.278388 69 -14 0.2 -0.2 0.637901 0.276437 337 144 520 143 350 266 564 262 417 101 3.8009 398 504 3.14159
52.5989 0.51417 0.278131 65 0 0.2 -0.2 0.638101 0.276237 337 144 520 143 350 266 563 263 417 100 3.79912 398 504 3.14159
52.6656 0.51417 0.278131 65 0 0.2 -0.2 0.638301 0.276037 336 144 519 143 349 266 563 263 416 101 3.79305 398 503 3.12909
52.7323 0.51417 0.278131 65 0 0.2 -0.2 0.638501 0.275837 335 144 518 143 349 267 563 262 415 101 3.79305 398 503 3.1166
52.7989 0.51417 0.27736 61 -19 0.2 -0.2 0.638701 0.275637 335 144 518 143 348 267 562 263 415 101 3.79305 398 503 3.12909
52.8656 0.51417 0.27736 61 -19 0.2 -0.2 0.638901 0.275437 334 144 517 143 348 266 562 263 414 101 3.81479 398 503 3.1166
52.9323 0.51417 0.27736 61 -19 0.2 -0.2 0.639101 0.275237 334 144 517 143 348 266 562 263 414 101 3.8132 398 504 3.14159
52.9989 0.515198 0.276846 65 0 0.2 -0.2 0.639301 0.275037 333 144 517 144 347 267 561 263 413 101 3.81949 398 504 3.14159
53.0656 0.515198 0.276846 65 0 0.2 -0.2 0.6395 0.274837 333 144 516 144 347 267 561 263 412 101 3.84268 398 504 3.14159
53.1322 0.515198 0.276846 65 0 0.2 -0.2 0.6397 0.274637 332 144 515 144 347 267 561 263 412 102 3.84149 398 504 3.14159
53.1989 0.515969 0.276075 72 -20 0.2 -0.2 0.6399 0.274437 332 144 515 144 347 267 560 263 412 103 3.82289 398 504 3.14159
53.2656 0.515969 0.276075 72 -20 0.2 -0.2 0.6401 0.274237 332 145 515 144 347 267 560 263 411 102 3.807 398 504 3.12909
53.3323 0.516226 0.275304 63 -12 0.2 -0.2 0.6403 0.274037 330 145 515 144 346 267 559 263 410 104 3.7689 398 503 3.1166
53.3989 0.516226 0.275304 63 -12 0.2 -0.2 0.6405 0.273837 330 145 513 145 346 267 559 263 409 104 3.76301 398 504 3.14159
53.4656 0.516226 0.275304 63 -12 0.2 -0.2 0.6407 0.273637 329 145 512 145 345 267 558 263 408 101 3.87299 397 504 3.12894
53.5323 0.516741 0.275047 72 0 0.2 -0.2 0.6409 0.273437 329 145 512 145 345 267 558 263 409 104 3.80988 398 504 3.14159
53.5989 0.516741 0.275047 72 0 0.2 -0.2 0.6411 0.273237 329 145 512 145 345 267 558 263 408 104 3.79729 398 504 3.14159
53.6656 0.516741 0.275047 72 0 0.2 -0.2 0.6413 0.273037 328 145 511 145 344 268 558 263 408 104 3.82289 398 504 3.14159
53.7322 0.516741 0.274532 57 -4 0.2 -0.2 0.6415 0.272837 328 145 511 145 344 268 558 263 407 103 3.86325 398 504 3.14159
53.7989 0.516741 0.274532 57 -4 0.2 -0.2 0.6417 0.272637 327 146 510 145 344 268 557 263 406 103 3.84149 398 504 3.14159
53.8656 0.516741 0.274532 57 -4 0.2 -0.2 0.6419 0.272437 327 146 510 145 344 268 557 263 406 103 3.84913 398 503 3.14159
53.9323 0.518026 0.274018 66 -9 0.2 -0.2 0.6421 0.272237 326 146 509 146 343 268 557 263 405 103 3.85568 398 503 3.15425
53.9989 0.518026 0.274018 66 -9 0.2 -0.2 0.6423 0.272037 326 146 508 146 343 268 556 263 404 103 3.85568 398 503 3.15425
54.0656 0.518026 0.274018 66 -9 0.2 -0.2 0.6425 0.271837 325 146 508 146 343 268 556 263 403 105 3.81156 398 503 3.15425
54.1323 0.51854 0.273504 73 -15 0.2 -0.2 0.6427 0.271637 324 146 507 146 343 268 555 264 403 104 3.86325 398 504 3.14159
54.1989 0.51854 0.273504 73 -15 0.2 -0.2 0.6429 0.271437 324 146 507 146 343 268 555 264 403 104 3.84913 398 504 3.14159
54.2656 0.51854 0.273504 73 -15 0.2 -0.2 0.6431 0.271237 324 146 506 146 342 269 555 264 402 104 3.86233 398 504 3.14159
54.3322 0.518797 0.272219 73 -1 0.2 -0.2 0.6433 0.271037 323 146 506 146 342 268 555 264 401 104 3.86325 398 503 3.14159
54.3989 0.518797 0.272219 73 -1 0.2 -0.2 0.6435 0.270837 323 146 506 147 341 268 554 264 401 104 3.85568 398 503 3.1166
54.4656 0.518797 0.272219 73 -1 0.2 -0.2 0.6437 0.270637 322 147 505 146 341 269 554 264 400 105 3.86325 398 503 3.15425
54.5323 0.519825 0.272476 71 0 0.2 -0.2 0.6439 0.270437 322 147 505 147 341 269 554 264 400 105 3.85568 398 504 3.14159
54.5989 0.519825 0.272476 71 0 0.2 -0.2 0.6441 0.270237 321 147 503 147 340 269 553 264 399 105 3.88416 398 503 3.15425
54.6656 0.519825 0.272476 71 0 0.2 -0.2 0.6443 0.270037 321 147 503 147 340 269 553 264 398 105 3.87739 398 503 3.1166
54.7323 0.520082 0.271191 59 -13 0.2 -0.2 0.6445 0.269837 320 147 503 147 340 269 553 264 398 105 3.87739 398 504 3.14159
54.7989 0.520082 0.271191 59 -13 0.2 -0.2 0.6447 0.269637 320 147 502 148 339 269 552 264 397 105 3.88416 398 504 3.14159
54.8656 0.520853 0.270934 70 0 0.2 -0.2 0.6449 0.269437 320 147 502 147 339 269 552 264 397 106 3.86991 398 503 3.15425
54.9322 0.520853 0.270934 70 0 0.2 -0.2 0.6451 0.269237 318 148 502 147 339 269 551 264 395 106 3.88416 398 503 3.10457
54.9989 0.520853 0.270934 70 0 0.2 -0.2 0.6453 0.269037 318 148 500 148 338 269 551 265 395 107 3.89843 398 503 3.1166
55.0656 0.521625 0.270163 65 -6 0.2 -0.2 0.6455 0.268837 317 148 500 148 338 270 551 265 394 106 3.88416 398 503 3.1166
55.1323 0.521625 0.270163 65 -6 0.2 -0.2 0.6457 0.268637 317 148 499 148 338 270 551 264 394 107 3.89843 398 504 3.14159
55.1989 0.521625 0.270163 65 -6 0.2 -0.2 0.6459 0.268437 317 148 499 148 338 270 551 264 394 106 3.89801 398 503 3.1166
55.2656 0.521882 0.269648 65 -6 0.2 -0.2 0.6461 0.268237 316 148 499 148 337 270 550 265 393 106 3.89883 398 503 3.1166
55.3394 0.521882 0.269648 65 -6 0.2 -0.2 0.6463 0.268037 316 148 499 148 337 270 550 265 392 106 3.91271 398 503 3.1166
55.3989 0.521882 0.269648 65 -6 0.2 -0.2 0.6465 0.267837 315 149 497 149 336 270 549 265 392 107 3.9125 398 504 3.14159
55.4656 0.522653 0.269391 69 0 0.2 -0.2 0.6467 0.267637 315 149 497 149 336 270 549 265 391 107 3.91271 398 503 3.15425
55.5323 0.522653 0.269391 69 0 0.2 -0.2 0.6469 0.267437 314 149 496 149 336 270 549 264 391 107 3.91271 398 503 3.1166
55.599 0.522653 0.269391 69 0 0.2 -0.2 0.647099 0.267237 313 149 496 149 335 270 548 265 390 107 3.91271 398 503 3.12909
55.6656 0.52291 0.26862 56 -17 0.2 -0.2 0.647299 0.267037 313 149 495 149 335 270 548 265 390 107 3.90572 398 503 3.1166
55.7323 0.52291 0.26862 56 -17 0.2 -0.2 0.647499 0.266837 313 149 495 149 335 270 548 265 389 108 3.9198 398 503 3.15425
55.7989 0.52291 0.26862 56 -17 0.2 -0.2 0.647699 0.266637 313 149 495 150 335 270 548 265 389 108 3.91969 398 504 3.14159
55.8656 0.523424 0.267849 68 0 0.2 -0.2 0.647899 0.266437 312 149 494 150 335 271 547 265 388 108 3.96922 398 503 3.12909
55.9322 0.523424 0.267849 68 0 0.2 -0.2 0.648099 0.266237 311 149 494 150 334 271 547 265 387 108 3.91271 398 503 3.12909
55.9989 0.523424 0.267849 68 0 0.2 -0.2 0.648299 0.266037 311 150 493 150 334 271 546 265 387 109 3.91271 398 504 3.14159
56.0656 0.524195 0.267335 76 -20 0 0 0.648299 0.266037 310 149 492 150 334 271 546 265 386 109 3.99165 398 504 3.12909
56.1323 0.524195 0.267335 76 -20 0 0 0.648299 0.266037 310 149 492 150 334 271 546 265 386 109 3.98407 398 503 3.14159
56.1989 0.524195 0.267335 76 -20 0 0 0.648299 0.266037 310 150 492 150 333 271 546 265 386 108 3.9983 398 504 3.14159
56.2656 0.524452 0.267078 78 -6 0 0 0.648299 0.266037 309 150 491 151 333 271 545 265 385 110 3.88416 398 504 3.14159
56.3322 0.524452 0.267078 78 -6 0 0 0.648299 0.266037 309 150 491 151 332 271 545 265 384 110 3.9973 398 504 3.14159
56.3989 0.524452 0.267078 78 -6 0 0 0.648299 0.266037 308 150 490 151 332 271 545 265 384 109 3.99165 398 503 3.1166
56.4656 0.52548 0.266564 66 -1 0 0 0.648299 0.266037 308 150 490 151 332 271 544 265 384 109 3.99165 398 503 3.12909
56.5323 0.52548 0.266564 66 -1 0 0 0.648299 0.266037 307 150 489 151 332 272 544 266 383 110 4.0113 398 503 3.12909
56.5989 0.52548 0.265793 66 -15 0 0 0.648299 0.266037 306 151 489 151 331 272 544 265 382 110 4.00376 398 504 3.14159
56.6656 0.52548 0.265793 66 -15 0 0 0.648299 0.266037 306 151 488 151 331 272 544 265 382 110 4.00485 398 504 3.14159
56.7323 0.52548 0.265793 66 -15 0 0 0.648299 0.266037 306 151 488 151 331 272 544 265 382 110 3.9973 398 503 3.10457
56.7989 0.52548 0.265793 65 -19 0 0 0.648299 0.266037 306 151 488 151 331 272 543 265 382 110 4.00485 398 503 3.15425
56.8656 0.52548 0.265793 65 -19 0 0 0.648299 0.266037 306 151 488 151 331 272 543 265 382 110 4.00485 398 503 3.12909
56.9322 0.52548 0.265793 65 -19 0 0 0.648299 0.266037 306 151 488 151 331 272 544 265 382 110 4.02526 398 504 3.14159
56.9989 0.52548 0.265536 66 -15 0 0 0.648299 0.266037 306 151 488 151 331 272 544 265 382 110 4.02526 398 503 3.1166
57.0656 0.52548 0.265536 66 -15 0 0 0.648299 0.266037 306 151 488 151 331 272 543 265 382 110 4.02526 398 503 3.1166
57.1323 0.52548 0.265536 66 -15 0 0 0.648299 0.266037 306 151 488 151 331 272 543 265 382 110 4.02526 398 504 3.12909
57.1989 0.52548 0.265536 65 -11 0 0 0.648299 0.266037 306 151 488 151 331 272 543 265 382 110 4.00485 398 504 3.14159
57.2656 0.52548 0.265536 65 -11 0 0 0.648299 0.266037 306 151 488 151 331 272 543 265 382 110 3.9973 398 503 3.1166
57.3322 0.52548 0.265536 65 -11 0 0 0.648299 0.266037 306 151 488 151 331 272 543 266 382 110 4.00485 398 503 3.12909
57.3989 0.52548 0.265536 65 -9 0 0 0.648299 0.266037 306 151 488 151 331 272 544 266 382 110 4.02526 398 503 3.12909
57.4656 0.52548 0.265536 65 -9 0 0 0.648299 0.266037 306 151 488 151 331 272 544 265 382 110 4.00485 398 503 3.15425
57.5322 0.52548 0.265536 65 -9 0 0 0.648299 0.266037 306 150 488 151 331 272 544 266 382 110 4.00485 398 503 3.15425
57.5989 0.52548 0.265793 66 -15 0 0 0.648299 0.266037 306 151 488 151 331 272 544 266 381 110 4.01765 398 503 3.12909
57.6656 0.52548 0.265793 66 -15 0 0 0.648299 0.266037 306 151 488 151 331 272 544 266 382 110 4.02526 398 504 3.14159
57.7323 0.52548 0.265793 66 -15 0 0 0.648299 0.266037 306 151 488 151 331 272 543 265 382 110 4.00485 398 503 3.1166
57.7989 0.52548 0.265793 65 -19 0 0 0.648299 0.266037 306 151 488 151 331 272 543 266 381 110 4.01765 398 503 3.15425
57.8656 0.52548 0.265793 65 -19 0 0 0.648299 0.266037 306 151 488 152 331 272 543 265 381 110 4.01765 398 504 3.14159
57.9322 0.52548 0.265793 65 -19 0 0 0.648299 0.266037 306 150 488 151 331 272 543 266 382 110 4.00485 398 503 3.15425
57.9989 0.52548 0.265536 65 -20 0 0 0.648299 0.266037 306 151 488 151 331 272 543 266 382 110 4.02526 398 503 3.15425
58.0656 0.52548 0.265536 65 -20 0.4 0 0.648699 0.266037 306 151 488 152 331 272 543 266 382 110 4.00485 398 503 3.1166
58.1323 0.52548 0.265536 66 -20 0.4 0 0.649099 0.266037 306 150 488 151 331 272 543 266 382 110 3.9973 398 503 3.1166
58.1989 0.52548 0.265536 66 -20 0.4 0 0.649499 0.266037 306 151 488 151 331 272 543 266 382 110 4.02526 398 504 3.14159
58.2656 0.52548 0.265536 66 -20 0.4 0 0.649899 0.266037 306 151 488 151 331 272 543 266 382 110 4.02526 398 504 3.14159
58.3323 0.52548 0.265793 65 -14 0.4 0 0.650299 0.266037 306 151 488 151 331 272 543 266 382 110 4.02526 398 503 3.15425
58.3989 0.52548 0.265793 65 -14 0.4 0 0.650699 0.266037 306 151 488 151 331 272 544 266 382 110 4.00485 398 503 3.1166
58.4656 0.52548 0.265793 65 -14 0.4 0 0.651099 0.266037 306 151 488 151 331 272 543 266 381 110 4.01765 398 503 3.14159
58.5323 0.52548 0.265536 58 -9 0.4 0 0.651499 0.266037 306 150 488 152 331 272 543 266 381 110 4.01765 398 504 3.14159
58.5989 0.52548 0.265536 58 -9 0.4 0 0.651899 0.266037 305 151 487 152 330 272 543 266 380 111 4.0113 398 503 3.11628
58.6656 0.52548 0.265536 58 -9 0.4 0 0.652299 0.266037 305 151 487 152 330 272 543 266 380 110 4.0113 398 504 3.14159
58.7323 0.527023 0.265536 74 -16 0.4 0 0.652699 0.266037 305 151 487 152 330 272 543 266 380 111 4.0125 398 503 3.1166
58.7989 0.527023 0.265536 74 -16 0.4 0 0.653099 0.266037 305 151 486 152 330 272 543 266 380 110 4.0113 398 504 3.14159
58.8656 0.527023 0.265536 74 -16 0.4 0 0.653499 0.266037 305 151 486 152 330 272 543 266 380 111 4.02024 398 504 3.14159
58.9322 0.527794 0.265536 83 -20 0.4 0 0.653899 0.266037 304 151 486 152 330 272 542 266 380 111 4.02024 398 504 3.14159
58.9989 0.527794 0.265536 83 -20 0.4 0 0.654299 0.266037 304 151 486 152 330 272 542 266 380 111 4.02024 398 504 3.12909
59.0656 0.527794 0.265536 83 -20 0.4 0 0.654699 0.266037 304 152 486 153 330 272 542 266 378 112 3.96982 398 504 3.14159
59.1322 0.528308 0.265536 79 -20 0.4 0 0.655099 0.266037 304 151 486 153 330 272 542 266 378 112 3.96982 398 504 3.14159
59.1989 0.528308 0.265536 79 -20 0.4 0 0.655499 0.266037 304 152 486 153 330 272 542 266 378 112 3.96982 398 504 3.14159
59.2656 0.528308 0.265536 79 -20 0.4 0 0.655899 0.266037 303 152 484 153 329 273 541 266 379 112 4.01765 398 504 3.14159
59.3323 0.52985 0.265536 93 -16 0.4 0 0.656299 0.266037 303 152 484 153 329 273 541 266 379 112 4.01765 398 504 3.12909
59.3989 0.52985 0.265536 93 -16 0.4 0 0.656699 0.266037 303 152 485 153 329 273 541 266 378 113 4.0393 398 504 3.12909
59.4656 0.52985 0.265536 93 -16 0.4 0 0.657099 0.266037 303 152 484 153 329 273 542 266 378 113 4.02957 398 503 3.1166
59.5322 0.52985 0.265536 95 -20 0.4 0 0.657499 0.266037 302 152 484 153 329 272 541 267 378 112 4.02957 398 504 3.14159
59.5989 0.52985 0.265536 95 -20 0.4 0 0.657899 0.266037 302 152 483 153 329 272 541 267 376 113 3.9983 398 504 3.14159
59.6656 0.53165 0.265536 109 -20 0.4 0 0.6583 0.266037 302 152 483 153 329 272 541 267 376 113 4.0125 398 504 3.14159
59.7323 0.53165 0.265536 109 -20 0.4 0 0.6587 0.266037 302 152 483 153 328 273 541 267 376 113 4.00485 398 504 3.14159
59.7989 0.53165 0.265536 109 -20 0.4 0 0.6591 0.266037 302 152 483 153 329 272 541 267 376 113 3.9983 398 504 3.14159
59.8656 0.532935 0.265536 107 -20 0.4 0 0.6595 0.266037 301 152 483 154 328 273 541 267 376 113 3.9983 398 504 3.14159
59.9322 0.532935 0.265536 107 -20 0.4 0 0.6599 0.266037 301 153 483 154 328 273 540 267 376 113 3.9983 398 504 3.14159
59.9989 0.532935 0.265536 107 -20 0.4 0 0.6603 0.266037 300 152 483 154 328 273 540 266 376 113 4.05412 398 504 3.14159
60.0656 0.533192 0.265536 107 -20 0.4 0 0.6607 0.266037 301 153 483 154 328 273 540 266 376 114 4.03605 398 504 3.14159
60.1322 0.533192 0.265536 107 -20 0.4 0 0.6611 0.266037 300 152 483 154 328 273 541 267 376 113 4.04583 398 504 3.14159
60.1989 0.533192 0.265536 107 -20 0.4 0 0.6615 0.266037 300 153 482 154 328 273 540 267 374 114 4.02024 398 504 3.14159
60.2656 0.534991 0.265536 114 -20 0.4 0 0.6619 0.266037 300 153 481 154 327 273 540 267 373 114 3.9983 398 504 3.14159
60.3322 0.534991 0.265536 114 -20 0.4 0 0.6623 0.266037 300 153 481 154 327 273 540 267 373 114 4.00596 398 504 3.14159
60.3989 0.534991 0.265536 114 -20 0.4 0 0.6627 0.266037 300 153 481 154 328 273 540 267 373 114 4.00596 398 504 3.14159
60.4656 0.534991 0.265536 102 -20 0.4 0 0.6631 0.266037 300 153 481 154 327 273 540 267 373 114 4.00596 398 503 3.12894
60.5322 0.534991 0.265536 102 -20 0.4 0 0.6635 0.266037 298 153 481 154 327 273 539 268 373 115 4.05045 398 504 3.14159
60.5989 0.534991 0.265536 102 -20 0.4 0 0.6639 0.266037 298 153 480 155 326 274 539 268 373 115 4.03765 398 504 3.14159
60.6656 0.536791 0.265536 121 -20 0.4 0 0.6643 0.266037 298 153 480 155 326 274 539 268 372 115 4.02299 398 504 3.14159
60.7323 0.536791 0.265536 121 -20 0.4 0 0.6647 0.266037 298 153 480 155 326 274 539 268 372 115 4.015 398 504 3.14159
60.7989 0.536791 0.265536 121 -20 0.4 0 0.6651 0.266037 298 154 480 155 326 274 539 268 372 115 4.0216 398 504 3.14159
60.8656 0.538333 0.265536 129 -27 0.4 0 0.6655 0.266037 297 154 478 155 326 274 538 268 372 115 4.05412 398 504 3.14159
60.9323 0.538333 0.265536 129 -27 0.4 0 0.6659 0.266037 297 154 478 155 326 274 538 268 372 115 4.04761 398 504 3.14159
60.999 0.538333 0.265536 129 -27 0.4 0 0.6663 0.266037 297 154 478 155 326 274 538 268 371 115 4.06252 398 504 3.14159
61.0656 0.53859 0.265536 129 -27 0.4 0 0.6667 0.266037 297 154 478 155 326 274 538 268 371 115 4.08359 397 504 3.12894
61.1323 0.53859 0.265536 129 -27 0.4 0 0.6671 0.266037 296 154 478 155 325 274 538 268 371 116 4.073 397 504 3.12894
61.1989 0.53859 0.265536 129 -27 0.4 0 0.6675 0.266037 295 154 477 156 325 274 537 268 369 116 4.04869 398 504 3.14159
61.2656 0.540132 0.265536 129 -28 0.4 0 0.6679 0.266037 295 154 477 156 325 274 537 267 368 116 4.01373 397 504 3.12894
61.3322 0.540132 0.265536 129 -28 0.4 0 0.6683 0.266037 295 154 477 156 325 274 537 268 368 116 4.02024 398 504 3.14159
61.3989 0.540389 0.265536 123 -28 0.4 0 0.6687 0.266037 295 154 477 156 325 274 537 268 369 116 4.02809 398 504 3.14159
61.4656 0.540389 0.265536 123 -28 0.4 0 0.6691 0.266037 294 155 476 156 324 275 536 268 368 116 4.04078 398 504 3.14159
61.5322 0.540389 0.265536 123 -28 0.4 0 0.6695 0.266037 294 154 476 157 324 275 536 268 369 116 4.05045 398 504 3.14159
61.6002 0.541932 0.265536 134 -26 0.4 0 0.6699 0.266037 294 155 475 156 324 275 536 269 368 117 4.07909 398 504 3.14159
61.6656 0.541932 0.265536 134 -26 0.4 0 0.6703 0.266037 294 155 476 157 324 275 536 268 368 117 4.0648 398 503 3.12894
61.7322 0.541932 0.265536 134 -26 0.4 0 0.6707 0.266037 294 155 476 157 324 275 536 268 368 117 4.0648 398 504 3.14159
61.7989 0.543217 0.265536 143 -24 0.4 0 0.6711 0.266037 292 155 474 157 323 275 535 269 366 117 4.06284 397 504 3.12894
61.8656 0.543217 0.265536 143 -24 0.4 0 0.6715 0.266037 292 155 474 157 323 275 535 269 366 118 4.08972 397 504 3.12894
61.9323 0.543217 0.265536 143 -24 0.4 0 0.6719 0.266037 292 155 474 157 323 275 535 269 366 118 4.08972 397 504 3.12894
61.9989 0.543731 0.265279 143 -26 0.4 0 0.6723 0.266037 292 155 474 157 323 275 535 269 366 118 4.09823 398 503 3.12894
62.0656 0.543731 0.265279 143 -26 0.4 0 0.6727 0.266037 292 156 474 157 323 275 535 269 366 118 4.08972 397 504 3.12894
62.1323 0.543731 0.265279 143 -26 0.4 0 0.6731 0.266037 291 155 474 157 322 275 534 269 365 117 4.11061 397 504 3.12894
62.1989 0.545273 0.265279 156 -27 0.4 0 0.6735 0.266037 291 156 472 158 322 275 534 269 365 118 4.08508 398 504 3.14159
62.2656 0.545273 0.265279 156 -27 0.4 0 0.6739 0.266037 290 156 473 158 322 275 534 269 365 118 4.08508 398 504 3.14159
62.3322 0.545273 0.265279 156 -27 0.4 0 0.6743 0.266037 290 156 472 158 322 275 534 269 365 117 4.09097 398 504 3.14159
62.3989 0.545273 0.265279 151 -28 0.4 0 0.6747 0.266037 291 156 472 158 322 275 534 269 364 117 4.09918 398 504 3.15425
62.4656 0.545273 0.265279 151 -28 0.4 0 0.6751 0.266037 289 156 471 159 321 276 533 269 363 118 4.10808 398 504 3.19283
62.5323 0.545273 0.265279 151 -28 0.4 0 0.6755 0.266037 288 157 471 159 321 276 533 269 362 118 4.11361 398 504 3.12894
62.5989 0.54733 0.265279 154 -27 0.4 0 0.6759 0.266037 288 157 471 159 321 276 533 269 362 118 4.12168 398 504 3.14159
62.6656 0.54733 0.265279 154 -27 0.4 0 0.6763 0.266037 288 157 470 159 321 276 533 269 362 118 4.11885 398 503 3.12894
62.7323 0.54733 0.265279 154 -27 0.4 0 0.6767 0.266037 288 156 470 159 320 276 532 269 362 118 4.13267 397 504 3.12894
62.7989 0.548358 0.265279 161 -28 0.4 0 0.6771 0.266037 287 157 469 159 320 276 533 270 360 118 4.13808 397 504 3.12894
62.8656 0.548358 0.265279 161 -28 0.4 0 0.6775 0.266037 287 157 469 159 320 276 532 270 360 118 4.13808 398 504 3.14159
62.9322 0.548872 0.265279 160 -27 0.4 0 0.6779 0.266037 287 157 469 159 320 276 532 270 361 118 4.12984 398 504 3.14159
62.9989 0.548872 0.265279 160 -27 0.4 0 0.6783 0.266037 287 158 469 159 320 276 532 270 360 119 4.10749 398 504 3.19283
63.0656 0.548872 0.265279 160 -27 0.4 0 0.6787 0.266037 286 157 468 160 319 276 532 270 360 119 4.12168 397 504 3.12894
63.1322 0.550157 0.265279 169 -30 0.4 0 0.6791 0.266037 286 158 468 160 319 277 532 270 359 120 4.14105 398 504 3.19283
63.1989 0.550157 0.265279 169 -30 0.4 0 0.6795 0.266037 286 158 468 160 319 277 532 270 358 119 4.13808 398 504 3.14159
63.2656 0.550157 0.265279 169 -30 0.4 0 0.6799 0.266037 285 158 467 160 319 277 531 270 358 119 4.13808 397 504 3.12894
63.3323 0.550157 0.265279 162 -39 0.4 0 0.6803 0.266037 285 158 467 160 319 277 532 270 358 119 4.14341 398 504 3.19283
63.3989 0.550157 0.265279 162 -39 0.4 0 0.6807 0.266037 284 158 466 161 318 277 531 270 358 120 4.13808 398 504 3.14159
63.4656 0.550157 0.265279 162 -39 0.4 0 0.6811 0.266037 284 158 466 161 318 277 531 270 357 121 4.1517 398 504 3.14159
63.5323 0.5517 0.265022 181 -31 0.4 0 0.6815 0.266037 284 159 466 161 318 277 531 270 357 120 4.14642 398 504 3.15425
63.5989 0.5517 0.265022 181 -31 0.4 0 0.6819 0.266037 284 158 466 161 318 277 531 270 357 120 4.14642 398 504 3.14159
63.6656 0.5517 0.265022 181 -31 0.4 0 0.6823 0.266037 284 158 466 161 318 277 530 270 357 120 4.1517 398 504 3.12894
63.7323 0.553242 0.265022 190 -29 0.4 0 0.6827 0.266037 283 159 466 161 317 278 530 271 356 121 4.14864 398 504 3.19283
63.7989 0.553242 0.265022 190 -29 0.4 0 0.6831 0.266037 283 159 466 161 317 278 530 271 356 121 4.162 398 504 3.15409
63.8656 0.553242 0.265022 190 -29 0.4 0 0.6835 0.266037 283 159 466 161 317 277 530 270 355 121 4.1703 398 504 3.19283
63.9322 0.553242 0.265279 189 -30 0.4 0 0.6839 0.266037 282 159 464 162 317 277 530 271 355 121 4.1703 398 504 3.19283
63.9989 0.553242 0.265279 189 -30 0.4 0 0.6843 0.266037 282 159 464 162 317 278 530 270 355 121 4.17868 398 504 3.12894
64.0656 0.553242 0.265279 189 -30 0.4 0 0.6847 0.266037 281 159 463 162 317 278 529 271 354 122 4.16856 398 504 3.14159
64.1323 0.555299 0.265022 188 -30 0.4 0 0.6851 0.266037 281 160 463 162 316 278 529 271 354 122 4.16856 398 504 3.14159
64.1989 0.555299 0.265022 188 -30 0.4 0 0.6855 0.266037 281 160 463 162 316 278 529 271 353 122 4.17528 398 504 3.12894
64.2656 0.555299 0.265022 188 -30 0.4 0 0.6859 0.266037 281 160 463 162 316 278 529 271 354 123 4.17868 398 504 3.12894
64.3323 0.555041 0.265022 164 -29 0.4 0 0.6863 0.266037 281 159 462 163 316 278 529 271 353 122 4.18217 398 504 3.11596
64.3989 0.555041 0.265022 164 -29 0.4 0 0.6867 0.266037 280 160 462 163 315 278 529 271 352 123 4.19569 398 504 3.14159
64.4656 0.556841 0.265022 187 -30 0.4 0 0.6871 0.266037 280 160 462 163 315 278 529 271 352 123 4.19077 398 504 3.14159
64.5322 0.556841 0.265022 187 -30 0.4 0 0.6875 0.266037 279 160 461 163 315 278 529 271 353 123 4.17868 398 504 3.12894
64.5989 0.556841 0.265022 187 -30 0.4 0 0.6879 0.266037 279 160 461 163 315 279 529 271 352 123 4.18715 398 504 3.12894
64.6656 0.558383 0.265022 192 -31 0.4 0 0.6883 0.266037 279 160 461 163 315 279 529 271 352 124 4.16856 398 504 3.12894
64.7323 0.558383 0.265022 192 -31 0.4 0 0.6887 0.266037 278 160 461 163 315 279 528 271 351 124 4.19569 398 504 3.14159
64.7989 0.558383 0.265022 192 -31 0.4 0 0.6891 0.266037 278 160 461 164 314 279 529 271 351 123 4.20053 398 504 3.14159
64.8656 0.55864 0.265022 189 -30 0.4 0 0.6895 0.266037 279 160 461 164 314 279 529 271 351 124 4.21304 398 504 3.12894
64.9322 0.55864 0.265022 189 -30 0.4 0 0.6899 0.266037 278 161 461 164 314 279 529 271 351 124 4.21304 398 504 3.12894
64.9989 0.55864 0.265022 189 -30 0.4 0 0.6903 0.266037 278 161 460 164 314 279 529 271 350 124 4.21778 398 504 3.14159
65.0656 0.560697 0.265022 187 -30 0.4 0 0.6907 0.266037 277 161 460 164 314 279 529 271 350 125 4.22701 398 504 3.14159
65.1323 0.560697 0.265022 187 -30 0.4 0 0.6911 0.266037 277 161 459 165 314 279 528 271 349 125 4.23564 398 504 3.14159
65.1989 0.560697 0.265022 187 -30 0.4 0 0.6915 0.266037 277 161 459 165 314 279 529 271 350 125 4.21778 398 504 3.12894
65.2656 0.560697 0.264764 171 -41 0.4 0 0.6919 0.266037 277 161 459 165 314 279 529 271 350 125 4.21778 398 504 3.12909
65.3323 0.560697 0.264764 171 -41 0.4 0 0.6923 0.266037 276 161 459 165 313 279 529 271 349 125 4.24436 398 504 3.14159
65.3989 0.560697 0.264764 171 -41 0.4 0 0.6927 0.266037 276 162 459 165 313 279 529 271 349 126 4.22652 398 504 3.12894
65.4656 0.562496 0.264764 193 -39 0.4 0 0.6931 0.266037 275 161 458 166 313 279 528 271 348 126 4.22652 398 504 3.12894
65.5322 0.562496 0.264764 193 -39 0.4 0 0.6935 0.266037 276 161 458 166 313 279 529 271 349 126 4.22243 398 504 3.14159
65.5989 0.562496 0.264764 193 -39 0.4 0 0.6939 0.266037 275 161 458 166 313 280 529 271 348 126 4.22652 398 504 3.12894
65.6656 0.564038 0.265022 186 -48 0.4 0 0.6943 0.266037 275 162 458 166 312 280 529 271 348 126 4.22652 398 504 3.12894
65.7323 0.564038 0.265022 186 -48 0.4 0 0.6947 0.266037 274 162 457 166 312 280 529 271 347 127 4.25315 398 504 3.15409
65.7989 0.564038 0.265022 186 -48 0.4 0 0.6951 0.266037 274 162 457 166 312 280 529 271 347 128 4.25767 397 504 3.14159
65.8656 0.565067 0.264764 186 -43 0.4 0 0.6955 0.266037 274 162 457 166 312 280 529 271 347 127 4.27096 397 504 3.14159
65.9322 0.565067 0.264764 186 -43 0.4 0 0.6959 0.266037 274 162 457 167 311 280 529 271 347 127 4.27096 398 504 3.12909
65.9989 0.565067 0.264764 186 -43 0.4 0 0.6963 0.266037 273 163 457 167 311 280 529 271 346 128 4.26668 397 504 3.14159
66.0656 0.566866 0.264764 189 -35 0.4 0 0.6967 0.266037 273 162 456 167 312 280 529 271 346 129 4.27096 397 504 3.14159
66.1323 0.566866 0.264764 189 -35 0.4 0 0.6971 0.266037 273 163 456 167 312 280 529 271 346 128 4.26201 397 504 3.14159
66.1989 0.566866 0.265022 176 -39 0.4 0 0.6975 0.266037 273 163 456 167 311 280 528 271 346 128 4.27096 397 504 3.14159
66.2656 0.566866 0.265022 176 -39 0.4 0 0.6979 0.266037 273 163 456 167 311 280 529 271 346 129 4.28819 398 504 3.12909
66.3323 0.566866 0.265022 176 -39 0.4 0 0.6983 0.266037 272 163 456 168 311 280 529 271 345 129 4.3062 398 504 3.15409
66.3989 0.568408 0.264764 196 -39 0.4 0 0.6987 0.266037 272 163 456 168 311 281 529 271 345 129 4.27096 398 504 3.12909
66.4656 0.568408 0.264764 196 -39 0.4 0 0.6991 0.266037 272 163 455 168 311 281 529 271 344 130 4.31144 398 504 3.12909
66.5322 0.568408 0.264764 196 -39 0.4 0 0.6995 0.266037 272 163 455 168 310 281 528 271 345 130 4.29716 398 504 3.18004
66.5989 0.569693 0.264764 202 -41 0.4 0 0.6999 0.266037 271 163 455 168 310 281 529 271 345 130 4.3062 397 504 3.14159
66.6656 0.569693 0.264764 202 -41 0.4 0 0.7003 0.266037 271 163 455 168 310 281 529 271 344 130 4.31531 398 504 3.12909
66.7322 0.569693 0.264764 202 -41 0.4 0 0.7007 0.266037 271 163 455 169 310 281 529 271 344 130 4.32822 397 504 3.14159
66.7989 0.569693 0.264764 200 -40 0.4 0 0.7011 0.266037 271 164 455 169 310 281 529 271 343 131 4.31144 398 504 3.12909
66.8656 0.569693 0.264764 200 -40 0.4 0 0.7015 0.266037 271 164 455 169 310 281 529 271 343 131 4.31144 398 504 3.12909
66.9323 0.569693 0.264764 200 -40 0.4 0 0.7019 0.266037 270 164 454 169 309 281 529 271 343 131 4.33188 397 504 3.14159
66.9989 0.572264 0.264764 193 -41 0.4 0 0.7023 0.266037 270 164 454 170 310 281 529 271 343 132 4.3374 398 504 3.18004
67.0656 0.572264 0.264764 193 -41 0.4 0 0.7027 0.266037 269 164 454 170 309 282 529 271 342 132 4.33001 398 504 3.12894
67.1322 0.572264 0.264764 193 -41 0.4 0 0.7031 0.266037 269 164 454 170 309 282 529 271 342 132 4.33001 398 504 3.12909
67.1989 0.572264 0.264764 177 -41 0.4 0 0.7035 0.266037 270 164 453 170 309 282 529 271 343 132 4.32822 397 504 3.14159
67.2656 0.572264 0.264764 177 -41 0.4 0 0.7039 0.266037 269 164 453 170 309 281 529 271 342 133 4.34664 398 504 3.15409
67.3322 0.572264 0.264764 177 -41 0.4 0 0.7043 0.266037 269 164 453 170 309 281 529 271 342 132 4.3594 398 504 3.12909
67.3989 0.573806 0.264764 200 -41 0.4 0 0.7047 0.266037 268 165 453 171 309 282 529 271 342 133 4.37201 398 504 3.12909
67.4656 0.573806 0.264764 200 -41 0.4 0 0.7051 0.266037 268 165 453 171 308 282 529 271 341 133 4.37201 398 504 3.12909
67.5323 0.573806 0.264764 200 -41 0.4 0 0.7055 0.266037 268 165 452 171 308 282 529 271 342 133 4.36278 398 504 3.12909
67.5989 0.575349 0.264764 208 -40 0.4 0 0.7059 0.266037 267 165 452 171 308 282 529 271 341 134 4.38129 398 504 3.12909
67.6656 0.575349 0.264764 208 -40 0.4 0 0.7063 0.266037 267 165 452 171 308 282 529 271 341 134 4.38129 398 504 3.12909
67.7323 0.575606 0.265022 207 -40 0.4 0 0.7067 0.266037 267 165 452 171 308 282 529 271 340 134 4.38129 398 504 3.12909
67.799 0.575606 0.265022 207 -40 0.4 0 0.7071 0.266037 268 165 452 171 308 282 529 271 340 134 4.38129 398 504 3.12909
67.8656 0.575606 0.265022 207 -40 0.4 0 0.7075 0.266037 267 165 451 172 307 282 529 271 340 134 4.37806 397 504 3.12894
67.9323 0.577405 0.264764 198 -40 0.4 0 0.7079 0.266037 266 166 451 172 307 283 529 271 340 135 4.38129 398 504 3.12909
67.9989 0.577405 0.264764 198 -40 0.4 0 0.7083 0.266037 266 166 451 172 307 283 529 271 340 135 4.38129 398 504 3.12909
68.0656 0.577405 0.264764 198 -40 0.4 0 0.7087 0.266037 266 166 451 172 307 283 529 271 339 135 4.38748 398 504 3.12909
68.1323 0.577405 0.264764 175 -40 0.4 0 0.7091 0.266037 266 166 451 173 307 283 529 271 340 135 4.37201 398 504 3.14159
68.1989 0.577405 0.264764 175 -40 0.4 0 0.7095 0.266037 266 166 451 173 307 283 529 271 339 136 4.41902 397 504 3.11596
68.2656 0.577405 0.264764 175 -40 0.4 0 0.7099 0.266037 265 166 450 173 306 283 529 271 339 137 4.39064 397 504 3.12894
68.3322 0.579461 0.264764 198 -41 0.4 0 0.7103 0.266037 266 166 450 173 306 283 529 271 338 137 4.42859 397 504 3.12894
68.3989 0.579461 0.264764 198 -41 0.4 0 0.7107 0.266037 265 166 450 173 306 283 529 271 339 136 4.43676 397 504 3.12894
68.4656 0.579461 0.264764 198 -41 0.4 0 0.7111 0.266037 265 166 450 173 306 283 529 271 339 136 4.43676 397 504 3.12894
68.5323 0.581261 0.264764 192 -41 0.4 0 0.7115 0.266037 264 167 449 174 306 283 529 271 338 137 4.44868 397 504 3.12894
68.599 0.581261 0.264764 192 -41 0.4 0 0.7119 0.266037 264 166 449 174 306 283 529 271 337 137 4.44355 397 504 3.12894
68.6656 0.581261 0.264764 192 -41 0.4 0 0.7123 0.266037 264 166 449 174 306 283 529 271 337 138 4.37201 398 504 3.12909
68.7322 0.582032 0.264764 192 -40 0.4 0 0.7127 0.266037 264 167 449 174 305 283 529 271 337 137 4.46015 398 504 3.12909
68.7989 0.582032 0.264764 192 -40 0.4 0 0.7131 0.266037 264 166 449 174 305 283 529 271 337 137 4.4505 397 504 3.12894
68.8656 0.582032 0.264764 192 -40 0.4 0 0.7135 0.266037 263 167 449 175 305 283 529 271 337 138 4.47222 397 504 3.12894
68.9322 0.583317 0.264764 200 -41 0.4 0 0.7139 0.266037 263 167 449 175 305 283 529 271 337 138 4.48187 397 504 3.12894
68.9989 0.583317 0.264764 200 -41 0.4 0 0.7143 0.266037 263 167 448 175 305 284 529 271 336 139 4.48632 397 504 3.12894
69.0656 0.583317 0.264764 200 -41 0.4 0 0.7147 0.266037 263 167 448 175 305 284 529 271 336 139 4.47455 397 504 3.12894
69.1323 0.583574 0.264764 184 -41 0.4 0 0.7151 0.266037 263 167 448 175 305 284 529 271 336 139 4.46741 397 504 3.12894
69.1989 0.583574 0.264764 184 -41 0.4 0 0.7155 0.266037 262 167 448 176 304 284 529 271 336 139 4.47455 397 504 3.12894
69.2656 0.585888 0.264764 192 -52 0.4 0 0.7159 0.266037 262 167 448 176 304 284 529 271 335 139 4.48187 397 504 3.12894
69.3322 0.585888 0.264764 192 -52 0.4 0 0.7163 0.266037 262 168 448 176 304 284 529 271 335 140 4.5013 397 504 3.12894
69.3989 0.585888 0.264764 192 -52 0.4 0 0.7167 0.266037 262 167 447 176 304 284 529 271 335 140 4.50337 397 504 3.12894
69.4656 0.586916 0.264507 194 -51 0.4 0 0.7171 0.266037 261 168 447 177 304 284 529 271 335 140 4.49156 397 504 3.12894
69.5323 0.586916 0.264507 194 -51 0.4 0 0.717501 0.266037 261 168 447 177 304 284 529 271 335 141 4.51305 397 504 3.12894
69.5989 0.586916 0.264507 194 -51 0.4 0 0.717901 0.266037 261 168 447 177 304 284 529 271 335 141 4.51107 397 504 3.12894
69.6656 0.58743 0.264507 193 -52 0.4 0 0.718301 0.266037 261 168 447 177 304 284 529 271 335 141 4.49372 397 504 3.12894
69.7323 0.58743 0.264507 193 -52 0.4 0 0.718701 0.266037 261 168 447 177 304 284 529 271 334 142 4.46984 397 504 3.12894
69.7989 0.58743 0.264507 193 -52 0.4 0 0.719101 0.266037 260 169 446 178 303 284 529 271 334 142 4.51499 397 504 3.12894
69.8656 0.588972 0.264507 203 -52 0.4 0 0.719501 0.266037 260 169 446 178 303 284 529 271 334 142 4.53254 397 504 3.12894
69.9323 0.588972 0.264507 203 -52 0.4 0 0.719901 0.266037 260 168 446 178 303 285 529 271 334 142 4.53254 397 504 3.12894
69.9989 0.588972 0.264507 203 -52 0.4 0 0.720301 0.266037 260 169 446 178 303 285 529 271 334 142 4.52463 397 504 3.12894
70.0656 0.588972 0.264507 189 -52 0.4 0 0.720701 0.266037 260 168 446 178 303 285 529 271 333 142 4.52089 397 504 3.12894
70.1322 0.588972 0.264507 189 -52 0.4 0 0.721101 0.266037 259 169 445 179 303 285 529 271 333 143 4.55055 397 504 3.12894
70.1989 0.588972 0.264507 189 -52 0.4 0 0.721501 0.266037 259 169 445 179 303 285 529 271 333 143 4.54233 397 504 3.12894
70.2656 0.590515 0.264507 209 -52 0.4 0 0.721901 0.266037 259 169 445 179 303 285 529 271 333 143 4.54233 397 504 3.12894
70.3322 0.590515 0.264507 209 -52 0.4 0 0.722301 0.266037 259 169 445 179 303 285 529 271 332 144 4.49703 397 504 3.12894
70.3989 0.590515 0.264507 209 -52 0.4 0 0.722701 0.266037 258 169 445 179 302 285 529 271 332 144 4.50337 398 504 3.12909
70.4656 0.592314 0.264764 204 -52 0.4 0 0.723101 0.266037 258 170 444 180 302 285 529 271 332 145 4.57329 397 504 3.12894
70.5322 0.592314 0.264764 204 -52 0.4 0 0.723501 0.266037 258 170 444 180 302 285 529 271 332 146 4.54379 397 504 3.12894
70.5989 0.592314 0.264764 204 -52 0.4 0 0.723901 0.266037 258 169 444 180 302 285 530 271 332 145 4.58051 397 504 3.12894
70.6656 0.593085 0.264507 197 -52 0.4 0 0.724301 0.266037 257 169 444 180 301 285 529 271 332 145 4.57049 397 504 3.12894
70.7323 0.593085 0.264507 197 -52 0.4 0 0.724701 0.266037 257 170 444 181 301 286 530 271 331 145 4.58051 397 504 3.12894
70.7989 0.593085 0.264507 197 -52 0.4 0 0.725101 0.266037 257 170 444 181 301 286 530 271 331 146 4.58311 397 504 3.12894
70.8656 0.594628 0.264507 204 -51 0.4 0 0.725501 0.266037 256 170 444 181 301 286 529 271 330 147 4.54063 397 504 3.12894
70.9322 0.594628 0.264507 204 -51 0.4 0 0.725901 0.266037 257 170 444 181 301 286 529 270 331 146 4.60391 397 504 3.12894
70.9989 0.594628 0.264507 204 -52 0.4 0 0.726301 0.266037 256 170 444 181 301 286 529 270 330 147 4.56051 397 504 3.12894
71.0656 0.594628 0.264507 204 -52 0.4 0 0.726701 0.266037 256 170 443 182 301 286 530 271 331 147 4.60283 397 504 3.12894
71.1322 0.594628 0.264507 204 -52 0.4 0 0.727101 0.266037 256 171 443 182 301 286 530 271 330 147 4.62173 397 504 3.12894
71.1989 0.59617 0.264507 210 -52 0.4 0 0.727501 0.266037 256 170 443 182 300 286 530 271 330 147 4.62351 397 504 3.12894
71.2656 0.59617 0.264507 210 -52 0.4 0 0.727901 0.266037 256 170 443 182 300 286 530 271 330 147 4.63256 397 504 3.12894
71.3323 0.59617 0.264507 210 -52 0.4 0 0.728301 0.266037 256 170 442 183 300 286 530 271 330 147 4.62351 397 504 3.12894
71.399 0.597712 0.264507 210 -52 0.4 0 0.728701 0.266037 255 171 443 183 300 286 530 271 330 148 4.63256 397 504 3.12894
71.4656 0.597712 0.264507 210 -52 0.4 0 0.729101 0.266037 255 171 442 183 299 286 530 271 330 149 4.63412 397 504 3.12894
71.5322 0.597712 0.264507 210 -52 0.4 0 0.729501 0.266037 255 171 442 183 299 286 530 271 328 149 4.61172 397 504 3.12894
71.5989 0.598483 0.264507 207 -52 0.4 0 0.729901 0.266037 255 171 442 184 299 286 529 271 328 149 4.59947 397 504 3.12894
71.6656 0.598483 0.264507 207 -52 0.4 0 0.730301 0.266037 254 171 442 184 299 286 529 271 329 149 4.63256 397 504 3.12894
71.7323 0.598483 0.264507 207 -52 0.4 0 0.730701 0.266037 254 171 442 184 299 287 530 271 328 150 4.6107 397 504 3.12894
71.7989 0.600283 0.264507 204 -52 0.4 0 0.731101 0.266037 254 171 441 185 299 287 530 271 327 150 4.61987 397 504 3.12894
71.8656 0.600283 0.264507 204 -52 0.4 0 0.731501 0.266037 254 171 441 184 299 287 530 271 328 150 4.66292 397 504 3.12894
71.9323 0.600283 0.264507 204 -52 0.4 0 0.731901 0.266037 253 171 441 184 299 287 530 271 328 151 4.66341 397 504 3.12894
71.9989 0.600283 0.264507 193 -53 0.4 0 0.732301 0.266037 253 171 441 185 299 287 530 271 328 151 4.66292 397 504 3.12894
72.0656 0.600283 0.264507 193 -53 0.4 0 0.732701 0.266037 253 172 441 185 298 287 530 271 326 152 4.6425 397 504 3.12894
72.1322 0.600283 0.264507 193 -53 0.4 0 0.733101 0.266037 253 172 440 186 298 287 530 271 328 152 4.68269 397 504 3.12894
72.1989 0.602596 0.264507 203 -52 0.4 0 0.733501 0.266037 252 172 440 186 298 287 530 271 327 152 4.71239 397 504 3.12894
72.2656 0.602596 0.264507 203 -52 0.4 0 0.733901 0.266037 252 172 440 186 298 287 530 271 327 153 4.73279 397 504 3.12894
72.3322 0.602596 0.264507 203 -52 0.4 0 0.734301 0.266037 252 172 440 186 298 287 530 271 327 152 4.70249 398 504 3.14159
72.3989 0.604139 0.264507 210 -52 0.4 0 0.734701 0.266037 252 172 440 187 297 287 530 271 327 153 4.73259 397 504 3.12894
72.4656 0.604139 0.264507 210 -52 0.4 0 0.735101 0.266037 252 172 440 187 297 287 530 271 327 152 4.75197 397 504 3.12894
72.5322 0.604396 0.264507 209 -52 0.4 0 0.735501 0.266037 252 172 440 187 297 287 529 271 327 153 4.76285 397 504 3.12894
72.5989 0.604396 0.264507 209 -52 0.4 0 0.735901 0.266037 252 172 439 188 297 287 530 271 326 154 4.733 397 504 3.12894
72.6656 0.604396 0.264507 209 -52 0.4 0 0.736301 0.266037 251 173 439 187 297 288 530 271 327 154 4.77232 397 504 3.12894
72.7322 0.605681 0.264507 207 -52 0.4 0 0.736701 0.266037 251 173 439 188 297 288 530 271 326 154 4.77173 397 504 3.12894
72.7989 0.605681 0.264507 207 -52 0.4 0 0.737101 0.266037 250 173 439 188 297 288 530 271 326 154 4.78227 397 504 3.12894
72.8656 0.605681 0.264507 207 -52 0.4 0 0.737501 0.266037 251 173 439 188 297 288 530 271 326 154 4.80126 397 504 3.12894
72.9322 0.605681 0.264507 176 -52 0.4 0 0.737901 0.266037 251 173 439 188 297 288 530 271 326 154 4.80126 397 504 3.12894
72.9989 0.605681 0.264507 176 -52 0.4 0 0.738301 0.266037 250 173 438 189 296 288 530 271 326 155 4.80305 397 504 3.12894
73.0656 0.605681 0.264507 176 -52 0.4 0 0.738701 0.266037 250 174 438 189 296 288 530 271 325 156 4.80215 397 504 3.12894
73.1323 0.607994 0.264507 197 -52 0.4 0 0.739101 0.266037 250 173 438 190 296 288 530 271 325 156 4.80215 397 504 3.12894
73.1989 0.607994 0.264507 197 -52 0.4 0 0.739501 0.266037 250 173 438 190 296 288 530 271 325 156 4.80305 397 504 3.12894
73.2656 0.607994 0.264507 197 -52 0.4 0 0.739901 0.266037 250 173 437 190 296 288 530 271 325 157 4.79222 397 504 3.12894
73.3322 0.609537 0.264507 203 -52 0.4 0 0.740301 0.266037 249 174 437 190 296 289 530 271 324 158 4.81408 397 504 3.12894
73.3989 0.609537 0.264507 203 -52 0.4 0 0.740701 0.266037 248 174 437 191 296 289 530 271 325 157 4.8404 397 504 3.12894
73.4656 0.609537 0.264507 203 -52 0.4 0 0.741101 0.266037 249 174 437 191 296 289 530 271 324 158 4.81618 397 504 3.12894
73.5323 0.610051 0.264507 203 -52 0.4 0 0.741501 0.266037 249 174 437 191 296 289 530 271 324 158 4.81618 397 504 3.12894
73.5989 0.610051 0.264507 203 -52 0.4 0 0.741901 0.266037 249 174 437 191 296 289 530 271 324 158 4.79468 397 504 3.12894
73.6656 0.610051 0.264507 203 -52 0.4 0 0.742301 0.266037 248 175 437 192 295 289 530 271 324 158 4.79468 397 504 3.12894
73.7323 0.61185 0.264507 203 -53 0.4 0 0.742701 0.266037 248 175 436 192 295 289 530 271 323 158 4.82305 397 504 3.12894
73.7989 0.61185 0.264507 203 -53 0.4 0 0.743101 0.266037 248 175 436 192 295 289 530 271 323 159 4.83547 397 504 3.12894
73.8656 0.61185 0.264507 203 -53 0.4 0 0.743501 0.266037 248 175 436 192 295 289 530 271 323 160 4.83182 397 504 3.12894
73.9323 0.61185 0.264507 179 -52 0.4 0 0.743901 0.266037 248 175 436 192 294 289 530 271 323 159 4.84296 397 504 3.12894
73.999 0.61185 0.264507 179 -52 0.4 0 0.744301 0.266037 248 175 436 193 294 289 530 271 323 160 4.83182 397 504 3.12894
74.0656 0.613907 0.264507 208 -53 0.4 0 0.744701 0.266037 247 175 436 194 294 289 530 271 323 160 4.85573 397 504 3.12894
74.1323 0.613907 0.264507 208 -53 0.4 0 0.745101 0.266037 247 175 436 194 294 289 530 271 323 160 4.85573 397 504 3.12894
74.1989 0.613907 0.264507 208 -53 0.4 0 0.745501 0.266037 247 175 436 193 294 289 530 271 322 160 4.84427 397 504 3.12894
74.2656 0.615449 0.264507 208 -52 0.4 0 0.745901 0.266037 247 175 436 194 294 289 530 271 322 161 4.85573 397 504 3.12894
74.3323 0.615449 0.264507 208 -52 0.4 0 0.746301 0.266037 246 175 435 194 294 290 530 271 322 161 4.87423 397 504 3.12894
74.3989 0.615449 0.264507 208 -52 0.4 0 0.746701 0.266037 246 175 435 194 294 290 530 271 322 161 4.87423 397 504 3.12894
74.4656 0.615449 0.264507 209 -52 0.4 0 0.747101 0.266037 246 175 435 195 294 290 530 271 322 162 4.88588 397 504 3.12894
74.5323 0.615449 0.264507 209 -52 0.4 0 0.747501 0.266037 246 175 435 195 294 290 530 271 322 162 4.88588 397 504 3.12894
74.5989 0.615449 0.264507 209 -52 0.4 0 0.747901 0.266037 246 175 435 195 294 290 530 271 322 162 4.86899 397 504 3.12894
74.6656 0.617248 0.264507 216 -52 0.4 0 0.748301 0.266037 246 176 435 195 294 290 530 271 322 162 4.89404 397 504 3.12894
74.7323 0.617248 0.264507 216 -52 0.4 0 0.748701 0.266037 246 176 435 196 293 290 530 271 322 163 4.89964 397 504 3.12894
74.7989 0.617248 0.264507 216 -52 0.4 0 0.749101 0.266037 246 176 435 196 293 290 530 271 321 163 4.90778 397 504 3.12894
74.8656 0.617248 0.264507 189 -52 0.4 0 0.749501 0.266037 246 176 435 196 293 290 530 271 321 163 4.89587 397 504 3.12894
74.9323 0.617248 0.264507 189 -52 0.4 0 0.749901 0.266037 245 176 434 197 293 290 530 271 321 163 4.92559 397 504 3.12894
74.9989 0.617248 0.264507 189 -52 0.4 0 0.750301 0.266037 245 176 434 197 292 290 530 271 320 164 4.92559 397 504 3.12894
75.0656 0.619305 0.264507 209 -52 0.4 0 0.750701 0.266037 245 176 433 198 292 291 530 271 321 165 4.93996 397 504 3.12894
75.1323 0.619305 0.264507 209 -52 0.4 0 0.751101 0.266037 244 176 433 198 292 291 530 271 321 165 4.93996 397 504 3.12894
75.1989 0.619305 0.264507 209 -52 0.4 0 0.751501 0.266037 244 176 433 198 292 291 530 271 321 165 4.92559 397 504 3.12894
75.2656 0.621104 0.264507 203 -52 0.4 0 0.751901 0.266037 244 177 433 199 292 291 530 271 321 166 4.97688 397 504 3.12894
75.3322 0.621104 0.264507 203 -52 0.4 0 0.752301 0.266037 244 177 433 199 292 291 530 271 320 166 4.95737 397 504 3.12894
75.3989 0.621104 0.264507 203 -52 0.4 0 0.752701 0.266037 244 177 433 199 292 291 530 271 320 166 4.95984 397 504 3.12894
75.4656 0.621875 0.264507 202 -53 0.4 0 0.753101 0.266037 244 177 433 199 292 291 530 271 320 166 4.97953 397 504 3.12894
75.5323 0.621875 0.264507 202 -53 0.4 0 0.753501 0.266037 244 177 433 199 292 291 530 271 320 167 4.95984 397 504 3.12894
75.5989 0.621875 0.264507 202 -53 0.4 0 0.753901 0.266037 243 177 432 200 291 291 530 271 320 168 4.99209 397 504 3.12894
75.6656 0.623417 0.264507 207 -53 0.4 0 0.754301 0.266037 243 177 432 200 291 291 530 271 320 167 4.97953 397 504 3.12894
75.7323 0.623417 0.264507 207 -53 0.4 0 0.754701 0.266037 243 177 432 200 291 291 530 271 320 168 4.97688 397 504 3.12894
75.7989 0.623417 0.264507 178 -52 0.4 0 0.755101 0.266037 243 178 432 200 291 291 530 271 320 168 5.00867 397 504 3.12894
75.8656 0.623417 0.264507 178 -52 0.4 0 0.755501 0.266037 243 178 432 201 291 291 530 271 320 168 4.99901 397 504 3.12894
75.9322 0.623417 0.264507 178 -52 0.4 0 0.755901 0.266037 243 178 432 201 291 292 530 271 320 169 5.04051 397 504 3.12894
75.9989 0.625217 0.264507 206 -53 0.4 0 0.756301 0.266037 242 178 432 201 291 292 530 271 320 169 5.04051 397 504 3.12894
76.0656 0.625217 0.264507 206 -53 0.4 0 0.756701 0.266037 243 178 432 201 291 292 530 271 320 169 5.02443 397 504 3.12894
76.1322 0.625217 0.264507 206 -53 0.4 0 0.757101 0.266037 242 178 432 202 291 292 530 271 320 170 5.04713 397 504 3.12894
76.1989 0.626759 0.264507 194 -52 0.4 0 0.757501 0.266037 242 178 431 202 290 292 530 271 319 170 5.04672 397 504 3.12894
76.2656 0.626759 0.264507 194 -52 0.4 0 0.757901 0.266037 242 178 431 203 290 292 530 271 319 171 5.07956 397 504 3.12894
76.3323 0.626759 0.264507 194 -52 0 0 0.757901 0.266037 242 178 431 203 290 292 530 271 319 171 5.06289 397 504 3.12894
76.3989 0.62753 0.264507 196 -53 0 0 0.757901 0.266037 242 178 431 203 290 292 530 271 319 171 5.07592 397 504 3.12894
76.4656 0.62753 0.264507 196 -53 0 0 0.757901 0.266037 242 178 431 203 290 292 530 271 319 171 5.07234 397 504 3.12894
76.5322 0.62753 0.264507 196 -53 0 0 0.757901 0.266037 241 178 430 204 290 292 530 271 319 172 5.06883 397 504 3.12894
76.5989 0.629073 0.264507 197 -53 0 0 0.757901 0.266037 241 178 431 204 290 292 530 271 318 172 5.09857 397 504 3.12894
76.6656 0.629073 0.264507 197 -53 0 0 0.757901 0.266037 241 178 430 204 290 292 530 271 319 172 5.0929 397 504 3.12894
76.7323 0.629073 0.264507 197 -53 0 0 0.757901 0.266037 241 178 430 204 290 293 530 271 319 172 5.10244 397 504 3.12894
76.7989 0.629073 0.264507 209 -52 0 0 0.757901 0.266037 242 179 430 205 290 293 530 271 319 172 5.09857 397 504 3.12894
76.8656 0.629073 0.264507 209 -52 0 0 0.757901 0.266037 242 179 430 205 290 293 530 271 319 172 5.09857 397 504 3.12894
76.9323 0.629073 0.264507 209 -52 0 0 0.757901 0.266037 242 179 430 205 290 293 530 271 319 173 5.09477 397 504 3.12894
76.9989 0.629073 0.264507 209 -52 0 0 0.757901 0.266037 242 179 430 205 290 293 530 271 319 172 5.09857 397 504 3.12894
77.0656 0.629073 0.264507 209 -52 0 0 0.757901 0.266037 241 179 430 205 290 293 530 271 319 173 5.11334 397 504 3.12894
77.1323 0.629073 0.264507 209 -52 0 0 0.757901 0.266037 241 179 430 205 290 293 530 271 319 173 5.10409 397 504 3.12894
77.1989 0.62933 0.264507 207 -53 0 0 0.757901 0.266037 241 179 430 205 289 293 530 271 319 173 5.10409 397 504 3.12894
77.2656 0.62933 0.264507 207 -53 0 0 0.757901 0.266037 241 179 430 205 290 293 530 271 318 173 5.10244 397 504 3.12894
77.3323 0.62933 0.264507 207 -52 0 0 0.757901 0.266037 241 179 430 205 289 293 530 271 318 173 5.10244 397 504 3.12894
77.3989 0.62933 0.264507 207 -52 0 0 0.757901 0.266037 241 179 430 205 289 293 530 271 318 173 5.10244 397 504 3.12894
77.4656 0.62933 0.264507 207 -52 0 0 0.757901 0.266037 241 179 430 205 289 293 530 271 318 173 5.09857 397 504 3.12894
77.5323 0.62933 0.264507 207 -53 0 0 0.757901 0.266037 241 179 430 205 289 293 530 271 318 173 5.10796 397 504 3.12894
77.5989 0.62933 0.264507 207 -53 0 0 0.757901 0.266037 241 179 430 205 289 292 529 271 318 173 5.09857 397 504 3.12894
77.6656 0.62933 0.264507 207 -53 0 0 0.757901 0.266037 241 179 430 205 289 292 530 271 318 173 5.09857 397 504 3.12894
77.7322 0.62933 0.264507 207 -52 0 0 0.757901 0.266037 241 179 430 205 289 292 529 271 318 173 5.09857 397 504 3.12894
77.7989 0.62933 0.264507 207 -52 0 0 0.757901 0.266037 241 179 430 205 289 292 530 271 318 173 5.09857 397 504 3.12894
77.8656 0.62933 0.264507 207 -52 0 0 0.757901 0.266037 241 179 429 206 289 293 530 271 318 174 5.10244 397 504 3.12894
77.9322 0.62933 0.264507 207 -53 0 0 0.757901 0.266037 241 179 429 205 289 293 530 271 318 174 5.10244 397 504 3.12894
77.9989 0.62933 0.264507 207 -53 0 0 0.757901 0.266037 241 179 429 206 289 292 530 271 318 174 5.09477 397 504 3.12894
78.0656 0.62933 0.264507 207 -53 0 0 0.757901 0.266037 240 179 429 206 289 293 529 271 318 174 5.10244 397 504 3.12894
78.1323 0.62933 0.264507 207 -53 0 0 0.757901 0.266037 240 179 429 206 289 293 529 271 318 174 5.09477 398 504 3.12909
78.1989 0.62933 0.264507 207 -53 0 0 0.757901 0.266037 241 179 429 206 289 293 530 271 318 174 5.10244 397 504 3.12894
78.2656 0.62933 0.264507 207 -53 0 0 0.757901 0.266037 241 179 429 206 289 293 529 271 318 174 5.09477 397 504 3.12894
78.3322 0.62933 0.264507 207 -53 0 0 0.757901 0.266037 241 179 429 206 289 293 530 271 318 174 5.10244 397 504 3.12894
78.3989 0.62933 0.264507 207 -53 0 0 0.757901 0.266037 240 179 429 206 289 293 530 271 318 174 5.10244 397 504 3.12894
78.4656 0.62933 0.264507 207 -53 0 0 0.757901 0.266037 241 179 429 206 289 293 530 271 318 174 5.10244 397 504 3.12894
78.5322 0.62933 0.264507 207 -52 0 0 0.757901 0.266037 241 179 429 206 289 293 530 271 318 174 5.10244 397 504 3.12894
78.5989 0.62933 0.264507 207 -52 0 0 0.757901 0.266037 241 179 429 206 289 293 530 271 318 174 5.09857 397 504 3.12894
78.6656 0.62933 0.264507 207 -52 0 0 0.757901 0.266037 241 179 429 206 289 293 530 271 318 173 5.08538 397 504 3.12894
78.7322 0.62933 0.264507 207 -53 0 0 0.757901 0.266037 241 179 429 206 289 293 530 271 318 174 5.10796 397 504 3.12894
78.7989 0.62933 0.264507 207 -53 0 0 0.757901 0.266037 241 179 429 206 289 293 530 271 318 174 5.11728 397 504 3.12894
78.8656 0.62933 0.264507 207 -52 0 0 0.757901 0.266037 241 179 429 206 289 293 530 271 318 174 5.09857 397 504 3.12894
78.9322 0.62933 0.264507 207 -52 0 0 0.757901 0.266037 241 179 429 206 289 293 529 271 318 173 5.09104 397 504 3.12894
78.9989 0.62933 0.264507 207 -52 0 0 0.757901 0.266037 241 179 429 206 289 293 530 271 318 174 5.09857 397 504 3.12894
79.0656 0.62933 0.264507 207 -53 0 0 0.757901 0.266037 241 179 429 206 289 293 530 271 319 174 5.10796 397 504 3.12894
79.1322 0.62933 0.264507 207 -53 0 0 0.757901 0.266037 241 179 429 206 289 293 530 271 318 173 5.11334 397 504 3.12894
79.1989 0.62933 0.264507 207 -53 0 0 0.757901 0.266037 241 179 429 206 289 293 530 271 319 174 5.10796 397 504 3.12894
79.2656 0.62933 0.264507 206 -53 0 0 0.757901 0.266037 241 179 429 206 289 293 529 271 319 174 5.10796 397 504 3.12894
79.3323 0.62933 0.264507 206 -53 0 0 0.757901 0.266037 241 179 429 206 289 293 529 271 318 173 5.11334 397 504 3.12894
79.3989 0.62933 0.264507 206 -53 0 0 0.757901 0.266037 241 179 429 206 289 293 529 271 319 174 5.10796 397 504 3.12894
79.4656 0.62933 0.264507 206 -52 0 0 0.757901 0.266037 241 179 429 206 289 293 530 271 319 174 5.10796 397 504 3.12894
79.5322 0.62933 0.264507 206 -52 0 0 0.757901 0.266037 241 179 429 206 289 293 529 271 319 174 5.10796 397 504 3.12894
79.5989 0.62933 0.264507 206 -52 0 0 0.757901 0.266037 241 179 429 206 288 293 530 271 319 174 5.10796 397 504 3.12894
79.6656 0.62933 0.264507 209 -53 0 0 0.757901 0.266037 241 179 429 206 288 293 530 271 319 174 5.09857 397 504 3.12894
79.7322 0.62933 0.264507 209 -53 0 0 0.757901 0.266037 240 179 429 206 289 293 530 271 318 174 5.13478 397 504 3.12894
79.7989 0.62933 0.264507 209 -53 -0.4 0 0.757501 0.266037 241 179 429 206 288 293 530 271 319 174 5.10796 397 504 3.12894
79.8656 0.62933 0.264507 207 -53 -0.4 0 0.757101 0.266037 241 179 429 206 288 293 529 271 318 173 5.11728 397 504 3.12894
79.9323 0.62933 0.264507 207 -53 -0.4 0 0.756701 0.266037 241 179 429 206 288 293 529 271 319 174 5.10796 397 504 3.12894
79.9989 0.62933 0.264507 207 -53 -0.4 0 0.756301 0.266037 241 179 429 206 288 293 530 271 319 174 5.10796 397 504 3.12894
80.0656 0.62933 0.264507 207 -53 -0.4 0 0.755901 0.266037 241 179 429 206 288 293 529 271 319 174 5.10796 397 504 3.12894
80.1323 0.62933 0.264507 207 -53 -0.4 0 0.755501 0.266037 240 179 429 206 288 293 530 271 319 174 5.10796 397 504 3.12894
80.1989 0.62933 0.264507 207 -53 -0.4 0 0.755101 0.266037 240 179 429 206 288 293 530 271 318 173 5.11728 397 504 3.12894
80.2656 0.62933 0.264507 206 -52 -0.4 0 0.754701 0.266037 240 179 429 206 288 293 530 271 318 174 5.1213 397 504 3.12894
80.3322 0.62933 0.264507 206 -52 -0.4 0 0.754301 0.266037 240 179 429 206 288 293 529 271 318 173 5.11728 397 504 3.12894
80.3989 0.62933 0.264507 155 -52 -0.4 0 0.753901 0.266037 240 179 429 206 288 293 529 271 318 174 5.13478 397 504 3.12894
80.4656 0.62933 0.264507 155 -52 -0.4 0 0.753501 0.266037 240 179 429 206 288 293 529 271 318 173 5.11728 397 504 3.12894
80.5322 0.62933 0.264507 155 -52 -0.4 0 0.753101 0.266037 240 179 429 206 288 293 529 270 319 174 5.10796 397 504 3.12894
80.5989 0.62933 0.264507 116 -53 -0.4 0 0.752701 0.266037 240 179 429 206 288 293 530 271 318 173 5.11728 397 504 3.12894
80.6656 0.62933 0.264507 116 -53 -0.4 0 0.752301 0.266037 240 179 429 206 288 293 529 271 318 174 5.1213 397 504 3.12894
80.7322 0.62933 0.264507 116 -53 -0.4 0 0.751901 0.266037 240 179 429 206 288 293 529 270 318 173 5.11728 397 504 3.12894
80.7989 0.62933 0.264507 115 -52 -0.4 0 0.751501 0.266037 240 179 429 206 288 293 529 271 318 174 5.12539 397 504 3.12894
80.8656 0.62933 0.264507 115 -52 -0.4 0 0.751101 0.266037 240 179 429 206 288 293 529 271 318 174 5.1357 397 504 3.12894
80.9323 0.62933 0.264507 115 -52 -0.4 0 0.750701 0.266037 240 179 429 206 288 293 530 271 317 174 5.10244 397 504 3.12894
80.9989 0.62933 0.264507 78 -53 -0.4 0 0.750301 0.266037 240 179 429 206 288 293 529 271 318 174 5.12653 397 504 3.12894
81.0656 0.62933 0.264507 78 -53 -0.4 0 0.749901 0.266037 240 179 429 206 288 293 529 271 318 174 5.1357 397 504 3.12894
81.1323 0.62933 0.264507 78 -53 -0.4 0 0.749501 0.266037 240 179 429 206 288 293 529 271 318 174 5.12653 397 504 3.12894
81.1989 0.629073 0.264507 83 -53 -0.4 0 0.749101 0.266037 240 179 429 206 288 293 529 271 318 174 5.13061 397 504 3.12894
81.2656 0.629073 0.264507 83 -53 -0.4 0 0.748701 0.266037 240 179 429 206 288 293 529 270 318 174 5.1357 397 504 3.12894
81.3322 0.629073 0.264507 83 -53 -0.4 0 0.748301 0.266037 240 179 429 206 288 293 530 270 319 174 5.10796 397 504 3.12894
81.3989 0.628044 0.264507 42 -53 -0.4 0 0.747901 0.266037 241 179 429 206 288 293 530 271 319 174 5.10796 397 504 3.12894
81.4656 0.628044 0.264507 42 -53 -0.4 0 0.747501 0.266037 240 179 429 206 288 293 530 271 319 174 5.10796 397 504 3.12894
81.5322 0.628044 0.264507 42 -53 -0.4 0 0.747101 0.266037 241 179 429 206 288 293 530 271 319 174 5.09857 397 504 3.12894
81.5989 0.628044 0.264507 45 -53 -0.4 0 0.746701 0.266037 241 179 429 206 289 293 530 271 318 174 5.11728 398 504 3.12909
81.6656 0.628044 0.264507 45 -53 -0.4 0 0.746301 0.266037 241 179 430 205 289 293 530 270 319 173 5.10796 397 504 3.12894
81.7323 0.628044 0.264507 45 -53 -0.4 0 0.745901 0.266037 241 179 430 205 289 293 530 270 319 173 5.1119 397 504 3.12894
81.7989 0.626759 0.264507 39 -53 -0.4 0 0.745501 0.266037 241 179 430 205 289 293 530 270 319 173 5.09857 397 504 3.12894
81.8656 0.626759 0.264507 39 -53 -0.4 0 0.745101 0.266037 241 179 430 205 289 293 530 271 319 173 5.09857 397 504 3.12894
81.9322 0.626759 0.264507 39 -53 -0.4 0 0.744701 0.266037 241 178 431 205 289 293 530 270 319 173 5.10244 397 504 3.12894
81.9989 0.625474 0.264507 23 -53 -0.4 0 0.744301 0.266037 241 179 431 205 289 293 530 270 319 173 5.08538 397 504 3.12894
82.0656 0.625474 0.264507 23 -53 -0.4 0 0.743901 0.266037 241 179 431 205 289 293 530 270 319 173 5.08538 397 504 3.12894
82.1323 0.625217 0.264507 24 -53 -0.4 0 0.743501 0.266037 241 179 431 205 289 293 530 270 319 173 5.08538 397 504 3.12894
82.1989 0.625217 0.264507 24 -53 -0.4 0 0.743101 0.266037 241 179 431 205 289 293 530 270 320 173 5.0891 397 504 3.12894
82.2656 0.625217 0.264507 24 -53 -0.4 0 0.742701 0.266037 242 179 431 204 290 293 531 270 320 173 5.1119 397 504 3.11596
82.3323 0.623417 0.264507 31 -53 -0.4 0 0.742301 0.266037 242 178 431 204 289 292 531 270 320 173 5.09477 398 504 3.12909
82.3989 0.623417 0.264507 31 -53 -0.4 0 0.741901 0.266037 242 178 431 204 290 293 531 270 320 173 5.10796 398 504 3.12909
82.4656 0.623417 0.264507 31 -53 -0.4 0 0.741501 0.266037 243 178 431 204 289 292 531 270 320 173 5.09857 398 504 3.12909
82.5322 0.623417 0.264507 41 -53 -0.4 0 0.741101 0.266037 242 178 431 204 289 292 531 270 320 172 5.08172 397 504 3.12894
82.5989 0.623417 0.264507 41 -53 -0.4 0 0.740701 0.266037 244 178 433 203 290 292 532 270 321 171 5.06995 398 504 3.12909
82.6656 0.623417 0.264507 41 -53 -0.4 0 0.740301 0.266037 244 178 433 203 290 292 532 270 321 172 5.09477 398 504 3.12909
82.7323 0.621875 0.264507 37 -53 -0.4 0 0.739901 0.266037 244 178 433 203 290 292 533 270 321 172 5.09477 397 504 3.12894
82.7989 0.621875 0.264507 37 -53 -0.4 0 0.739501 0.266037 244 178 433 203 290 292 532 269 321 172 5.09477 398 504 3.12909
82.8656 0.621875 0.264507 37 -53 -0.4 0 0.739101 0.266037 244 178 433 203 290 292 532 269 321 172 5.09477 398 504 3.12894
82.9323 0.620333 0.264507 38 -53 -0.4 0 0.738701 0.266037 245 176 434 202 290 292 533 269 323 170 5.07234 398 504 3.12909
82.9989 0.620333 0.264507 38 -53 -0.4 0 0.738301 0.266037 246 176 434 202 291 291 533 269 323 171 5.06639 397 504 3.14159
83.0656 0.620333 0.264507 38 -53 -0.4 0 0.737901 0.266037 246 176 434 202 291 291 533 269 323 171 5.06995 397 504 3.14159
83.1323 0.619819 0.264507 38 -53 -0.4 0 0.737501 0.266037 246 176 434 202 291 291 533 269 323 171 5.05679 397 504 3.14159
83.1989 0.619819 0.264507 38 -53 -0.4 0 0.737101 0.266037 246 176 435 202 291 291 534 269 323 170 5.05053 397 504 3.14159
83.2656 0.619819 0.264507 38 -53 -0.4 0 0.736701 0.266037 247 176 436 201 292 291 534 269 324 170 5.0374 397 504 3.14159
83.3323 0.617762 0.264507 33 -52 -0.4 0 0.736301 0.266037 247 176 436 201 292 291 535 269 324 169 5.03414 397 504 3.14159
83.399 0.617762 0.264507 33 -52 -0.4 0 0.735901 0.266037 247 176 436 201 292 291 535 269 324 169 5.03414 397 504 3.14159
83.4656 0.617762 0.264507 33 -52 -0.4 0 0.735501 0.266037 247 176 436 201 292 291 535 269 325 169 5.05001 397 504 3.14159
83.5323 0.617762 0.264507 32 -52 -0.4 0 0.735101 0.266037 248 175 437 200 292 291 535 269 326 169 5.04379 398 504 3.14159
83.5989 0.617762 0.264507 32 -52 -0.4 0 0.734701 0.266037 249 175 438 200 293 290 536 268 326 168 5.03414 398 504 3.12894
83.6656 0.615706 0.264507 34 -51 -0.4 0 0.734301 0.266037 249 175 438 200 293 290 536 268 326 168 5.03414 398 504 3.14159
83.7323 0.615706 0.264507 34 -51 -0.4 0 0.733901 0.266037 249 175 438 200 293 290 536 268 326 168 5.03414 398 504 3.12894
83.7989 0.615706 0.264507 34 -51 -0.4 0 0.733501 0.266037 249 175 438 200 293 290 536 268 326 168 5.03414 397 504 3.14159
83.8656 0.614678 0.264507 28 -52 -0.4 0 0.733101 0.266037 250 175 439 199 293 289 537 268 327 167 5.01827 397 504 3.14159
83.9322 0.614678 0.264507 28 -52 -0.4 0 0.732701 0.266037 250 174 439 199 293 289 537 268 328 167 5.02443 398 504 3.15409
83.9989 0.614678 0.264507 28 -52 -0.4 0 0.732301 0.266037 250 174 439 199 293 289 537 268 328 167 5.02443 398 504 3.15409
84.0656 0.614164 0.264507 31 -52 -0.4 0 0.731901 0.266037 251 174 439 199 293 289 537 268 327 167 5.03414 397 504 3.12894
84.1323 0.614164 0.264507 31 -52 -0.4 0 0.731501 0.266037 251 174 439 199 293 289 537 268 328 167 5.04072 398 504 3.14159
84.1989 0.614164 0.264507 31 -52 -0.4 0 0.731101 0.266037 252 174 441 198 295 289 538 268 329 166 5.01827 398 504 3.11596
84.2656 0.612364 0.264507 18 -51 -0.4 0 0.730701 0.266037 252 173 441 198 295 289 538 268 329 166 5.01827 398 504 3.14159
84.3323 0.612364 0.264507 18 -51 -0.4 0 0.730301 0.266037 252 174 441 198 295 289 538 268 329 167 5.0374 398 504 3.14159
84.3989 0.612364 0.264507 18 -51 -0.4 0 0.729901 0.266037 252 174 441 198 295 289 538 268 329 166 5.03414 398 504 3.12861
84.4656 0.612364 0.264507 26 -53 -0.4 0 0.729501 0.266037 252 174 441 198 295 289 538 268 329 166 5.00867 397 504 3.12894
84.5323 0.612364 0.264507 26 -53 -0.4 0 0.729101 0.266037 254 172 442 197 295 288 539 268 330 165 5.01827 398 503 3.15441
84.5989 0.612364 0.264507 26 -53 -0.4 0 0.728701 0.266037 254 172 442 197 295 288 539 268 330 165 4.985 397 504 3.12894
84.6656 0.610565 0.264507 16 -52 -0.4 0 0.728301 0.266037 254 172 443 197 295 288 539 267 330 165 4.985 397 504 3.12894
84.7323 0.610565 0.264507 16 -52 -0.4 0 0.727901 0.266037 254 173 443 197 295 288 539 268 330 165 4.97233 397 504 3.12894
84.7989 0.610565 0.264507 16 -52 -0.4 0 0.727501 0.266037 254 173 443 197 296 288 540 267 330 165 4.985 398 504 3.14159
84.8656 0.60928 0.264764 15 -52 -0.4 0 0.727101 0.266037 255 172 444 196 296 288 540 266 332 165 4.94754 398 504 3.19283
84.9322 0.60928 0.264764 15 -52 -0.4 0 0.726701 0.266037 255 172 444 196 296 288 540 267 331 164 4.96971 398 504 3.19283
84.9989 0.60928 0.264764 15 -52 -0.4 0 0.726301 0.266037 255 172 444 196 296 288 540 266 331 164 4.96971 397 504 3.12894
85.0656 0.608508 0.264507 13 -52 -0.4 0 0.725901 0.266037 255 172 444 196 296 288 540 267 332 164 4.95737 397 504 3.12894
85.1322 0.608508 0.264507 13 -52 -0.4 0 0.725501 0.266037 256 172 445 195 296 287 541 267 332 164 4.95484 398 504 3.14159
85.1989 0.606452 0.264764 15 -53 -0.4 0 0.725101 0.266037 257 171 446 195 297 287 542 266 334 163 4.96237 397 504 3.12894
85.2656 0.606452 0.264764 15 -53 -0.4 0 0.724701 0.266037 257 171 446 195 297 287 542 266 334 163 4.94291 397 504 3.12894
85.3323 0.606452 0.264764 15 -53 -0.4 0 0.724301 0.266037 257 171 446 195 297 287 542 266 333 163 4.92559 398 504 3.14159
85.3989 0.606452 0.264507 21 -52 -0.4 0 0.723901 0.266037 257 171 446 195 297 287 542 266 333 162 4.93996 398 504 3.14159
85.4656 0.606452 0.264507 21 -52 -0.4 0 0.723501 0.266037 258 171 447 194 297 287 542 266 334 162 4.93996 397 504 3.12894
85.5323 0.606452 0.264507 21 -52 -0.4 0 0.723101 0.266037 258 171 447 194 297 287 542 266 334 162 4.94754 397 504 3.12894
85.5989 0.60491 0.264507 12 -52 -0.4 0 0.722701 0.266037 258 171 447 194 297 287 542 266 335 162 4.93542 398 504 3.14159
85.6656 0.60491 0.264507 12 -52 -0.4 0 0.722301 0.266037 258 171 447 194 298 287 542 266 334 162 4.93218 398 504 3.14159
85.7323 0.60491 0.264507 12 -52 -0.4 0 0.721901 0.266037 258 170 447 194 297 287 542 266 334 161 4.93996 397 504 3.12894
85.7989 0.603624 0.264764 13 -51 -0.4 0 0.721501 0.266037 260 170 449 193 298 286 543 266 336 161 4.91371 397 504 3.12894
85.8656 0.603624 0.264764 13 -51 -0.4 0 0.721101 0.266037 260 170 449 193 298 286 543 266 336 160 4.92994 397 504 3.12894
85.9322 0.603624 0.264764 13 -51 -0.4 0 0.720701 0.266037 260 170 449 193 298 286 543 266 336 160 4.89964 398 504 3.14159
85.9989 0.602853 0.264507 13 -52 -0.4 0 0.720301 0.266037 260 170 449 193 298 286 543 266 336 160 4.91778 398 504 3.14159
86.0656 0.602853 0.264507 13 -52 -0.4 0 0.719901 0.266037 260 170 449 193 298 286 543 266 336 160 4.89587 397 504 3.12894
86.1323 0.602853 0.264507 13 -52 -0.4 0 0.719501 0.266037 261 169 450 191 298 286 544 266 337 159 4.90582 397 504 3.12894
86.1989 0.601054 0.264507 12 -51 -0.4 0 0.719101 0.266037 261 169 450 192 298 286 544 266 337 159 4.90582 398 504 3.14159
86.2656 0.601054 0.264507 12 -51 -0.4 0 0.718701 0.266037 261 169 450 192 298 286 544 266 337 159 4.88766 398 504 3.14159
86.3322 0.601054 0.264507 12 -51 -0.4 0 0.718301 0.266037 261 169 450 192 298 286 544 266 337 159 4.88766 398 504 3.14159
86.3989 0.600797 0.264764 -2 -50 -0.4 0 0.717901 0.266037 262 169 450 192 300 286 544 266 337 159 4.90778 398 504 3.14159
86.4656 0.600797 0.264764 -2 -50 -0.4 0 0.717501 0.266037 263 168 452 191 300 285 545 265 339 158 4.87587 398 504 3.14159
86.5322 0.600797 0.264764 -2 -50 -0.4 0 0.7171 0.266037 263 169 452 191 300 285 545 265 339 158 4.86899 398 504 3.14159
86.5989 0.598997 0.264764 11 -42 -0.4 0 0.7167 0.266037 263 169 452 191 300 285 545 265 339 158 4.87924 398 504 3.14159
86.6656 0.598997 0.264764 11 -42 -0.4 0 0.7163 0.266037 263 169 452 190 300 285 545 265 338 158 4.86581 398 503 3.10411
86.7322 0.598997 0.264764 11 -42 -0.4 0 0.7159 0.266037 263 168 452 190 301 285 546 265 339 158 4.83674 397 504 3.12894
86.7989 0.597712 0.264764 10 -41 -0.4 0 0.7155 0.266037 264 168 453 190 301 285 546 265 340 157 4.87924 398 503 3.12894
86.8656 0.597712 0.264764 10 -41 -0.4 0 0.7151 0.266037 264 168 453 189 301 285 546 265 340 157 4.85573 398 504 3.14159
86.9322 0.596941 0.264507 10 -42 -0.4 0 0.7147 0.266037 264 168 453 189 301 285 546 265 340 157 4.85573 398 503 3.12894
86.9989 0.596941 0.264507 10 -42 -0.4 0 0.7143 0.266037 264 168 453 189 301 285 546 265 341 157 4.88245 398 504 3.14159
87.0656 0.596941 0.264507 10 -42 -0.4 0 0.7139 0.266037 265 167 454 189 301 285 547 265 341 156 4.85429 398 503 3.15425
87.1323 0.595656 0.264764 8 -41 -0.4 0 0.7135 0.266037 265 168 454 189 301 285 547 265 341 157 4.85429 397 504 3.12894
87.199 0.595656 0.264764 8 -41 -0.4 0 0.7131 0.266037 265 167 454 189 301 285 547 265 341 156 4.84296 398 504 3.14159
87.2656 0.595656 0.264764 8 -41 -0.4 0 0.7127 0.266037 265 167 454 189 301 285 547 265 341 156 4.85429 398 503 3.15441
87.3323 0.595142 0.264764 -2 -41 -0.4 0 0.7123 0.266037 265 167 454 189 301 285 547 265 341 156 4.84296 398 504 3.14159
87.3989 0.595142 0.264764 -2 -41 -0.4 0 0.7119 0.266037 266 167 455 188 302 284 548 265 342 155 4.83547 398 504 3.14159
87.4656 0.595142 0.264764 -2 -41 -0.4 0 0.7115 0.266037 266 167 455 188 302 284 548 265 342 155 4.82647 398 503 3.15441
87.5322 0.595142 0.264764 -2 -41 -0.4 0 0.7111 0.266037 266 167 455 188 302 284 548 264 343 155 4.83547 398 504 3.14159
87.5989 0.595142 0.264764 -2 -41 -0.4 0 0.7107 0.266037 266 167 455 188 302 284 548 265 343 155 4.83547 398 504 3.14159
87.6656 0.595142 0.264764 -2 -41 -0.4 0 0.7103 0.266037 268 166 457 187 303 284 549 264 345 154 4.81306 398 503 3.15425
87.7323 0.593599 0.264764 -2 -31 -0.4 0 0.7099 0.266037 268 166 457 187 303 283 550 264 345 154 4.83547 398 503 3.12909
87.799 0.593599 0.264764 -2 -31 -0.4 0 0.7095 0.266037 269 165 458 187 304 283 550 265 345 153 4.81512 398 503 3.14159
87.8656 0.593599 0.264764 -2 -31 -0.4 0 0.7091 0.266037 269 165 458 187 304 283 549 264 345 153 4.80305 398 504 3.14159
87.9322 0.591029 0.265022 4 -31 -0.4 0 0.7087 0.266037 269 166 458 186 304 283 550 265 345 153 4.80397 398 504 3.12909
87.9989 0.591029 0.265022 4 -31 -0.4 0 0.7083 0.266037 269 166 458 186 304 283 550 265 345 153 4.80397 397 504 3.11628
88.0656 0.591029 0.265022 4 -31 -0.4 0 0.7079 0.266037 269 165 458 186 304 283 550 264 346 153 4.81512 398 503 3.16723
88.1323 0.590515 0.264764 -1 -28 -0.4 0 0.7075 0.266037 270 165 458 186 304 283 551 265 346 153 4.80587 398 504 3.12909
88.1989 0.590515 0.264764 -1 -28 -0.4 0 0.7071 0.266037 271 165 460 186 304 283 551 265 346 153 4.80587 398 504 3.14159
88.2656 0.590515 0.264764 -1 -28 -0.4 0 0.7067 0.266037 271 164 460 186 305 282 551 265 347 153 4.79553 398 503 3.15425
88.3322 0.589487 0.265022 5 -30 -0.4 0 0.7063 0.266037 271 164 460 186 305 282 551 265 346 152 4.78298 398 503 3.12894
88.3989 0.589487 0.265022 5 -30 -0.4 0 0.7059 0.266037 271 165 460 185 305 283 551 265 347 152 4.81306 398 503 3.12909
88.4656 0.589487 0.265022 5 -30 -0.4 0 0.7055 0.266037 273 164 462 184 306 282 552 264 349 151 4.77354 398 503 3.14159
88.5323 0.587687 0.265022 6 -28 -0.4 0 0.7051 0.266037 273 164 462 184 306 282 553 264 349 151 4.80491 398 503 3.14159
88.5989 0.587687 0.265022 6 -28 -0.4 0 0.7047 0.266037 273 164 462 184 306 282 553 264 350 151 4.79468 398 503 3.1166
88.6656 0.587687 0.265022 6 -28 -0.4 0 0.7043 0.266037 274 164 462 184 306 282 553 264 350 151 4.77354 398 503 3.14159
88.7322 0.587173 0.265279 -6 -27 -0.4 0 0.7039 0.266037 274 164 462 184 306 282 553 264 350 151 4.77354 398 504 3.14159
88.7989 0.587173 0.265279 -6 -27 -0.4 0 0.7035 0.266037 275 163 464 183 307 282 554 263 351 150 4.76285 398 504 3.14159
88.8656 0.585374 0.265279 1 -27 -0.4 0 0.7031 0.266037 276 163 464 183 307 282 554 263 352 150 4.7536 398 503 3.15425
88.9322 0.585374 0.265279 1 -27 -0.4 0 0.7027 0.266037 276 163 464 183 308 281 554 263 351 150 4.76285 398 503 3.15425
88.9989 0.585374 0.265279 1 -27 -0.4 0 0.7023 0.266037 276 163 464 183 308 281 554 263 352 150 4.76389 398 503 3.15458
89.0656 0.585374 0.265536 -1 -24 -0.4 0 0.7019 0.266037 276 163 464 183 307 281 554 263 352 150 4.76497 398 503 3.12909
89.1322 0.585374 0.265536 -1 -24 -0.4 0 0.7015 0.266037 277 162 466 182 309 281 555 263 354 149 4.77417 398 503 3.14159
89.1989 0.585374 0.265536 -1 -24 -0.4 0 0.7011 0.266037 278 162 467 182 309 281 555 263 355 148 4.79143 398 503 3.12909
89.2656 0.583317 0.265536 4 -20 -0.4 0 0.7007 0.266037 278 162 466 182 309 281 555 263 354 148 4.75237 398 503 3.12909
89.3322 0.583317 0.265536 4 -20 -0.4 0 0.7003 0.266037 278 162 467 182 309 281 555 263 354 148 4.75318 398 503 3.12909
89.3989 0.583317 0.265536 4 -20 -0.4 0 0.6999 0.266037 278 162 467 181 309 280 556 263 355 148 4.7536 398 503 3.12909
89.4656 0.581518 0.265536 0 -20 -0.4 0 0.6995 0.266037 279 161 468 181 309 280 556 263 356 146 4.74268 398 503 3.12909
89.5322 0.581518 0.265536 0 -20 -0.4 0 0.6991 0.266037 279 161 468 181 309 280 556 263 356 146 4.74238 398 503 3.14159
89.5989 0.581518 0.265536 0 -20 -0.4 0 0.6987 0.266037 279 161 468 181 310 280 556 263 355 147 4.70219 398 503 3.12909
89.6656 0.581518 0.265536 -7 -19 -0.4 0 0.6983 0.266037 279 161 468 181 310 280 557 263 356 146 4.74268 398 503 3.12909
89.7323 0.581518 0.265536 -7 -19 -0.4 0 0.6979 0.266037 280 161 469 180 310 280 557 263 357 147 4.74363 398 503 3.12909
89.7989 0.581518 0.265536 -7 -19 -0.4 0 0.6975 0.266037 280 161 469 180 310 280 557 263 357 147 4.74429 398 503 3.12909
89.8656 0.579976 0.265536 0 -20 -0.4 0 0.6971 0.266037 280 161 469 180 310 280 557 263 357 146 4.71239 398 503 3.12909
89.9322 0.579976 0.265536 0 -20 -0.4 0 0.6967 0.266037 280 161 469 180 310 280 557 263 357 146 4.71239 398 503 3.12909
89.9989 0.579976 0.265536 0 -20 -0.4 0 0.6963 0.266037 280 161 469 180 310 280 557 263 358 145 4.74208 398 503 3.12909
90.0656 0.579719 0.265536 -1 -19 -0.4 0 0.6959 0.266037 282 160 471 179 311 279 558 263 359 145 4.69219 398 503 3.12894
90.1322 0.579719 0.265536 -1 -19 -0.4 0 0.6955 0.266037 282 160 471 179 311 279 558 263 359 143 4.61694 398 503 3.12894
