39.6657 0.477154 0.315147 54 -59 -0.2 0.2 0.59916 0.317038 429 149 615 147 406 269 626 273 525 102 0.357566 398 511 3.14159
39.7324 0.477154 0.315147 54 -59 -0.2 0.2 0.59896 0.317238 429 149 615 148 406 269 626 273 525 102 0.353997 398 511 3.15425
39.799 0.477154 0.315147 54 -59 -0.2 0.2 0.59876 0.317438 429 149 615 147 406 269 626 273 525 102 0.353997 398 511 3.15425
39.8657 0.477154 0.315147 54 -59 -0.2 0.2 0.59856 0.317638 429 148 615 148 406 269 626 273 525 102 0.357566 398 511 3.15425
39.9324 0.477154 0.315147 54 -59 -0.2 0.2 0.59836 0.317838 429 149 615 147 406 269 626 273 525 102 0.357566 398 511 3.12909
39.999 0.477154 0.315147 54 -59 -0.2 0.2 0.59816 0.318038 429 148 615 147 406 269 626 273 525 102 0.357566 398 511 3.14159
40.0657 0.477154 0.315147 41 -59 -0.2 0.2 0.59796 0.318238 429 149 615 147 406 269 626 273 525 102 0.353997 398 511 3.15425
40.1324 0.477154 0.315147 41 -59 -0.2 0.2 0.59776 0.318438 429 149 615 147 406 269 626 273 525 102 0.353997 398 511 3.12909
40.1991 0.477154 0.315147 41 -59 -0.2 0.2 0.59756 0.318638 429 149 615 147 406 269 626 273 525 102 0.353997 398 511 3.15425
40.2657 0.477411 0.315404 42 -62 -0.2 0.2 0.59736 0.318838 429 149 615 148 406 269 626 273 525 102 0.357566 398 511 3.12909
40.3324 0.477411 0.315404 42 -62 -0.2 0.2 0.59716 0.319038 429 149 615 148 406 269 626 273 525 102 0.357566 398 511 3.12909
40.3991 0.477411 0.315404 42 -62 -0.2 0.2 0.59696 0.319238 429 149 615 148 406 269 626 273 525 102 0.357566 398 511 3.12909
40.4657 0.477411 0.315404 31 -59 -0.2 0.2 0.59676 0.319438 429 149 615 148 406 269 626 273 525 102 0.3444 398 511 3.14159
40.5324 0.477411 0.315404 31 -59 -0.2 0.2 0.59656 0.319638 429 149 615 148 406 269 626 273 525 102 0.353997 398 511 3.14159
40.5991 0.477411 0.315404 31 -59 -0.2 0.2 0.59636 0.319838 430 149 615 148 406 269 626 274 525 102 0.350497 398 511 3.15425
40.6657 0.477154 0.316432 18 -64 -0.2 0.2 0.59616 0.320038 429 149 615 148 406 269 626 273 525 102 0.340979 398 511 3.12909
40.7324 0.477154 0.316432 18 -64 -0.2 0.2 0.59596 0.320238 430 149 615 148 406 269 626 273 525 102 0.350497 398 511 3.15425
40.7991 0.477154 0.316432 18 -64 -0.2 0.2 0.59576 0.320438 430 149 616 148 406 269 626 274 525 102 0.340979 398 511 3.15425
40.8658 0.47664 0.316432 11 -71 -0.2 0.2 0.59556 0.320638 430 149 616 148 406 269 627 274 526 102 0.318556 398 511 3.15425
40.9324 0.47664 0.316432 11 -71 -0.2 0.2 0.59536 0.320838 430 149 616 148 406 269 627 274 526 102 0.340979 398 511 3.14159
40.9991 0.47664 0.316432 11 -71 -0.2 0.2 0.59516 0.321038 430 149 616 148 406 269 627 274 526 102 0.340979 398 511 3.12909
41.0657 0.475869 0.316689 11 -70 -0.2 0.2 0.59496 0.321238 431 149 616 148 406 269 627 273 526 103 0.351445 398 511 3.15425
41.1324 0.475869 0.316689 11 -70 -0.2 0.2 0.59476 0.321438 431 149 617 148 406 269 627 273 527 103 0.340979 398 511 3.15425
41.199 0.475869 0.316689 11 -70 -0.2 0.2 0.59456 0.321638 432 149 618 148 406 269 627 274 527 103 0.338143 398 511 3.15425
41.2658 0.475355 0.317717 12 -69 -0.2 0.2 0.59436 0.321838 432 149 618 148 406 269 627 274 527 103 0.367174 398 511 3.15425
41.3324 0.475355 0.317717 12 -69 -0.2 0.2 0.59416 0.322038 432 149 618 148 407 270 628 274 527 103 0.357566 398 511 3.15425
41.3991 0.474327 0.317717 11 -53 -0.2 0.2 0.59396 0.322238 433 149 619 148 408 269 628 274 528 103 0.367174 398 511 3.15425
41.4657 0.474327 0.317717 11 -53 -0.2 0.2 0.59376 0.322438 433 149 619 148 408 269 628 274 529 103 0.318556 398 511 3.15425
41.5324 0.474327 0.317717 11 -53 -0.2 0.2 0.59356 0.322638 434 150 620 148 409 269 629 274 531 103 0.308931 398 511 3.15441
41.5991 0.474327 0.319003 11 -65 -0.2 0.2 0.59336 0.322838 434 150 620 148 409 269 629 274 531 103 0.308931 398 511 3.14159
41.6657 0.474327 0.319003 11 -65 -0.2 0.2 0.59316 0.323038 434 149 620 148 409 269 629 274 531 103 0.308931 398 511 3.15425
41.7324 0.474327 0.319003 11 -65 -0.2 0.2 0.59296 0.323238 435 150 621 148 409 269 629 274 532 103 0.299246 398 511 3.14159
41.799 0.473556 0.319517 14 -69 -0.2 0.2 0.59276 0.323438 435 150 621 148 409 270 630 274 532 103 0.308931 398 511 3.15425
41.8657 0.473556 0.319517 14 -69 -0.2 0.2 0.59256 0.323638 436 150 621 148 409 270 630 274 533 103 0.308931 398 511 3.14159
41.9324 0.473556 0.319517 14 -69 -0.2 0.2 0.59236 0.323838 436 150 621 148 409 270 630 275 533 103 0.308931 398 511 3.15425
41.9991 0.473042 0.319517 9 -68 -0.2 0.2 0.59216 0.324038 437 150 622 148 410 269 630 274 533 103 0.305879 398 511 3.14159
42.0658 0.473042 0.319517 9 -68 -0.2 0.2 0.59196 0.324238 437 150 623 148 410 269 631 274 534 103 0.289504 398 511 3.14159
42.1324 0.473042 0.319517 9 -68 -0.2 0.2 0.59176 0.324438 438 150 624 149 411 269 631 275 534 104 0.308931 398 511 3.14159
42.1991 0.472785 0.320802 11 -63 -0.2 0.2 0.59156 0.324638 439 150 624 149 411 269 631 275 536 103 0.293367 398 511 3.15425
42.2657 0.472785 0.320802 11 -63 -0.2 0.2 0.59136 0.324838 439 150 625 149 411 269 632 275 536 103 0.293367 398 511 3.15425
42.3324 0.472785 0.320802 11 -63 -0.2 0.2 0.59116 0.325038 439 150 625 149 411 270 632 275 536 103 0.276909 398 511 3.15425
42.3991 0.471756 0.320802 12 -54 -0.2 0.2 0.59096 0.325238 440 150 626 149 411 270 632 275 537 104 0.299246 398 511 3.15425
42.4657 0.471756 0.320802 12 -54 -0.2 0.2 0.59076 0.325438 441 150 627 149 412 270 633 275 538 104 0.283794 398 511 3.15425
42.5324 0.471756 0.320802 12 -54 -0.2 0.2 0.59056 0.325638 441 150 627 149 413 270 633 275 538 104 0.282555 398 511 3.14159
42.5991 0.471499 0.32183 -1 -62 -0.2 0.2 0.59036 0.325838 441 150 627 149 413 270 633 275 539 104 0.289504 398 511 3.15425
42.6658 0.471499 0.32183 -1 -62 -0.2 0.2 0.59016 0.326038 442 150 628 149 413 270 633 275 539 104 0.289504 398 511 3.15425
42.7324 0.471499 0.32183 -1 -62 -0.2 0.2 0.58996 0.326238 442 151 628 149 413 270 634 275 540 105 0.269849 398 511 3.15425
42.799 0.470471 0.322858 14 -61 -0.2 0.2 0.58976 0.326438 443 151 629 150 414 270 634 276 541 104 0.257324 398 511 3.15425
42.8657 0.470471 0.322858 14 -61 -0.2 0.2 0.58956 0.326638 444 151 630 150 414 270 635 276 542 104 0.25994 398 511 3.15441
42.9324 0.470214 0.323115 10 -61 -0.2 0.2 0.58936 0.326838 444 151 630 149 414 270 635 276 542 104 0.276909 398 511 3.15441
42.9991 0.470214 0.323115 10 -61 -0.2 0.2 0.58916 0.327038 444 151 630 150 415 270 635 276 543 104 0.25994 398 511 3.15425
43.0657 0.470214 0.323115 10 -61 -0.2 0.2 0.58896 0.327238 445 151 631 150 415 270 635 276 543 105 0.267143 398 511 3.15425
43.1324 0.4697 0.324144 12 -63 -0.2 0.2 0.58876 0.327438 446 151 632 150 415 270 636 276 544 105 0.244979 398 512 3.12909
43.1991 0.4697 0.324144 12 -63 -0.2 0.2 0.58856 0.327638 446 151 632 150 415 270 636 276 544 105 0.257324 398 511 3.15425
43.2657 0.4697 0.324144 12 -63 -0.2 0.2 0.58836 0.327838 446 151 632 150 416 270 636 276 544 105 0.269849 398 511 3.14159
43.3324 0.469186 0.324144 8 -61 -0.2 0.2 0.58816 0.328038 447 151 633 150 416 270 636 276 545 105 0.244979 398 511 3.15425
43.399 0.469186 0.324144 8 -61 -0.2 0.2 0.58796 0.328238 447 151 633 150 416 270 636 276 546 105 0.237535 398 511 3.15425
43.4657 0.469186 0.324144 8 -61 -0.2 0.2 0.58776 0.328438 448 151 634 150 416 270 637 276 547 105 0.244979 398 512 3.12909
43.5324 0.468672 0.324658 2 -63 -0.2 0.2 0.58756 0.328638 448 151 634 150 417 271 637 277 547 105 0.237535 398 511 3.15425
43.5991 0.468672 0.324658 2 -63 -0.2 0.2 0.58736 0.328838 449 152 635 151 417 271 637 276 548 105 0.244979 398 511 3.12909
43.6657 0.468672 0.324658 2 -63 -0.2 0.2 0.58716 0.329038 449 151 635 150 417 271 638 276 548 106 0.239966 398 511 3.14159
43.7324 0.467643 0.325429 9 -61 -0.2 0.2 0.58696 0.329238 449 152 636 151 417 271 638 277 548 106 0.219795 398 511 3.12909
43.7991 0.467643 0.325429 9 -61 -0.2 0.2 0.58676 0.329438 450 152 636 151 418 271 638 277 549 106 0.219795 398 511 3.14159
43.8657 0.467643 0.325429 9 -61 -0.2 0.2 0.58656 0.329638 450 152 636 151 418 271 639 276 549 106 0.219795 398 511 3.12909
43.9324 0.467386 0.325686 9 -63 -0.2 0.2 0.58636 0.329838 451 152 637 151 418 271 639 277 550 106 0.237535 398 511 3.15425
43.999 0.467386 0.325686 9 -63 -0.2 0.2 0.58616 0.330038 452 152 638 151 419 271 639 277 550 106 0.252554 398 511 3.15425
44.0657 0.467386 0.325686 9 -63 -0.2 0.2 0.58596 0.330238 453 152 639 151 419 271 640 278 551 106 0.207496 398 511 3.15425
44.1324 0.466872 0.326971 12 -61 -0.2 0.2 0.58576 0.330438 453 152 639 151 420 271 640 277 553 107 0.225277 398 511 3.15425
44.1991 0.466872 0.326971 12 -61 -0.2 0.2 0.58556 0.330638 453 152 639 151 420 271 640 277 552 106 0.222082 398 511 3.15425
44.2657 0.466872 0.326971 12 -61 -0.2 0.2 0.58536 0.330838 454 153 639 151 420 271 641 277 553 107 0.219795 398 511 3.12909
44.3324 0.466101 0.326714 8 -56 -0.2 0.2 0.58516 0.331038 454 152 640 151 420 271 641 277 553 106 0.207496 398 511 3.15425
44.3991 0.466101 0.326714 8 -56 -0.2 0.2 0.58496 0.331238 455 153 640 151 421 271 641 278 554 107 0.207496 398 511 3.15441
44.4657 0.466101 0.327742 -2 -63 -0.2 0.2 0.584759 0.331438 455 153 641 151 421 271 642 278 554 107 0.237535 398 511 3.15425
44.5324 0.466101 0.327742 -2 -63 -0.2 0.2 0.584559 0.331638 455 153 641 152 421 271 642 278 555 107 0.205395 398 511 3.14159
44.5991 0.466101 0.327742 -2 -63 -0.2 0.2 0.584359 0.331838 456 153 642 152 422 271 642 278 556 107 0.217554 398 511 3.14159
44.6657 0.465073 0.328514 9 -62 -0.2 0.2 0.584159 0.332038 456 153 642 151 421 271 642 278 557 107 0.181649 398 511 3.14159
44.7324 0.465073 0.328514 9 -62 -0.2 0.2 0.583959 0.332238 458 153 644 152 422 271 643 278 558 108 0.195392 398 511 3.12909
44.7991 0.465073 0.328514 9 -62 -0.2 0.2 0.583759 0.332438 458 153 644 152 422 271 643 278 558 108 0.20964 398 511 3.14159
44.8657 0.464816 0.328771 9 -62 -0.2 0.2 0.583559 0.332638 458 153 644 152 422 271 643 278 558 108 0.201528 398 511 3.15425
44.9324 0.464816 0.328771 9 -62 -0.2 0.2 0.583359 0.332838 458 153 644 152 423 271 644 278 559 107 0.173496 398 511 3.15425
44.999 0.464816 0.328771 9 -62 -0.2 0.2 0.583159 0.333038 459 154 645 152 423 271 644 278 559 108 0.195392 398 511 3.15425
45.0657 0.464045 0.329799 10 -60 -0.2 0.2 0.582959 0.333238 460 154 646 152 423 271 644 279 560 108 0.207496 398 511 3.15425
45.1324 0.464045 0.329799 10 -60 -0.2 0.2 0.582759 0.333438 460 154 646 152 424 271 644 278 561 108 0.185348 398 511 3.15425
45.199 0.464045 0.329799 10 -60 -0.2 0.2 0.582559 0.333638 461 154 646 152 424 271 645 279 562 108 0.181649 398 511 3.14159
45.2657 0.463531 0.329799 8 -61 -0.2 0.2 0.582359 0.333838 461 154 647 153 424 271 645 279 562 108 0.175266 398 511 3.14159
45.3324 0.463531 0.329799 8 -61 -0.2 0.2 0.582159 0.334038 461 154 647 153 425 271 645 279 562 108 0.163476 398 511 3.12909
45.3991 0.463531 0.329799 8 -61 -0.2 0.2 0.581959 0.334238 462 154 648 153 425 271 646 279 563 109 0.173496 398 511 3.14159
45.4658 0.463017 0.33057 -1 -64 -0.2 0.2 0.581759 0.334438 462 154 648 153 426 271 646 279 563 109 0.181649 398 511 3.14159
45.5324 0.463017 0.33057 -1 -64 -0.2 0.2 0.581559 0.334638 463 155 649 153 426 272 646 279 564 108 0.173496 398 511 3.15425
45.5991 0.463017 0.33057 -1 -64 -0.2 0.2 0.581359 0.334838 463 155 649 153 426 272 646 279 564 108 0.154997 398 511 3.15425
45.6657 0.462245 0.331084 11 -62 -0.2 0.2 0.581159 0.335038 464 155 650 153 426 272 647 280 565 109 0.154997 398 511 3.15425
45.7324 0.462245 0.331084 11 -62 -0.2 0.2 0.580959 0.335238 465 155 650 153 427 272 647 279 566 109 0.156602 398 511 3.15425
45.799 0.462245 0.331084 11 -62 -0.2 0.2 0.580759 0.335438 465 155 650 154 427 272 647 279 566 109 0.14334 398 511 3.15425
45.8657 0.461731 0.331341 10 -61 -0.2 0.2 0.580559 0.335638 466 155 651 154 427 272 648 279 567 109 0.161837 398 511 3.15425
45.9324 0.461731 0.331341 10 -61 -0.2 0.2 0.580359 0.335838 466 155 652 154 427 272 648 280 567 109 0.154997 398 511 3.10457
45.9991 0.461731 0.331341 10 -61 -0.2 0.2 0.580159 0.336038 467 156 652 154 428 272 648 280 568 110 0.14334 398 511 3.15425
46.0657 0.46096 0.332112 11 -65 -0.2 0.2 0.579959 0.336238 467 156 653 154 428 272 648 280 569 110 0.14334 398 511 3.14159
46.1324 0.46096 0.332112 11 -65 -0.2 0.2 0.579759 0.336438 467 156 653 154 428 272 648 280 569 110 0.14334 398 511 3.14159
46.199 0.460446 0.332369 8 -54 -0.2 0.2 0.579559 0.336638 468 156 654 154 428 272 649 280 569 110 0.14334 398 511 3.15425
46.2657 0.460446 0.332369 8 -54 -0.2 0.2 0.579359 0.336838 468 156 654 154 429 272 649 280 570 110 0.154997 398 511 3.12909
46.3324 0.460446 0.332369 8 -54 -0.2 0.2 0.579159 0.337038 470 156 655 155 430 272 650 280 571 111 0.163476 398 511 3.14159
46.3991 0.459932 0.333398 9 -63 -0.2 0.2 0.578959 0.337238 470 156 656 155 430 272 650 280 572 110 0.123086 398 511 3.14159
46.4657 0.459932 0.333398 9 -63 -0.2 0.2 0.578759 0.337438 470 156 656 155 430 272 650 280 572 110 0.123086 398 511 3.15425
46.5324 0.459932 0.333398 9 -63 -0.2 0.2 0.578559 0.337638 470 156 656 155 430 272 651 280 573 111 0.123086 398 511 3.14159
46.599 0.459161 0.333912 10 -61 -0.2 0.2 0.578359 0.337838 471 157 656 155 431 272 651 280 573 111 0.153424 398 511 3.15425
46.6657 0.459161 0.333912 10 -61 -0.2 0.2 0.578159 0.338038 472 157 657 155 431 272 651 281 574 111 0.154997 398 511 3.15425
46.7324 0.459161 0.333912 10 -61 -0.2 0.2 0.577959 0.338238 472 157 658 155 431 272 651 281 575 111 0.111777 398 511 3.14159
46.799 0.458904 0.334169 9 -60 -0.2 0.2 0.577759 0.338438 472 157 658 155 432 273 651 281 574 111 0.134598 398 511 3.15425
46.8657 0.458904 0.334169 9 -60 -0.2 0.2 0.577559 0.338638 473 157 658 155 432 273 651 281 575 112 0.123086 398 511 3.14159
46.9324 0.458904 0.334169 9 -60 -0.2 0.2 0.577359 0.338838 474 157 659 156 432 273 652 281 576 111 0.123086 398 511 3.15425
46.999 0.458133 0.335454 10 -61 -0.2 0.2 0.577159 0.339038 475 158 660 156 433 273 653 281 577 112 0.0925186 398 511 3.14159
47.0657 0.458133 0.335454 10 -61 -0.2 0.2 0.576959 0.339238 475 158 660 156 433 273 652 282 577 112 0.10273 398 511 3.14159
47.1324 0.458133 0.335454 10 -61 -0.2 0.2 0.576759 0.339438 476 158 661 156 433 273 653 282 578 112 0.101689 398 511 3.14159
47.1991 0.457361 0.335711 9 -58 -0.2 0.2 0.576559 0.339638 476 158 661 156 434 273 653 282 578 112 0.114086 398 511 3.15425
47.2657 0.457361 0.335711 9 -58 -0.2 0.2 0.576359 0.339838 477 158 662 156 434 273 654 282 579 112 0.0944549 398 511 3.15425
47.3324 0.457361 0.335711 9 -58 -0.2 0.2 0.576159 0.340038 477 158 663 156 434 273 654 282 580 113 0.10273 398 511 3.15425
47.3991 0.457104 0.336482 -1 -60 -0.2 0.2 0.575959 0.340238 477 158 663 156 434 273 654 282 580 113 0.10273 398 511 3.15425
47.4657 0.457104 0.336482 -1 -60 -0.2 0.2 0.575759 0.340438 477 158 663 156 434 273 655 282 580 113 0.0944549 398 511 3.14159
47.5324 0.457104 0.336482 -1 -60 -0.2 0.2 0.575559 0.340638 478 159 664 157 434 273 655 283 581 113 0.114086 398 511 3.15425
47.599 0.456333 0.336996 9 -63 -0.2 0.2 0.575359 0.340838 480 159 665 157 434 273 655 283 583 113 0.081452 398 511 3.15425
47.6657 0.456333 0.336996 9 -63 -0.2 0.2 0.575159 0.341038 480 159 665 157 436 274 655 283 583 114 0.10273 398 511 3.14159
47.7324 0.455562 0.337253 7 -63 -0.2 0.2 0.574959 0.341238 480 159 665 157 436 274 656 283 583 114 0.10273 398 511 3.12909
47.7991 0.455562 0.337253 7 -63 -0.2 0.2 0.574759 0.341438 481 159 666 157 436 274 656 283 584 114 0.0735513 398 511 3.15425
47.8657 0.455562 0.337253 7 -63 -0.2 0.2 0.574559 0.341638 481 159 666 157 437 273 656 282 584 114 0.10273 398 511 3.14159
47.9324 0.455048 0.338025 12 -65 -0.2 0.2 0.574359 0.341838 481 160 667 158 437 274 657 283 585 114 0.0934768 398 511 3.14159
47.9991 0.455048 0.338025 12 -65 -0.2 0.2 0.574159 0.342038 482 159 667 158 438 274 657 283 585 114 0.0934768 398 511 3.14159
48.0657 0.455048 0.338025 12 -65 -0.2 0.2 0.573959 0.342238 482 160 667 158 438 274 657 283 585 114 0.0934768 398 511 3.15425
48.1324 0.454791 0.338282 9 -60 -0.2 0.2 0.573759 0.342438 482 160 668 158 438 274 657 283 586 114 0.0735513 398 511 3.15425
48.1991 0.454791 0.338282 9 -60 -0.2 0.2 0.573559 0.342638 483 160 668 158 438 274 658 284 587 114 0.060532 398 511 3.15425
48.2658 0.454791 0.338282 9 -60 -0.2 0.2 0.573359 0.342838 484 160 669 158 438 274 658 284 588 115 0.0515008 398 511 3.15425
48.3324 0.454277 0.339053 0 -67 -0.2 0.2 0.573159 0.343038 484 160 669 158 439 274 658 284 588 115 0.0624188 398 511 3.15425
48.399 0.454277 0.339053 0 -67 -0.2 0.2 0.572959 0.343239 485 160 670 158 439 274 658 283 588 115 0.082288 398 511 3.14159
48.4657 0.454277 0.339053 0 -67 -0.2 0.2 0.572759 0.343439 485 160 670 159 439 274 659 284 588 116 0.0840123 398 511 3.14159
48.5324 0.453506 0.339824 12 -64 -0.2 0.2 0.572559 0.343639 486 161 671 159 440 274 659 284 589 116 0.0637433 398 511 3.14159
48.599 0.453506 0.339824 12 -64 -0.2 0.2 0.572359 0.343839 486 161 671 159 440 274 659 284 590 116 0.0412138 398 511 3.12909
48.6657 0.453506 0.339824 12 -64 -0.2 0.2 0.572159 0.344039 487 161 671 159 440 274 660 285 591 116 0.0624188 398 511 3.15425
48.7324 0.452734 0.340081 9 -63 -0.2 0.2 0.571959 0.344239 487 161 672 159 441 275 660 284 592 116 0.0727878 398 511 3.15425
48.799 0.452734 0.340081 9 -63 -0.2 0.2 0.571759 0.344439 488 161 673 159 441 274 660 284 592 117 0.0637433 398 511 3.15425
48.8657 0.452734 0.340081 9 -63 -0.2 0.2 0.571559 0.344639 489 162 674 159 442 275 661 285 593 116 0.0504622 398 511 3.14159
48.9324 0.45222 0.341109 10 -63 -0.2 0.2 0.571359 0.344839 489 162 674 160 442 275 661 285 594 116 0.0306027 398 512 3.12909
48.9991 0.45222 0.341109 10 -63 -0.2 0.2 0.571159 0.345039 489 161 674 160 442 275 661 285 594 117 0.0509762 398 511 3.14159
49.0657 0.45222 0.341109 10 -63 -0.2 0.2 0.570959 0.345239 489 162 674 160 443 275 661 285 595 116 0.030918 398 511 3.14159
49.1324 0.451449 0.341109 9 -52 -0.2 0.2 0.570759 0.345439 490 162 676 160 442 275 662 285 595 117 0.0102037 398 511 3.15425
49.1996 0.451449 0.341109 9 -52 -0.2 0.2 0.570559 0.345639 491 162 677 161 443 275 662 285 596 118 0.0425275 398 511 3.15425
49.2657 0.451449 0.342394 -1 -59 -0.2 0.2 0.570359 0.345839 492 162 677 161 443 275 662 285 597 118 0.0315685 398 511 3.14159
49.3324 0.451449 0.342394 -1 -59 -0.2 0.2 0.570159 0.346039 492 162 677 161 444 276 662 285 597 118 0.0315685 398 511 3.12909
49.3991 0.451449 0.342394 -1 -59 -0.2 0.2 0.569959 0.346239 492 163 677 161 444 276 663 286 597 118 0.0520363 398 511 3.15425
49.4657 0.450678 0.342909 12 -65 -0.2 0.2 0.569759 0.346439 493 163 677 161 444 275 663 286 597 118 0.0208303 398 511 3.15425
49.5324 0.450678 0.342909 12 -65 -0.2 0.2 0.569559 0.346639 493 163 678 161 445 276 663 286 598 118 0.0520363 398 511 3.15425
49.5991 0.450678 0.342909 12 -65 -0.2 0.2 0.569359 0.346839 493 163 679 161 445 276 663 286 598 119 0.0420804 398 511 3.14159
49.6657 0.449907 0.343166 9 -61 -0.2 0.2 0.569159 0.347039 494 163 679 161 445 276 663 286 599 119 0.0105259 398 511 3.14159
49.7325 0.449907 0.343166 9 -61 -0.2 0.2 0.568959 0.347239 495 163 679 161 445 275 664 286 600 119 0.0208303 398 511 3.15425
49.799 0.449907 0.343166 9 -61 -0.2 0.2 0.568759 0.347439 495 163 680 162 446 276 664 286 600 119 0.0104163 398 511 3.15425
49.8657 0.449393 0.343937 14 -62 -0.2 0.2 0.568559 0.347639 496 164 681 162 446 276 665 286 601 120 0.0420804 398 511 3.15425
49.9324 0.449393 0.343937 14 -62 -0.2 0.2 0.568359 0.347839 496 164 681 162 446 276 665 286 601 120 0.0312398 398 511 3.14159
49.9991 0.449393 0.343937 14 -62 -0.2 0.2 0.568159 0.348039 497 164 682 162 447 276 665 287 602 120 0.0105259 398 511 3.14159
50.0658 0.448879 0.343937 9 -54 -0.2 0.2 0.567959 0.348239 497 164 682 162 447 276 665 287 602 120 0.0315685 398 511 3.14159
50.1324 0.448879 0.343937 9 -54 -0.2 0.2 0.567759 0.348439 498 164 682 162 447 276 666 287 603 120 6.24154 398 511 3.14159
50.199 0.448879 0.343937 9 -54 -0.2 0.2 0.567559 0.348639 498 165 683 163 448 277 666 287 604 120 6.23272 398 511 3.14159
50.2657 0.448622 0.344965 -1 -60 -0.2 0.2 0.567359 0.348839 498 165 683 163 448 276 666 287 605 120 6.2104 398 511 3.14159
50.3324 0.448622 0.344965 -1 -60 -0.2 0.2 0.567159 0.349039 499 165 684 163 448 276 666 287 605 121 6.22204 398 511 3.15425
50.3991 0.448622 0.344965 -1 -60 -0.2 0.2 0.566959 0.349239 500 165 684 163 448 277 666 287 605 121 0.0105259 398 511 3.15425
50.4657 0.447593 0.345479 10 -62 -0.2 0.2 0.566759 0.349439 500 165 685 163 449 277 667 288 606 121 6.2306 398 511 3.15425
50.5324 0.447593 0.345479 10 -62 -0.2 0.2 0.566559 0.349639 501 165 685 163 449 277 667 288 607 121 6.21115 398 511 3.14159
50.5991 0.447593 0.345479 10 -62 -0.2 0.2 0.566359 0.349839 501 165 685 164 449 277 667 288 607 121 6.21115 398 511 3.12909
50.6658 0.447079 0.345736 9 -61 -0.2 0.2 0.566159 0.350039 501 166 686 164 449 277 668 288 608 121 6.2104 398 511 3.15425
50.7324 0.447079 0.345736 9 -61 -0.2 0.2 0.565959 0.350239 502 166 686 164 450 277 669 288 609 121 6.21115 398 511 3.15425
50.799 0.447079 0.345736 9 -61 -0.2 0.2 0.565759 0.350439 503 166 688 164 451 277 669 288 610 122 6.23115 398 511 3.15425
50.8657 0.446822 0.347021 10 -62 -0.2 0.2 0.565559 0.350639 503 166 688 164 451 277 669 288 610 122 6.21115 398 511 3.14159
50.9324 0.446822 0.347021 10 -62 -0.2 0.2 0.565359 0.350839 504 167 688 165 451 277 669 289 610 122 6.20173 398 511 3.12909
50.9991 0.446051 0.347021 6 -52 -0.2 0.2 0.565159 0.351039 504 167 688 164 451 277 669 289 611 122 6.18971 398 511 3.12909
51.0657 0.446051 0.347021 6 -52 -0.2 0.2 0.564959 0.351239 504 167 689 165 451 278 670 289 611 123 6.20004 398 511 3.14159
51.1324 0.446051 0.347021 6 -52 -0.2 0.2 0.564759 0.351439 506 167 690 165 452 278 671 289 612 123 6.18971 398 511 3.14159
51.1991 0.446051 0.347021 6 -52 -0.2 0.2 0.564559 0.351639 506 167 690 165 452 278 671 289 613 123 6.17831 398 511 3.15425
51.2658 0.446051 0.347021 6 -52 -0.2 0.2 0.564359 0.351839 506 168 690 165 452 278 671 289 613 122 6.18971 398 511 3.15425
51.3324 0.446051 0.347021 6 -52 -0.2 0.2 0.564159 0.352039 506 168 691 165 453 278 670 290 613 123 6.19067 398 511 3.14159
51.3991 0.445537 0.347793 9 -62 -0.2 0.2 0.563959 0.352239 507 168 691 166 453 278 671 290 614 123 6.18046 398 511 3.14159
51.4657 0.445537 0.347793 9 -62 0 0 0.563959 0.352239 507 168 691 166 454 278 671 290 614 123 6.17027 398 511 3.12909
51.5324 0.445537 0.347793 9 -62 0 0 0.563959 0.352239 507 168 691 166 454 278 671 290 614 123 6.17027 398 511 3.15425
51.599 0.444509 0.348821 6 -62 0 0 0.563959 0.352239 507 168 692 166 454 278 671 290 615 124 6.1815 398 511 3.15425
51.6657 0.444509 0.348821 6 -62 0 0 0.563959 0.352239 508 168 692 166 454 278 672 290 615 123 6.19067 398 511 3.15425
51.7324 0.444509 0.348821 6 -62 0 0 0.563959 0.352239 508 168 693 166 454 278 672 290 615 124 6.18773 398 511 3.15425
51.7991 0.444252 0.349592 9 -59 0 0 0.563959 0.352239 509 169 694 166 454 278 673 290 617 124 6.17141 398 511 3.12909
51.8657 0.444252 0.349592 9 -59 0 0 0.563959 0.352239 509 169 694 166 454 278 672 290 616 125 6.19067 398 511 3.14159
51.9324 0.444252 0.349592 9 -59 0 0 0.563959 0.352239 509 169 693 167 455 278 672 291 617 125 6.15883 398 512 3.12909
51.9991 0.443738 0.349592 8 -53 0 0 0.563959 0.352239 510 169 694 167 455 278 673 291 618 125 6.15883 398 511 3.15425
52.0657 0.443738 0.349592 8 -53 0 0 0.563959 0.352239 511 169 695 167 456 279 673 291 618 126 6.1772 398 511 3.14159
52.1324 0.443738 0.349592 8 -53 0 0 0.563959 0.352239 511 170 695 167 456 279 673 291 619 125 6.1691 398 511 3.15425
52.199 0.44348 0.350106 12 -62 0 0 0.563959 0.352239 511 170 695 167 456 279 673 291 619 125 6.15883 398 511 3.15425
52.2657 0.44348 0.350106 12 -62 0 0 0.563959 0.352239 511 170 695 167 456 279 673 291 619 125 6.14719 398 511 3.18053
52.3324 0.44348 0.350106 12 -62 0 0 0.563959 0.352239 511 170 695 167 456 279 673 291 619 125 6.15883 398 511 3.15425
52.3991 0.443223 0.350106 11 -62 0 0 0.563959 0.352239 511 170 695 167 456 279 673 291 619 125 6.15883 398 511 3.14159
52.4657 0.443223 0.350106 11 -62 0 0 0.563959 0.352239 511 170 695 167 456 279 673 291 619 125 6.15883 398 511 3.14159
52.5324 0.44348 0.350106 13 -61 0 0 0.563959 0.352239 511 170 695 167 456 279 673 291 619 125 6.15883 398 511 3.12909
52.599 0.44348 0.350106 13 -61 0 0 0.563959 0.352239 511 170 695 167 456 279 673 291 619 125 6.15883 398 511 3.14159
52.6657 0.44348 0.350106 13 -61 0 0 0.563959 0.352239 511 170 695 167 456 279 673 291 619 125 6.15883 398 511 3.12909
52.7325 0.443223 0.350106 11 -62 0 0 0.563959 0.352239 511 170 695 167 456 279 673 291 619 125 6.15883 398 511 3.14159
52.7991 0.443223 0.350106 11 -62 0 0 0.563959 0.352239 511 170 695 167 456 279 673 291 619 125 6.15883 398 511 3.15425
52.8657 0.443223 0.350106 11 -62 0 0 0.563959 0.352239 511 170 695 167 456 279 673 291 619 125 6.15883 398 511 3.15425
52.9324 0.443223 0.350106 12 -62 0 0 0.563959 0.352239 511 170 695 167 456 279 673 291 619 125 6.15883 398 511 3.14159
52.9991 0.443223 0.350106 12 -62 0 0 0.563959 0.352239 511 170 695 167 456 279 673 291 619 125 6.15883 398 511 3.14159
53.0657 0.443223 0.350106 12 -62 0 0 0.563959 0.352239 511 170 695 167 456 279 673 291 619 125 6.15883 398 511 3.14159
53.1324 0.44348 0.350106 12 -62 0 0 0.563959 0.352239 511 170 695 167 456 279 673 291 619 125 6.15883 398 511 3.14159
53.199 0.44348 0.350106 12 -62 0 0 0.563959 0.352239 511 170 695 167 456 279 673 291 619 125 6.15883 398 511 3.15425
53.2657 0.44348 0.350106 12 -62 0 0 0.563959 0.352239 511 170 695 167 456 279 673 291 619 125 6.15883 398 511 3.14159
53.3324 0.443223 0.350106 13 -62 0 0 0.563959 0.352239 511 170 695 167 456 279 673 291 619 125 6.15883 398 511 3.15425
53.3991 0.443223 0.350106 13 -62 0 0 0.563959 0.352239 511 170 695 167 456 279 673 291 619 125 6.15883 398 511 3.14159
53.4657 0.443223 0.350106 13 -62 0 0 0.563959 0.352239 511 170 695 167 456 279 673 291 619 125 6.15883 398 511 3.14159
53.5324 0.44348 0.350363 14 -60 0 0 0.563959 0.352239 511 170 695 167 456 279 673 291 619 125 6.15883 398 511 3.12909
53.5991 0.44348 0.350363 14 -60 0 0 0.563959 0.352239 511 170 695 167 456 279 673 291 619 125 6.15883 398 511 3.12909
53.6657 0.44348 0.350363 14 -60 0 0 0.563959 0.352239 511 170 695 167 456 279 673 291 619 125 6.15883 398 511 3.14159
53.7324 0.443223 0.350106 12 -62 0 0 0.563959 0.352239 511 170 695 167 456 279 673 291 619 125 6.15883 398 511 3.14159
53.799 0.443223 0.350106 12 -62 0 0 0.563959 0.352239 511 170 695 167 456 279 673 291 619 125 6.14719 398 511 3.14159
53.8659 0.443223 0.350106 12 -62 0 0 0.563959 0.352239 511 170 695 167 456 279 673 291 619 125 6.15883 398 511 3.15425
53.9324 0.443223 0.350363 12 -62 0 0 0.563959 0.352239 511 170 695 167 456 279 673 291 619 125 6.15883 398 511 3.15425
53.999 0.443223 0.350363 12 -62 0 0 0.563959 0.352239 511 170 695 167 456 279 673 291 619 125 6.14719 398 511 3.12909
54.066 0.443223 0.350106 11 -62 0 0 0.563959 0.352239 511 170 695 167 456 279 673 291 619 125 6.15883 398 511 3.12909
54.1324 0.443223 0.350106 11 -62 0 0 0.563959 0.352239 511 170 695 167 456 279 673 291 619 125 6.15883 398 511 3.14159
54.1991 0.443223 0.350106 11 -62 0 0 0.563959 0.352239 511 170 695 167 456 279 673 291 619 125 6.15883 398 511 3.12909
54.2657 0.443223 0.350106 14 -61 0 0 0.563959 0.352239 511 170 695 167 456 279 673 291 619 125 6.14719 398 512 3.1166
54.3324 0.443223 0.350106 14 -61 0 0 0.563959 0.352239 511 170 695 167 456 279 673 291 619 125 6.15883 398 511 3.12909
54.3991 0.443223 0.350106 14 -61 0 0 0.563959 0.352239 511 170 695 167 456 279 673 291 619 125 6.15883 398 511 3.15425
54.4657 0.44348 0.350106 15 -61 0 0 0.563959 0.352239 511 170 695 167 456 279 673 291 619 125 6.15883 398 511 3.14159
54.5324 0.44348 0.350106 15 -61 0 0 0.563959 0.352239 511 170 695 167 456 279 673 291 619 125 6.15883 398 511 3.12909
54.5991 0.44348 0.350106 15 -61 0 0 0.563959 0.352239 511 170 695 167 456 279 673 291 619 125 6.15883 398 511 3.15425
54.6657 0.443223 0.350106 13 -62 0 0 0.563959 0.352239 511 170 695 167 456 279 673 291 619 125 6.15883 398 511 3.15425
54.7324 0.443223 0.350106 13 -62 0 0 0.563959 0.352239 511 170 695 167 456 279 673 291 619 125 6.15883 398 511 3.14159
54.7991 0.443223 0.350106 13 -62 0 0 0.563959 0.352239 511 170 695 167 456 279 673 291 619 125 6.15883 398 511 3.12909
54.8657 0.443223 0.350106 12 -61 0 0 0.563959 0.352239 511 170 695 167 456 279 673 291 619 125 6.15883 398 511 3.14159
54.9324 0.443223 0.350106 12 -61 0 0 0.563959 0.352239 511 170 695 167 456 279 673 291 619 125 6.15883 398 511 3.14159
54.999 0.443223 0.350106 12 -61 0 0 0.563959 0.352239 511 170 695 167 456 279 673 291 619 125 6.15883 398 511 3.14159
55.0657 0.443223 0.350363 13 -62 0 0 0.563959 0.352239 511 170 695 167 456 279 673 291 619 125 6.15883 398 511 3.14159
55.1324 0.443223 0.350363 13 -62 0 0 0.563959 0.352239 511 170 695 167 456 279 673 291 619 125 6.14719 398 511 3.15425
55.199 0.443223 0.350363 13 -62 0 0 0.563959 0.352239 511 170 695 167 456 279 673 291 619 125 6.15883 398 511 3.15425
55.2657 0.443223 0.350106 14 -62 0 0 0.563959 0.352239 511 170 695 167 456 279 673 291 619 125 6.15883 398 511 3.14159
55.3324 0.443223 0.350106 14 -62 0 0 0.563959 0.352239 511 170 695 167 456 279 673 291 619 125 6.15883 398 511 3.12909
55.3991 0.443223 0.350106 14 -62 0 0 0.563959 0.352239 511 170 695 167 456 279 673 291 619 125 6.15883 398 511 3.14159
55.4657 0.443223 0.350106 13 -62 0 0 0.563959 0.352239 511 170 695 167 456 279 673 291 619 125 6.15883 398 511 3.15425
55.5324 0.443223 0.350106 13 -62 0 0 0.563959 0.352239 511 170 695 167 456 279 673 291 619 125 6.15883 398 511 3.14159
55.5991 0.443223 0.350363 11 -62 0 0 0.563959 0.352239 511 170 695 167 456 279 673 291 619 125 6.15883 398 511 3.14159
55.6657 0.443223 0.350363 11 -62 0 0 0.563959 0.352239 511 170 695 167 456 279 673 291 619 125 6.15883 398 511 3.12909
55.7324 0.443223 0.350363 11 -62 0 0 0.563959 0.352239 511 170 695 167 456 279 673 291 619 125 6.15883 398 511 3.12909
55.799 0.443223 0.350106 10 -62 0 0 0.563959 0.352239 511 170 695 167 456 279 673 291 619 125 6.15883 398 511 3.15425
55.8657 0.443223 0.350106 10 -62 0 0 0.563959 0.352239 511 170 695 167 456 279 673 291 619 125 6.15883 398 511 3.14159
55.9324 0.443223 0.350106 10 -62 0 0 0.563959 0.352239 511 170 695 167 456 279 673 291 619 125 6.15883 398 511 3.14159
55.9991 0.443223 0.350106 14 -62 0 0 0.563959 0.352239 511 170 695 167 456 279 673 291 619 125 6.15883 398 511 3.14159
56.0657 0.443223 0.350106 14 -62 0 0 0.563959 0.352239 511 170 695 167 456 279 673 291 619 125 6.15883 398 511 3.15425
56.1324 0.443223 0.350106 14 -62 0 0 0.563959 0.352239 511 170 695 167 456 279 673 291 619 125 6.15883 398 511 3.12909
56.1991 0.443223 0.350106 11 -61 0 0.4 0.563959 0.352639 511 170 695 167 456 279 673 291 619 125 6.15883 398 511 3.12909
56.2657 0.443223 0.350106 11 -61 0 0.4 0.563959 0.353039 511 170 695 167 456 279 673 291 619 125 6.15883 398 512 3.12909
56.3324 0.443223 0.350106 11 -61 0 0.4 0.563959 0.353439 511 170 695 167 456 279 673 291 619 125 6.15883 398 511 3.14159
56.4 0.443223 0.350106 14 -62 0 0.4 0.563959 0.353839 511 170 695 167 456 279 673 291 619 125 6.15883 398 511 3.14159
56.4657 0.443223 0.350106 14 -62 0 0.4 0.563959 0.354239 511 170 695 167 456 279 673 291 619 125 6.14719 398 511 3.14159
56.5324 0.443223 0.350106 14 -62 0 0.4 0.563959 0.354639 511 170 695 167 456 279 673 291 619 125 6.15883 398 511 3.14159
56.5991 0.44348 0.350106 11 -61 0 0.4 0.563959 0.355039 511 170 695 167 456 279 673 291 619 125 6.15883 398 511 3.14159
56.6657 0.44348 0.350106 11 -61 0 0.4 0.563959 0.355439 511 170 695 167 456 279 673 291 619 125 6.15883 398 511 3.12909
56.7324 0.44348 0.350106 11 -61 0 0.4 0.563959 0.355839 511 170 695 167 456 279 673 291 619 125 6.15883 398 511 3.14159
56.799 0.443223 0.350106 13 -54 0 0.4 0.563959 0.356239 511 170 695 167 456 279 673 291 619 125 6.15883 398 511 3.15425
56.8657 0.443223 0.350106 13 -54 0 0.4 0.563959 0.356639 512 170 695 167 457 279 674 291 619 125 6.14859 398 511 3.15425
56.9324 0.443223 0.350106 13 -54 0 0.4 0.563959 0.357039 513 170 697 168 456 279 674 291 620 126 6.14996 398 511 3.15425
56.9991 0.443223 0.351905 13 -65 0 0.4 0.563959 0.357439 513 170 696 168 456 279 674 291 620 127 6.17831 398 511 3.14159
57.0657 0.443223 0.351905 13 -65 0 0.4 0.563959 0.357839 513 170 697 168 456 279 674 291 620 126 6.18773 398 511 3.15425
57.1324 0.443223 0.351905 13 -65 0 0.4 0.563959 0.358239 513 170 696 168 456 279 674 291 620 126 6.17831 398 512 3.12909
57.199 0.443223 0.352934 13 -74 0 0.4 0.563959 0.358639 513 171 697 168 457 280 675 292 621 127 6.1601 398 512 3.12909
57.2657 0.443223 0.352934 13 -74 0 0.4 0.563959 0.359039 514 171 698 168 457 280 675 292 621 127 6.13985 398 511 3.15441
57.3324 0.443223 0.353448 13 -75 0 0.4 0.563959 0.359439 514 171 698 168 457 279 675 291 621 127 6.16791 398 511 3.15441
57.399 0.443223 0.353448 13 -75 0 0.4 0.563959 0.359839 514 171 698 168 457 280 675 292 621 127 6.16791 398 511 3.15441
57.4657 0.443223 0.353448 13 -75 0 0.4 0.563959 0.360239 514 171 698 168 457 279 675 292 621 127 6.16545 398 511 3.15425
57.5324 0.443223 0.35499 14 -83 0 0.4 0.563959 0.360639 514 171 699 169 457 280 675 292 623 127 6.11804 398 511 3.15425
57.5991 0.443223 0.35499 14 -83 0 0.4 0.563959 0.361039 514 171 699 169 457 280 675 292 622 127 6.12658 398 511 3.14159
57.6657 0.443223 0.35499 14 -83 0 0.4 0.563959 0.361439 515 171 699 169 457 280 675 292 623 127 6.12658 398 512 3.12909
57.7324 0.443223 0.35499 15 -74 0 0.4 0.563959 0.361839 515 171 699 169 457 280 675 292 623 127 6.12658 398 511 3.15425
57.799 0.443223 0.35499 15 -74 0 0.4 0.563959 0.362239 515 171 699 169 457 280 675 292 623 127 6.12658 398 511 3.15441
57.8657 0.443223 0.35499 15 -74 0 0.4 0.563959 0.362639 515 172 699 169 457 280 676 292 623 127 6.12976 398 511 3.15441
57.9324 0.443223 0.356275 14 -88 0 0.4 0.563959 0.363039 515 172 699 168 457 280 676 292 624 128 6.10611 398 511 3.15441
57.9991 0.443223 0.356275 14 -88 0 0.4 0.563959 0.363439 515 172 700 169 457 280 676 292 623 129 6.13377 397 512 3.12894
58.0657 0.443223 0.356275 14 -88 0 0.4 0.563959 0.363839 515 172 699 169 457 280 676 292 623 128 6.13217 398 511 3.15425
58.1324 0.443223 0.357561 14 -90 0 0.4 0.563959 0.364239 515 172 699 169 458 280 676 292 623 128 6.13837 398 511 3.15441
58.1991 0.443223 0.357561 14 -90 0 0.4 0.563959 0.364639 516 172 700 169 458 280 676 292 625 129 6.11459 397 512 3.12894
58.2658 0.443223 0.357561 14 -90 0 0.4 0.563959 0.365039 516 172 700 169 458 280 676 292 624 129 6.12327 397 512 3.12894
58.3324 0.443223 0.358075 15 -91 0 0.4 0.563959 0.365439 516 172 700 170 457 280 676 292 624 129 6.12327 397 512 3.12894
58.3991 0.443223 0.358075 15 -91 0 0.4 0.563959 0.365839 516 172 701 170 457 280 676 292 624 129 6.12327 398 511 3.15425
58.4657 0.443223 0.358075 15 -91 0 0.4 0.563959 0.366239 516 172 701 170 458 280 677 293 625 129 6.11459 397 512 3.12894
58.5324 0.443223 0.359617 15 -99 0 0.4 0.563959 0.366639 516 172 701 170 458 280 677 293 625 130 6.13534 398 511 3.15425
58.6019 0.443223 0.359617 15 -99 0 0.4 0.563959 0.367039 517 173 701 170 458 280 677 293 625 129 6.12658 397 512 3.12894
58.6657 0.443223 0.359617 15 -99 0 0.4 0.563959 0.367439 517 173 701 170 458 280 677 293 625 129 6.12658 398 511 3.15425
58.7324 0.443223 0.359617 14 -94 0 0.4 0.563959 0.367839 517 173 701 169 458 280 677 293 626 129 6.10611 398 511 3.15441
58.7991 0.443223 0.359617 14 -94 0 0.4 0.563959 0.368239 517 173 702 170 458 280 677 293 626 130 6.10611 397 512 3.12894
58.8657 0.443223 0.361673 16 -99 0 0.4 0.563959 0.368639 517 173 702 170 457 280 677 293 627 130 6.07355 397 512 3.12894
58.9324 0.443223 0.361673 16 -99 0 0.4 0.563959 0.369039 517 173 702 170 458 280 677 293 627 130 6.07355 397 512 3.12894
58.9991 0.443223 0.361673 16 -99 0 0.4 0.563959 0.369439 517 173 702 170 458 280 677 293 627 130 6.092 398 511 3.15441
59.0657 0.443223 0.362959 15 -103 0 0.4 0.563959 0.369839 517 173 702 170 458 280 677 293 627 130 6.092 397 512 3.12894
59.1324 0.443223 0.362959 15 -103 0 0.4 0.563959 0.370239 518 174 702 171 458 280 678 294 627 130 6.06563 398 511 3.15441
59.199 0.443223 0.362959 15 -103 0 0.4 0.563959 0.370639 518 174 703 171 458 280 678 293 628 131 6.05562 398 511 3.15441
59.2657 0.443223 0.36373 15 -99 0 0.4 0.563959 0.371039 518 174 703 171 457 280 678 293 628 132 6.07355 398 511 3.15441
59.3324 0.443223 0.36373 15 -99 0 0.4 0.563959 0.371439 518 174 703 170 457 280 678 293 628 131 6.08166 397 512 3.12894
59.3991 0.443223 0.36373 15 -99 0 0.4 0.563959 0.371839 519 174 703 170 457 280 678 293 628 131 6.05562 397 512 3.12894
59.4657 0.443223 0.365015 15 -102 0 0.4 0.563959 0.372239 519 174 704 171 458 280 678 293 629 132 6.05562 398 511 3.15441
59.5324 0.443223 0.365015 15 -102 0 0.4 0.563959 0.372639 519 175 704 171 458 280 678 294 628 132 6.07569 398 512 3.12909
59.5991 0.443223 0.365015 15 -102 0 0.4 0.563959 0.373039 519 175 704 171 458 280 678 293 629 132 6.07355 397 512 3.12894
59.6657 0.443223 0.365015 15 -95 0 0.4 0.563959 0.373439 519 175 704 171 457 280 678 294 629 132 6.05562 398 511 3.15441
59.7324 0.443223 0.365015 15 -95 0 0.4 0.563959 0.373839 519 175 704 171 457 280 678 294 629 132 6.05562 397 512 3.12894
59.799 0.443223 0.365015 15 -95 0 0.4 0.563959 0.374239 520 175 705 171 457 280 679 294 630 133 6.0509 397 512 3.12894
59.8657 0.443223 0.367586 21 -101 0 0.4 0.563959 0.374639 520 176 705 172 457 280 679 294 630 132 6.04074 397 512 3.12894
59.9324 0.443223 0.367586 21 -101 0 0.4 0.563959 0.375039 520 176 705 171 457 280 679 294 631 133 6.04803 397 512 3.12894
59.9991 0.443223 0.367586 21 -101 0 0.4 0.563959 0.375439 520 175 705 171 457 280 679 294 631 132 6.04322 398 512 3.14159
60.0657 0.443223 0.368871 16 -109 0 0.4 0.563959 0.375839 520 176 705 171 457 280 679 294 630 134 6.05562 398 511 3.15441
60.1324 0.443223 0.368871 16 -109 0 0.4 0.563959 0.376239 521 176 706 172 457 280 679 294 631 134 6.04074 397 512 3.12894
60.1991 0.443223 0.368871 16 -109 0 0.4 0.563959 0.376639 521 176 706 172 457 280 679 294 631 134 6.04074 397 512 3.12894
60.2657 0.443223 0.369385 16 -107 0 0.4 0.563959 0.377039 521 176 706 172 457 280 679 294 631 134 6.03573 397 512 3.12894
60.3324 0.443223 0.369385 16 -107 0 0.4 0.563959 0.377439 521 176 706 172 457 280 679 294 632 134 6.02325 397 512 3.12894
60.3991 0.443223 0.371184 16 -99 0 0.4 0.563959 0.377839 521 176 706 172 457 280 680 295 632 134 6.02058 397 512 3.12894
60.4657 0.443223 0.371184 16 -99 0 0.4 0.563959 0.378239 521 177 707 172 457 280 680 295 632 135 6.01507 398 512 3.14159
60.5324 0.443223 0.371184 16 -99 0 0.4 0.563959 0.378639 522 177 707 172 457 280 680 295 633 135 5.99772 398 512 3.14159
60.5991 0.443223 0.371184 16 -95 0 0.4 0.563959 0.379039 522 177 707 172 457 280 680 295 632 135 6.01507 397 512 3.12894
60.6657 0.443223 0.371184 16 -95 0 0.4 0.563959 0.379439 522 177 707 173 457 280 680 295 633 135 6.00348 397 512 3.12894
60.7324 0.443223 0.371184 16 -95 0 0.4 0.563959 0.379839 522 177 707 173 457 280 680 295 633 135 6.00348 398 511 3.15441
60.7991 0.443223 0.372984 16 -102 0 0.4 0.563959 0.380239 522 177 708 172 457 280 681 295 634 136 5.99772 398 511 3.15441
60.8657 0.443223 0.372984 16 -102 0 0.4 0.563959 0.380639 523 177 708 173 457 280 681 295 634 137 6.028 397 512 3.12894
60.9324 0.443223 0.372984 16 -102 0 0.4 0.563959 0.381039 523 177 708 173 457 280 680 295 633 136 6.01507 397 512 3.12894
60.999 0.443223 0.374269 16 -112 0 0.4 0.563959 0.381439 522 178 708 173 457 280 681 295 633 136 6.01507 398 512 3.19283
61.0657 0.443223 0.374269 16 -112 0 0.4 0.563959 0.381839 523 178 708 173 457 280 681 295 634 136 6.01058 397 512 3.12894
61.1324 0.443223 0.374269 16 -112 0 0.4 0.563959 0.382239 523 178 708 173 457 280 681 295 634 137 5.99476 397 512 3.12894
61.1991 0.443223 0.374526 16 -112 0 0.4 0.563959 0.382639 523 178 708 173 457 280 681 295 635 137 5.99476 398 511 3.15441
61.2657 0.443223 0.374526 16 -112 0 0.4 0.563959 0.383039 523 178 709 173 457 280 681 295 635 136 5.98091 398 511 3.15441
61.3324 0.443223 0.374526 16 -112 0 0.4 0.563959 0.383439 523 178 709 173 457 280 681 295 635 137 5.99476 397 512 3.12894
61.3991 0.443223 0.376068 16 -114 0 0.4 0.563959 0.383839 523 179 709 173 457 280 681 295 635 138 5.96143 397 512 3.12894
61.4657 0.443223 0.376068 16 -114 0 0.4 0.563959 0.384239 523 179 710 174 457 280 682 295 635 138 5.99476 397 512 3.12894
61.5324 0.443223 0.376068 16 -114 0 0.4 0.563959 0.384639 524 179 710 174 457 280 682 295 635 138 5.98157 397 512 3.12894
61.599 0.443223 0.376325 16 -104 0 0.4 0.563959 0.385039 524 179 710 174 457 280 681 296 635 138 5.98157 397 512 3.12894
61.6657 0.443223 0.376325 16 -104 0 0.4 0.563959 0.385439 524 179 710 173 457 280 682 296 635 138 5.96819 397 512 3.12894
61.7324 0.443223 0.376325 16 -104 0 0.4 0.563959 0.385839 525 179 710 173 457 280 682 296 636 138 5.93174 398 511 3.15441
61.7991 0.443223 0.378382 16 -112 0 0.4 0.563959 0.386239 524 179 710 174 457 280 682 296 636 139 5.94504 397 512 3.12894
61.8657 0.443223 0.378382 16 -112 0 0.4 0.563959 0.386639 524 180 711 174 457 280 682 296 636 139 5.96143 397 512 3.12894
61.9324 0.443223 0.378382 16 -112 0 0.4 0.563959 0.387039 525 179 710 174 457 280 682 296 636 139 5.96143 397 512 3.14159
61.999 0.443223 0.379667 16 -123 0 0.4 0.563959 0.387439 525 180 711 174 457 280 682 296 637 139 5.90647 398 512 3.19283
62.0657 0.443223 0.379667 16 -123 0 0.4 0.563959 0.387839 525 180 711 174 457 280 683 296 637 139 5.90647 398 512 3.15409
62.1324 0.443223 0.380181 16 -121 0 0.4 0.563959 0.388239 525 180 711 174 457 280 683 296 638 139 5.91229 397 512 3.12894
62.199 0.443223 0.380181 16 -121 0 0.4 0.563959 0.388639 525 180 711 174 457 280 683 296 638 139 5.91229 397 512 3.12894
62.2657 0.443223 0.380181 16 -121 0 0.4 0.563959 0.389039 525 180 711 174 457 280 683 296 638 139 5.89881 397 512 3.12894
62.3324 0.443223 0.381981 19 -123 0 0.4 0.563959 0.389439 526 181 712 174 457 280 683 296 638 140 5.91229 397 512 3.12894
62.3991 0.443223 0.381981 19 -123 0 0.4 0.563959 0.389839 526 181 712 174 457 280 683 297 638 140 5.92441 397 512 3.12894
62.4657 0.443223 0.381981 19 -123 0 0.4 0.563959 0.390239 526 181 712 175 457 280 683 297 639 140 5.89487 397 512 3.12894
62.5324 0.442966 0.382495 25 -128 0 0.4 0.563959 0.390639 526 181 712 175 457 280 683 297 639 140 5.88517 397 512 3.12894
62.5991 0.442966 0.382495 25 -128 0 0.4 0.563959 0.391039 526 181 713 175 457 280 683 297 639 140 5.88919 398 512 3.15409
62.6657 0.442966 0.382495 25 -128 0 0.4 0.563959 0.391439 526 181 713 175 457 280 683 297 639 141 5.85656 397 512 3.12894
62.7324 0.443223 0.383266 24 -136 0 0.4 0.563959 0.391839 526 181 713 175 457 280 683 297 639 141 5.88107 397 512 3.12894
62.799 0.443223 0.383266 24 -136 0 0.4 0.563959 0.392239 527 181 713 175 457 280 683 297 639 141 5.88107 398 512 3.19283
62.8657 0.443223 0.383266 24 -136 0 0.4 0.563959 0.392639 526 181 713 175 457 280 684 297 640 141 5.87428 398 512 3.19283
62.9324 0.443223 0.384808 31 -130 0 0.4 0.563959 0.393039 527 182 713 175 457 280 684 297 640 141 5.88919 397 512 3.12909
62.9991 0.443223 0.384808 31 -130 0 0.4 0.563959 0.393439 527 182 714 175 457 280 684 298 640 142 5.88107 398 512 3.15409
63.0657 0.443223 0.384808 31 -130 0 0.4 0.563959 0.393839 527 182 714 176 457 280 684 297 640 142 5.85656 398 512 3.18004
63.1324 0.443223 0.385579 29 -130 0 0.4 0.563959 0.394239 527 182 714 176 457 280 684 298 640 142 5.85656 398 512 3.19283
63.1991 0.443223 0.385579 29 -130 0 0.4 0.563959 0.394639 527 182 714 176 457 280 684 297 640 143 5.88107 398 512 3.15409
63.2657 0.443223 0.385579 29 -130 0 0.4 0.563959 0.395039 528 182 714 176 457 280 685 298 641 143 5.84226 398 512 3.19283
63.3324 0.443223 0.386865 28 -134 0 0.4 0.563959 0.395439 528 183 715 176 457 280 684 298 641 143 5.87689 398 512 3.15409
63.399 0.443223 0.386865 28 -134 0 0.4 0.563959 0.395839 528 183 715 176 457 280 684 298 641 144 5.86712 398 512 3.15409
63.4657 0.443223 0.386865 28 -134 0 0.4 0.563959 0.396239 528 183 715 176 457 280 684 298 642 142 5.82867 397 512 3.12894
63.5325 0.443223 0.387122 31 -121 0 0.4 0.563959 0.396639 528 183 715 176 457 280 684 298 642 143 5.83831 398 512 3.18004
63.599 0.443223 0.387122 31 -121 0 0.4 0.563959 0.397039 529 184 715 176 457 280 685 298 642 144 5.85743 397 512 3.14159
63.6657 0.442966 0.389178 31 -130 0 0.4 0.563959 0.397439 529 183 716 176 457 280 685 298 643 143 5.82867 397 512 3.14159
63.7324 0.442966 0.389178 31 -130 0 0.4 0.563959 0.397839 529 183 716 176 457 280 685 298 643 145 5.82888 398 512 3.18004
63.799 0.442966 0.389178 31 -130 0 0.4 0.563959 0.398239 529 184 716 176 457 280 686 298 642 144 5.82415 398 512 3.15409
63.8657 0.442966 0.390463 26 -130 0 0.4 0.563959 0.398639 529 184 716 177 457 280 686 298 643 145 5.83831 398 512 3.15409
63.9324 0.442966 0.390463 26 -130 0 0.4 0.563959 0.399039 529 185 717 177 457 280 686 298 643 146 5.81495 398 512 3.15409
63.9991 0.442966 0.390463 26 -130 0 0.4 0.563959 0.399439 530 184 717 177 457 280 686 298 643 146 5.82425 398 512 3.15409
64.0657 0.442966 0.391234 21 -129 0 0.4 0.563959 0.399839 530 185 717 177 457 280 686 299 643 146 5.82425 398 512 3.15409
64.1324 0.442966 0.391234 21 -129 0 0.4 0.563959 0.400239 530 185 717 177 457 280 686 299 644 146 5.78714 398 512 3.18004
64.1991 0.442966 0.391234 21 -129 0 0.4 0.563959 0.400639 530 185 717 177 457 280 686 299 644 146 5.78714 398 512 3.18004
64.2657 0.442966 0.39252 32 -132 0 0.4 0.563959 0.401039 531 186 718 177 457 280 686 299 644 145 5.77306 398 512 3.18004
64.3324 0.442966 0.39252 32 -132 0 0.4 0.563959 0.401439 531 186 718 177 457 280 687 299 644 147 5.82425 397 512 3.12909
64.399 0.442966 0.39252 32 -132 0 0.4 0.563959 0.401839 531 186 718 177 457 280 687 299 645 146 5.77809 397 512 3.14159
64.4657 0.442966 0.392777 30 -123 0 0.4 0.563959 0.40224 531 186 718 177 457 280 687 299 645 147 5.78217 398 512 3.15409
64.5324 0.442966 0.392777 30 -123 0 0.4 0.563959 0.40264 531 186 718 177 457 280 687 299 645 146 5.79138 398 512 3.18004
64.599 0.442966 0.392777 30 -123 0 0.4 0.563959 0.40304 532 187 719 178 457 280 687 299 646 148 5.75511 397 512 3.14159
64.6657 0.442966 0.39509 35 -128 0 0.4 0.563959 0.40344 531 187 719 178 456 280 687 299 646 148 5.77306 398 512 3.15409
64.7324 0.442966 0.39509 35 -128 0 0.4 0.563959 0.40384 531 187 719 178 457 280 688 299 646 148 5.77306 397 512 3.14159
64.799 0.442966 0.39509 35 -128 0 0.4 0.563959 0.40424 531 187 719 178 457 280 688 299 646 147 5.75511 397 512 3.14159
64.8657 0.442966 0.396376 29 -139 0 0.4 0.563959 0.40464 532 187 719 178 457 280 687 300 646 149 5.77711 398 512 3.18004
64.9324 0.442966 0.396376 29 -139 0 0.4 0.563959 0.40504 532 187 720 178 457 280 687 300 647 150 5.78128 398 512 3.18004
64.9991 0.442966 0.396376 29 -139 0 0.4 0.563959 0.40544 532 187 720 178 457 280 687 300 647 148 5.73562 397 512 3.12909
65.0657 0.442966 0.396633 26 -137 0 0.4 0.563959 0.40584 532 187 720 178 456 280 688 300 647 148 5.73562 397 512 3.12909
65.1324 0.442966 0.396633 26 -137 0 0.4 0.563959 0.40624 532 187 720 179 456 280 688 300 647 148 5.73753 398 512 3.18004
65.199 0.442966 0.398689 28 -135 0 0.4 0.563959 0.40664 532 188 721 179 456 280 688 300 647 149 5.72126 398 512 3.12909
65.2657 0.442966 0.398689 28 -135 0 0.4 0.563959 0.40704 533 188 721 179 456 280 688 300 648 151 5.72678 398 512 3.18004
65.3324 0.442966 0.398689 28 -135 0 0.4 0.563959 0.40744 533 189 721 179 456 280 688 300 648 151 5.73015 398 512 3.18004
65.399 0.442966 0.398946 31 -121 0 0.4 0.563959 0.40784 533 189 721 179 456 280 689 300 648 150 5.71247 397 512 3.14159
65.4657 0.442966 0.398946 31 -121 0 0.4 0.563959 0.40824 533 189 721 179 456 280 689 300 648 151 5.74823 397 512 3.14159
65.5324 0.442966 0.398946 31 -121 0 0.4 0.563959 0.40864 533 189 721 179 456 280 689 300 649 151 5.72126 398 512 3.18004
65.599 0.443223 0.400488 34 -136 0 0.4 0.563959 0.40904 534 189 722 179 456 280 689 300 649 151 5.69518 398 512 3.15409
65.6657 0.443223 0.400488 34 -136 0 0.4 0.563959 0.40944 534 189 722 180 456 280 689 300 649 151 5.68668 398 512 3.18004
65.7325 0.443223 0.400488 34 -136 0 0.4 0.563959 0.40984 534 190 722 180 456 280 689 300 649 151 5.69807 397 512 3.14159
65.799 0.442966 0.401774 32 -146 0 0.4 0.563959 0.41024 534 189 722 180 456 280 689 301 649 152 5.69518 398 512 3.12909
65.8657 0.442966 0.401774 32 -146 0 0.4 0.563959 0.41064 534 190 723 180 456 280 689 301 650 152 5.67828 398 512 3.18004
65.9324 0.442966 0.401774 32 -146 0 0.4 0.563959 0.41104 534 190 723 180 456 280 689 301 650 152 5.67501 398 512 3.18004
65.9991 0.442966 0.402288 31 -145 0 0.4 0.563959 0.41144 534 190 723 180 456 280 689 301 650 153 5.70411 398 512 3.18004
66.0657 0.442966 0.402288 31 -145 0 0.4 0.563959 0.41184 534 190 723 180 456 280 689 301 650 152 5.67501 398 512 3.18004
66.1324 0.442966 0.402288 31 -145 0 0.4 0.563959 0.41224 534 190 723 180 456 280 689 301 650 153 5.66051 398 512 3.18004
66.199 0.443223 0.40383 33 -146 0 0.4 0.563959 0.41264 535 191 723 181 456 280 690 301 650 154 5.69227 398 512 3.18004
66.2661 0.443223 0.40383 33 -146 0 0.4 0.563959 0.41304 535 191 723 181 456 280 690 301 651 153 5.64595 398 512 3.12909
66.3324 0.443223 0.40383 33 -146 0 0.4 0.563959 0.41344 535 191 723 181 456 280 690 301 651 153 5.64595 398 512 3.12909
66.3991 0.442966 0.40383 37 -128 0 0.4 0.563959 0.41384 535 191 724 181 456 280 690 301 651 153 5.64595 398 512 3.15409
66.4657 0.442966 0.40383 37 -128 0 0.4 0.563959 0.41424 536 191 724 180 456 280 690 302 651 154 5.64595 398 512 3.18004
66.5324 0.442966 0.40383 37 -128 0 0.4 0.563959 0.41464 536 192 724 180 456 280 690 302 652 154 5.6438 398 512 3.18004
66.599 0.443223 0.406144 33 -141 0 0.4 0.563959 0.41504 536 192 725 181 456 280 691 302 652 154 5.62305 397 512 3.12909
66.6657 0.443223 0.406144 33 -141 0 0.4 0.563959 0.41544 536 192 725 181 456 280 691 301 652 154 5.62305 397 512 3.12909
66.7324 0.443223 0.406144 33 -141 0 0.4 0.563959 0.41584 536 192 725 181 456 280 691 302 652 155 5.62305 398 512 3.18004
66.799 0.442966 0.407172 35 -147 0 0.4 0.563959 0.41624 536 193 725 181 456 280 691 302 652 156 5.65439 398 512 3.18004
66.8657 0.442966 0.407172 35 -147 0 0.4 0.563959 0.41664 537 193 725 181 456 280 691 302 652 156 5.60528 398 512 3.18004
66.9324 0.442966 0.407429 37 -147 0 0.4 0.563959 0.41704 537 193 725 181 456 280 691 302 653 155 5.60684 398 512 3.18004
66.9991 0.442966 0.407429 37 -147 0 0.4 0.563959 0.41744 537 193 725 181 456 280 691 302 653 155 5.60684 398 512 3.18004
67.0657 0.442966 0.407429 37 -147 0 0 0.563959 0.41744 537 193 725 182 456 280 691 302 653 156 5.6149 398 512 3.18004
67.1324 0.442966 0.409485 35 -146 0 0 0.563959 0.41744 537 194 726 181 456 280 691 302 653 158 5.61841 397 512 3.14159
67.199 0.442966 0.409485 35 -146 0 0 0.563959 0.41744 537 194 726 182 456 280 691 302 653 156 5.57791 398 512 3.18004
67.2657 0.442966 0.409485 35 -146 0 0 0.563959 0.41744 537 194 726 182 456 280 691 302 654 157 5.59889 398 512 3.12909
67.3324 0.442966 0.409742 36 -145 0 0 0.563959 0.41744 537 194 726 182 456 280 691 302 654 157 5.60037 398 512 3.18004
67.3991 0.442966 0.409742 36 -145 0 0 0.563959 0.41744 537 194 726 182 456 280 691 302 654 157 5.59104 398 512 3.12909
67.4657 0.442966 0.409742 36 -145 0 0 0.563959 0.41744 538 195 727 182 456 280 692 302 654 158 5.60345 398 512 3.18004
67.5324 0.442966 0.411285 34 -146 0 0 0.563959 0.41744 538 195 727 182 456 280 692 302 654 159 5.60345 398 512 3.18004
67.599 0.442966 0.411285 34 -146 0 0 0.563959 0.41744 538 195 727 183 456 280 692 303 654 159 5.60507 398 512 3.18004
67.6657 0.442966 0.411285 34 -146 0 0 0.563959 0.41744 538 195 727 183 456 280 692 303 654 160 5.61841 398 512 3.18004
67.7324 0.442966 0.411285 38 -146 0 0 0.563959 0.41744 538 195 727 183 456 280 692 302 654 160 5.61841 398 512 3.18004
67.7991 0.442966 0.411285 38 -146 0 0 0.563959 0.41744 538 196 727 183 456 280 692 302 655 158 5.55569 398 512 3.18004
67.8657 0.442966 0.411285 38 -146 0 0 0.563959 0.41744 538 195 727 183 456 280 692 303 655 158 5.54884 397 512 3.14159
67.9324 0.442966 0.411542 37 -147 0 0 0.563959 0.41744 538 195 727 182 456 280 692 303 655 158 5.54884 398 512 3.18004
67.9991 0.442966 0.411542 37 -147 0 0 0.563959 0.41744 538 195 727 183 456 280 692 303 655 159 5.54124 397 512 3.14159
68.0661 0.442966 0.411542 37 -147 0 0 0.563959 0.41744 538 195 727 183 456 280 692 302 655 159 5.54884 398 512 3.18004
68.1324 0.442966 0.411542 38 -147 0 0 0.563959 0.41744 538 196 727 182 456 280 692 303 655 158 5.55654 398 512 3.12909
68.199 0.442966 0.411542 38 -147 0 0 0.563959 0.41744 538 196 727 182 456 280 692 302 655 159 5.54884 398 512 3.18004
68.2657 0.442966 0.411542 38 -147 0 0 0.563959 0.41744 538 195 727 183 456 280 692 302 655 158 5.57118 398 512 3.18004
68.3324 0.442966 0.411542 37 -147 0 0 0.563959 0.41744 538 196 727 183 456 280 692 303 654 159 5.55569 398 512 3.18004
68.399 0.442966 0.411542 37 -147 0 0 0.563959 0.41744 538 196 727 183 456 280 692 302 655 159 5.54884 398 512 3.18004
68.4657 0.442966 0.411542 38 -147 0 0 0.563959 0.41744 538 196 727 183 456 280 692 303 655 158 5.56436 398 512 3.12909
68.5324 0.442966 0.411542 38 -147 0 0 0.563959 0.41744 538 195 727 183 456 280 692 303 655 159 5.56339 398 512 3.18004
68.599 0.442966 0.411542 38 -147 0 -0.4 0.563959 0.41704 538 196 727 183 456 280 692 303 655 159 5.55654 398 512 3.18004
68.6657 0.442966 0.411542 38 -147 0 -0.4 0.563959 0.41664 538 196 727 183 456 280 692 303 655 159 5.54884 397 512 3.14159
68.7324 0.442966 0.411542 38 -147 0 -0.4 0.563959 0.41624 538 196 727 183 456 280 692 303 655 159 5.55654 397 512 3.11628
68.799 0.442966 0.411542 38 -147 0 -0.4 0.563959 0.41584 538 196 727 183 456 280 692 303 655 159 5.56436 398 512 3.18004
68.8657 0.442966 0.411542 37 -146 0 -0.4 0.563959 0.41544 538 196 728 183 456 280 692 303 655 159 5.54884 398 512 3.18004
68.9324 0.442966 0.411542 37 -146 0 -0.4 0.563959 0.41504 538 196 728 183 456 280 692 303 655 159 5.56436 397 512 3.14159
68.999 0.442966 0.411542 37 -146 0 -0.4 0.563959 0.41464 538 196 727 183 456 280 692 303 655 159 5.55742 397 512 3.14159
69.0657 0.442966 0.411542 33 -146 0 -0.4 0.563959 0.41424 538 196 727 183 456 280 692 303 655 159 5.55742 398 512 3.18004
69.1324 0.442966 0.411542 33 -146 0 -0.4 0.563959 0.41384 538 196 728 183 456 280 692 303 655 159 5.56436 398 512 3.18004
69.199 0.442966 0.411542 33 -146 0 -0.4 0.563959 0.41344 538 196 728 183 456 280 692 303 655 159 5.57228 398 512 3.14159
69.2657 0.442966 0.411799 37 -97 0 -0.4 0.563959 0.41304 538 196 727 183 456 280 692 303 655 159 5.56535 398 512 3.12909
69.3324 0.442966 0.411799 37 -97 0 -0.4 0.563959 0.41264 539 196 728 183 456 280 692 303 655 159 5.55742 398 512 3.18004
69.3991 0.442966 0.411799 37 -97 0 -0.4 0.563959 0.41224 539 196 727 183 456 280 692 303 655 159 5.56535 398 512 3.18004
69.4657 0.442966 0.411799 33 -97 0 -0.4 0.563959 0.41184 539 196 727 183 456 280 692 303 654 159 5.57118 398 512 3.18004
69.5324 0.442966 0.411799 33 -97 0 -0.4 0.563959 0.41144 538 196 728 183 456 280 692 303 655 159 5.57228 397 512 3.14159
69.599 0.442966 0.411799 33 -97 0 -0.4 0.563959 0.41104 538 196 728 183 456 280 692 303 655 159 5.57228 398 512 3.18004
69.6657 0.442966 0.411542 39 -51 0 -0.4 0.563959 0.41064 539 196 728 183 456 280 692 303 655 159 5.56535 397 512 3.15394
69.7324 0.442966 0.411542 39 -51 0 -0.4 0.563959 0.41024 539 196 728 183 456 280 692 303 655 159 5.57228 398 512 3.18004
69.799 0.442966 0.411542 39 -51 0 -0.4 0.563959 0.40984 539 196 728 183 456 280 692 303 655 159 5.58031 398 512 3.18004
69.8657 0.442966 0.411799 38 -55 0 -0.4 0.563959 0.40944 539 196 728 183 456 280 692 303 655 159 5.58031 398 512 3.18004
69.9324 0.442966 0.411799 38 -55 0 -0.4 0.563959 0.40904 539 196 728 183 456 280 692 303 654 160 5.57909 397 512 3.12909
69.9991 0.442966 0.410256 34 -33 0 -0.4 0.563959 0.40864 539 195 728 183 456 279 692 303 655 159 5.56436 397 512 3.14159
70.0657 0.442966 0.410256 34 -33 0 -0.4 0.563959 0.40824 538 196 727 183 456 280 692 303 655 159 5.55742 398 512 3.15409
70.1324 0.442966 0.410256 34 -33 0 -0.4 0.563959 0.40784 538 196 727 183 456 280 692 303 654 159 5.5481 398 512 3.15409
70.1991 0.442966 0.410256 38 -42 0 -0.4 0.563959 0.40744 538 196 727 183 456 279 692 303 655 159 5.54959 398 512 3.15409
70.2657 0.442966 0.410256 38 -42 0 -0.4 0.563959 0.40704 538 196 727 183 456 279 692 303 655 159 5.55654 398 512 3.15409
70.3324 0.442966 0.410256 38 -42 0 -0.4 0.563959 0.40664 538 195 727 183 456 279 692 302 654 160 5.5967 397 512 3.12894
70.3991 0.442966 0.408714 38 -34 0 -0.4 0.563959 0.40624 538 195 727 183 456 279 692 303 654 160 5.5967 397 512 3.12894
70.4657 0.442966 0.408714 38 -34 0 -0.4 0.563959 0.40584 538 195 727 183 456 279 692 303 654 160 5.5967 397 512 3.14159
70.5324 0.442966 0.408714 38 -34 0 -0.4 0.563959 0.40544 538 195 727 183 456 279 692 303 654 160 5.58845 397 512 3.12894
70.5991 0.442966 0.407686 37 -27 0 -0.4 0.563959 0.40504 538 195 727 183 456 279 692 302 654 160 5.5967 397 512 3.12894
70.6657 0.442966 0.407686 37 -27 0 -0.4 0.563959 0.40464 537 195 726 182 455 279 692 302 652 159 5.58983 398 511 3.15441
70.7324 0.442966 0.407686 37 -27 0 -0.4 0.563959 0.40424 537 195 726 182 455 279 692 302 653 159 5.5967 397 512 3.12894
70.7991 0.442966 0.407172 38 -28 0 -0.4 0.563959 0.40384 537 195 726 182 455 279 692 302 653 159 5.57456 397 512 3.12894
70.8658 0.442966 0.407172 38 -28 0 -0.4 0.563959 0.40344 537 195 726 182 455 279 692 302 653 159 5.5967 397 512 3.12894
70.9324 0.442966 0.407172 38 -28 0 -0.4 0.563959 0.40304 537 194 726 182 454 279 691 302 653 158 5.58031 398 511 3.15441
70.9991 0.442966 0.405372 38 -19 0 -0.4 0.563959 0.40264 535 194 725 181 454 279 691 301 651 157 5.55569 398 511 3.15441
71.0657 0.442966 0.405372 38 -19 0 -0.4 0.563959 0.40224 535 194 725 181 454 279 691 301 651 158 5.61841 397 512 3.12894
71.1324 0.442966 0.405372 38 -19 0 -0.4 0.563959 0.401839 535 194 724 181 454 279 691 301 650 158 5.61179 398 511 3.15441
71.1991 0.442966 0.405372 35 -10 0 -0.4 0.563959 0.401439 535 194 725 181 454 279 691 301 651 158 5.61841 397 512 3.12894
71.2657 0.442966 0.405372 35 -10 0 -0.4 0.563959 0.401039 534 193 724 181 453 278 690 301 650 158 5.61841 398 511 3.15425
71.3324 0.442966 0.405372 35 -10 0 -0.4 0.563959 0.400639 534 193 723 180 452 278 690 301 650 156 5.59889 398 511 3.14159
71.3991 0.442966 0.403573 38 -24 0 -0.4 0.563959 0.400239 534 192 723 180 452 278 690 301 650 156 5.59889 398 511 3.14159
71.4657 0.442966 0.403573 38 -24 0 -0.4 0.563959 0.399839 534 193 723 180 452 278 690 301 650 156 5.59889 398 511 3.14159
71.5324 0.442966 0.403573 38 -24 0 -0.4 0.563959 0.399439 534 193 723 180 452 278 690 301 649 156 5.57791 398 511 3.14159
71.5991 0.442966 0.402031 38 -18 0 -0.4 0.563959 0.399039 532 192 721 180 452 278 689 300 648 155 5.62124 398 511 3.15425
71.6657 0.442966 0.402031 38 -18 0 -0.4 0.563959 0.398639 531 191 721 179 451 278 689 300 647 156 5.64402 397 511 3.18004
71.7324 0.442966 0.401517 37 -18 0 -0.4 0.563959 0.398239 531 191 721 179 451 278 689 300 647 156 5.62684 398 511 3.15425
71.7991 0.442966 0.401517 37 -18 0 -0.4 0.563959 0.397839 531 191 721 179 451 278 689 300 647 156 5.62684 398 511 3.15425
71.8657 0.442966 0.401517 37 -18 0 -0.4 0.563959 0.397439 531 191 721 179 451 278 689 300 647 156 5.63331 398 511 3.14159
71.9324 0.442966 0.39946 33 -19 0 -0.4 0.563959 0.397039 529 190 719 178 450 277 688 299 645 155 5.63968 398 511 3.14159
71.9991 0.442966 0.39946 33 -19 0 -0.4 0.563959 0.396639 529 191 719 178 449 277 688 299 645 154 5.63132 397 512 3.12894
72.0657 0.442966 0.39946 33 -19 0 -0.4 0.563959 0.396239 529 191 719 178 450 277 688 299 645 154 5.63132 397 512 3.12894
72.1324 0.442966 0.39946 31 1 0 -0.4 0.563959 0.395839 529 191 719 178 450 277 688 299 645 154 5.62305 398 511 3.15441
72.199 0.442966 0.39946 31 1 0 -0.4 0.563959 0.395439 529 191 719 178 449 277 688 299 645 154 5.63968 398 511 3.14159
72.2657 0.442966 0.39946 31 1 0 -0.4 0.563959 0.395039 528 189 717 177 448 277 687 299 643 153 5.66294 398 511 3.12909
72.3324 0.442966 0.397918 31 -19 0 -0.4 0.563959 0.394639 527 189 717 177 448 276 687 299 643 153 5.65439 398 511 3.14159
72.399 0.442966 0.397918 31 -19 0 -0.4 0.563959 0.394239 527 189 717 177 448 276 687 299 643 153 5.65439 398 511 3.12909
72.4658 0.442966 0.397918 31 -19 0 -0.4 0.563959 0.393839 527 189 717 177 448 276 687 299 643 153 5.65439 398 511 3.14159
72.5324 0.442966 0.396633 31 -7 0 -0.4 0.563959 0.393439 527 189 717 177 448 276 686 298 643 152 5.64595 398 511 3.15425
72.5991 0.442966 0.396633 31 -7 0 -0.4 0.563959 0.393039 526 188 716 177 447 276 686 298 641 152 5.66903 398 511 3.15425
72.6657 0.442966 0.396633 31 -7 0 -0.4 0.563959 0.392639 526 188 715 176 447 276 686 298 641 151 5.64816 398 511 3.15425
72.7324 0.442966 0.395861 35 -16 0 -0.4 0.563959 0.392239 526 188 715 176 447 276 686 298 641 151 5.65439 398 511 3.15425
72.799 0.442966 0.395861 35 -16 0 -0.4 0.563959 0.391839 526 188 715 176 447 276 686 298 641 151 5.65439 398 511 3.15425
72.8657 0.442966 0.395861 35 -16 0 -0.4 0.563959 0.391439 524 188 715 176 447 276 685 298 640 151 5.66654 398 511 3.14159
72.9324 0.443223 0.394062 17 -12 0 -0.4 0.563959 0.391039 524 187 714 176 446 276 685 298 640 150 5.66654 398 511 3.14159
72.9991 0.443223 0.394062 17 -12 0 -0.4 0.563959 0.390639 524 187 714 176 446 276 685 297 640 151 5.69518 398 511 3.12909
73.0657 0.443223 0.394062 17 -12 0 -0.4 0.563959 0.390239 524 187 714 176 446 276 685 297 640 151 5.69518 398 511 3.12909
73.1324 0.443223 0.393805 29 1 0 -0.4 0.563959 0.389839 524 187 714 176 446 276 685 297 640 151 5.69518 398 511 3.14159
73.1991 0.443223 0.393805 29 1 0 -0.4 0.563959 0.389439 522 186 712 175 445 276 684 297 638 149 5.68668 398 511 3.14159
73.2657 0.443223 0.391749 22 -10 0 -0.4 0.563959 0.389039 522 186 712 175 445 276 684 297 638 149 5.69518 398 511 3.14159
73.3324 0.443223 0.391749 22 -10 0 -0.4 0.563959 0.388639 522 186 712 175 445 276 684 297 637 149 5.70681 398 511 3.14159
73.399 0.443223 0.391749 22 -10 0 -0.4 0.563959 0.388239 522 186 712 175 445 276 684 297 637 149 5.70681 398 511 3.18004
73.4657 0.442966 0.39072 17 0 0 -0.4 0.563959 0.387839 522 186 712 175 445 275 684 297 637 149 5.70681 398 511 3.15409
73.5324 0.442966 0.39072 17 0 0 -0.4 0.563959 0.387439 521 185 711 174 445 276 683 296 637 148 5.70681 398 511 3.14159
73.5991 0.442966 0.39072 17 0 0 -0.4 0.563959 0.387039 521 185 711 174 445 276 683 296 636 148 5.69227 398 511 3.15441
73.6657 0.443223 0.390206 26 -15 0 -0.4 0.563959 0.386639 521 185 711 175 445 276 683 296 636 147 5.71565 398 512 3.12909
73.7324 0.443223 0.390206 26 -15 0 -0.4 0.563959 0.386239 521 185 711 175 445 276 683 296 636 148 5.74277 398 511 3.15425
73.7991 0.443223 0.390206 26 -15 0 -0.4 0.563959 0.385839 521 185 711 174 445 275 683 296 636 148 5.74277 398 511 3.14159
73.8657 0.443223 0.388664 24 0 0 -0.4 0.563959 0.385439 520 184 710 174 444 275 683 296 635 148 5.74823 398 511 3.14159
73.9324 0.443223 0.388664 24 0 0 -0.4 0.563959 0.385039 519 184 710 174 444 275 683 296 635 147 5.71804 398 511 3.19283
73.9991 0.443223 0.388664 24 0 0 -0.4 0.563959 0.384639 519 184 710 174 444 275 683 296 635 147 5.7536 398 511 3.15409
74.0657 0.443223 0.388407 21 0 0 -0.4 0.563959 0.384239 519 184 710 174 444 275 682 296 635 147 5.74823 398 511 3.14159
74.1324 0.443223 0.388407 21 0 0 -0.4 0.563959 0.383839 519 184 710 174 444 275 682 295 634 147 5.75886 398 511 3.18004
74.1991 0.443223 0.388407 21 0 0 -0.4 0.563959 0.383439 518 183 708 174 443 275 682 295 634 146 5.73562 398 511 3.12909
74.2657 0.443223 0.386608 16 -1 0 -0.4 0.563959 0.383039 518 183 708 174 443 275 682 295 632 146 5.7667 398 511 3.15425
74.3324 0.443223 0.386608 16 -1 0 -0.4 0.563959 0.382639 518 183 708 173 443 275 682 295 633 145 5.7235 398 511 3.15425
74.3991 0.443223 0.386608 16 -1 0 -0.4 0.563959 0.382239 518 183 708 173 443 275 682 295 633 145 5.72678 398 511 3.12909
74.4657 0.443223 0.385322 16 1 0 -0.4 0.563959 0.381839 516 182 707 172 442 274 680 294 632 145 5.76404 398 511 3.12909
74.5324 0.443223 0.385322 16 1 0 -0.4 0.563959 0.381439 515 182 706 172 442 274 680 294 631 144 5.7536 398 511 3.14159
74.599 0.443223 0.385322 16 1 0 -0.4 0.563959 0.381039 515 182 706 172 442 274 680 294 630 144 5.74988 398 511 3.15425
74.6657 0.443223 0.384551 16 0 0 -0.4 0.563959 0.380639 515 182 706 172 442 274 680 294 631 144 5.76404 398 511 3.14159
74.7324 0.443223 0.384551 16 0 0 -0.4 0.563959 0.380239 515 182 706 172 442 274 680 294 631 144 5.76404 398 511 3.12909
74.7991 0.443223 0.383009 16 1 0 -0.4 0.563959 0.379839 514 181 704 172 442 274 679 293 629 143 5.77195 398 511 3.12909
74.8657 0.443223 0.383009 16 1 0 -0.4 0.563959 0.379439 514 181 704 172 442 274 679 293 628 143 5.77809 398 511 3.14159
74.9324 0.443223 0.383009 16 1 0 -0.4 0.563959 0.379039 514 181 704 171 442 274 679 293 628 142 5.77306 398 511 3.14159
74.999 0.443223 0.382495 16 0 0 -0.4 0.563959 0.378639 513 181 704 171 442 274 679 293 628 143 5.80552 398 511 3.14159
75.0657 0.443223 0.382495 16 0 0 -0.4 0.563959 0.378239 513 181 704 171 442 274 679 293 628 142 5.77809 398 511 3.14159
75.1324 0.443223 0.382495 16 0 0 -0.4 0.563959 0.377839 512 180 704 171 442 274 679 294 627 142 5.79573 398 511 3.14159
75.1991 0.443223 0.380695 13 3 0 -0.4 0.563959 0.377439 512 180 704 171 442 274 679 294 627 142 5.80067 398 511 3.14159
75.2657 0.443223 0.380695 13 3 0 -0.4 0.563959 0.377039 512 180 704 171 440 274 679 294 627 142 5.82911 398 511 3.14159
75.3324 0.443223 0.380695 13 3 0 -0.4 0.563959 0.376639 512 180 703 170 440 274 679 294 627 141 5.80067 398 511 3.14159
75.399 0.443223 0.37941 15 2 0 -0.4 0.563959 0.376239 512 180 703 171 440 274 679 293 627 141 5.80067 398 511 3.18004
75.4657 0.443223 0.37941 15 2 0 -0.4 0.563959 0.375839 511 180 702 170 440 274 678 293 625 141 5.83375 398 511 3.12909
75.5324 0.443223 0.37941 15 2 0 -0.4 0.563959 0.375439 511 180 702 170 440 274 678 293 625 141 5.83375 398 511 3.14159
75.599 0.443223 0.379153 15 3 0 -0.4 0.563959 0.375039 511 180 702 170 439 274 678 293 625 141 5.83375 398 511 3.14159
75.6657 0.443223 0.379153 15 3 0 -0.4 0.563959 0.374639 511 180 702 170 440 274 678 293 625 140 5.80552 398 511 3.12894
75.7324 0.443223 0.379153 15 3 0 -0.4 0.563959 0.374239 511 179 701 170 439 273 677 292 625 140 5.83831 398 511 3.15409
75.7991 0.44348 0.377354 14 3 0 -0.4 0.563959 0.373839 510 179 700 169 439 273 677 292 624 139 5.81954 398 511 3.14159
75.8657 0.44348 0.377354 14 3 0 -0.4 0.563959 0.373439 510 179 700 169 439 273 677 292 623 139 5.84783 398 511 3.14159
75.9324 0.44348 0.377354 14 3 0 -0.4 0.563959 0.373039 509 179 700 169 439 273 677 292 624 139 5.84783 398 511 3.14159
75.9991 0.443223 0.377097 13 3 0 -0.4 0.563959 0.372639 509 179 700 169 439 273 677 292 624 138 5.82415 398 511 3.12894
76.0657 0.443223 0.377097 13 3 0 -0.4 0.563959 0.372239 509 178 699 169 438 274 676 291 623 139 5.86602 398 511 3.14159
76.1324 0.443223 0.377097 13 3 0 -0.4 0.563959 0.371839 508 177 698 169 438 274 676 292 616 138 5.85743 398 511 3.12909
76.1991 0.44348 0.37504 7 2 0 -0.4 0.563959 0.371439 508 177 699 168 438 274 676 292 616 138 5.85743 398 511 3.15425
