18.5989 0.37022 0.200501 0 6 0 0 0 0 208 208 803 241 272 313 735 342 490 95 0.62953 398 512 3.19283
18.6656 0.37022 0.200501 0 6 0 0 0 0 208 208 803 241 272 313 735 342 490 95 0.62953 398 512 3.18004
18.7323 0.37022 0.200501 0 7 0 0 0.49022 0.200501 208 209 803 241 272 313 734 342 491 96 0.613207 398 511 3.12894
18.7989 0.37022 0.200501 1 5 0 0 0.49022 0.200501 208 208 803 241 272 313 735 342 490 96 0.674741 398 512 3.14159
18.8656 0.37022 0.200501 1 5 0 0 0.49022 0.200501 208 208 803 241 272 313 735 342 490 96 0.674741 398 512 3.14159
18.9322 0.37022 0.200501 1 5 0 0 0.49022 0.200501 208 208 803 241 272 313 735 342 491 96 0.627308 398 511 3.12894
18.9989 0.369963 0.200501 0 6 0 0 0.49022 0.200501 208 208 803 241 272 313 735 342 490 96 0.674741 398 511 3.12894
19.0656 0.369963 0.200501 0 6 0 0 0.49022 0.200501 208 208 803 241 272 313 735 342 491 96 0.619066 398 511 3.12894
19.1323 0.369963 0.200501 0 6 0 0 0.489963 0.200501 208 208 803 241 272 313 735 342 490 96 0.674741 398 511 3.12894
19.1989 0.37022 0.200501 1 5 0 0 0.489963 0.200501 208 208 803 241 272 313 734 342 490 96 0.674741 398 511 3.12894
19.2656 0.37022 0.200501 1 5 0 0 0.489963 0.200501 208 208 803 241 272 313 734 342 491 96 0.613207 398 512 3.11596
19.3323 0.37022 0.200501 1 5 0 0 0.49022 0.200501 208 208 803 241 272 313 735 342 489 96 0.674741 398 512 3.18004
19.3989 0.37022 0.200501 1 5 0 0 0.49022 0.200501 208 208 803 241 272 313 734 342 489 96 0.674741 398 511 3.12894
19.4656 0.37022 0.200501 1 5 0 0 0.49022 0.200501 208 208 803 241 272 313 735 342 490 96 0.674741 398 512 3.14159
19.5322 0.37022 0.200501 1 5 0 0 0.49022 0.200501 208 208 803 241 272 313 735 342 491 96 0.619066 399 512 3.12909
19.5989 0.37022 0.200501 0 4 0 0 0.49022 0.200501 208 209 803 241 272 313 735 342 490 96 0.681298 398 512 3.14159
19.6656 0.37022 0.200501 0 4 0 0 0.49022 0.200501 208 208 803 241 272 313 735 342 491 96 0.62953 398 511 3.12909
19.7322 0.37022 0.200501 0 4 0 0 0.49022 0.200501 208 208 803 241 272 313 735 342 491 96 0.621416 398 512 3.18004
19.7989 0.369963 0.200501 1 4 0 0 0.49022 0.200501 208 208 803 241 272 313 735 342 491 96 0.62953 398 512 3.14159
19.8656 0.369963 0.200501 1 4 0 0 0.489963 0.200501 208 208 803 241 272 313 735 342 490 96 0.674741 398 512 3.14159
19.9323 0.37022 0.200501 2 5 0 0 0.489963 0.200501 208 208 803 241 272 313 735 342 489 96 0.676344 398 512 3.14159
19.9989 0.37022 0.200501 2 5 0 0 0.489963 0.200501 208 208 803 241 272 313 735 342 491 96 0.621416 398 512 3.14159
20.0656 0.37022 0.200501 2 5 0 0 0.49022 0.200501 208 208 803 241 272 313 735 342 491 96 0.613207 398 511 3.12894
20.1322 0.37022 0.200501 0 4 0 0 0.49022 0.200501 208 208 803 241 272 313 735 342 490 96 0.681298 398 512 3.18004
20.1989 0.37022 0.200501 0 4 0 0 0.49022 0.200501 208 208 803 241 272 313 735 342 490 96 0.674741 398 511 3.12894
20.2656 0.37022 0.200501 0 4 0 0 0.49022 0.200501 208 208 803 241 272 313 735 342 490 96 0.674741 398 512 3.19283
20.3322 0.37022 0.200501 0 5 0 0 0.49022 0.200501 208 208 803 241 272 313 735 342 491 96 0.621416 398 511 3.12909
20.3989 0.37022 0.200501 0 5 0 0 0.49022 0.200501 208 208 803 241 272 313 735 342 490 96 0.681298 398 512 3.19283
20.4656 0.37022 0.200501 0 5 0 0 0.49022 0.200501 208 208 803 241 272 313 735 342 490 96 0.681298 398 512 3.14159
20.5323 0.37022 0.200501 1 4 0 0 0.49022 0.200501 208 208 803 241 272 313 735 342 491 96 0.627308 398 512 3.11596
20.5989 0.37022 0.200501 1 4 0 0 0.49022 0.200501 208 208 803 241 272 313 735 342 491 96 0.621416 398 511 3.12894
20.6656 0.37022 0.200501 1 4 0 0 0.49022 0.200501 208 208 803 241 272 313 734 342 491 96 0.627308 398 511 3.12894
20.7323 0.369963 0.200501 0 5 0 0 0.49022 0.200501 208 208 803 241 272 313 735 342 491 96 0.627308 398 512 3.14159
20.7989 0.369963 0.200501 0 5 0 0 0.49022 0.200501 208 208 803 241 272 313 734 342 489 96 0.666558 398 511 3.12894
20.8656 0.369963 0.200501 0 5 0 0 0.489963 0.200501 208 208 803 241 272 313 735 342 491 96 0.627308 398 511 3.12894
20.9323 0.369963 0.200501 1 4 0 0 0.489963 0.200501 208 208 803 241 272 313 734 342 490 96 0.681298 398 511 3.12894
20.9989 0.369963 0.200501 1 4 0 0 0.489963 0.200501 208 208 803 241 272 313 735 342 491 96 0.613207 398 511 3.12894
21.0656 0.369963 0.200501 1 4 0 0 0.489963 0.200501 208 208 803 241 272 313 734 342 489 96 0.682818 398 512 3.14159
21.1323 0.37022 0.200501 1 4 0 0 0.489963 0.200501 208 208 803 241 272 313 734 342 489 96 0.666558 398 512 3.19283
21.199 0.37022 0.200501 1 4 0 0 0.489963 0.200501 208 208 803 241 272 313 735 342 490 96 0.674741 398 511 3.12894
21.2656 0.37022 0.200501 1 4 0 0 0.49022 0.200501 208 208 803 241 272 313 735 342 491 96 0.621416 398 511 3.12894
21.3322 0.37022 0.200501 1 5 0 0 0.49022 0.200501 208 208 803 241 272 313 734 342 491 96 0.619066 398 512 3.19283
21.3989 0.37022 0.200501 1 5 0 0 0.49022 0.200501 208 208 803 241 272 313 735 342 490 96 0.674741 398 512 3.14159
21.4656 0.37022 0.200501 1 5 0 0 0.49022 0.200501 208 208 803 241 272 313 734 342 491 96 0.627308 398 512 3.14159
21.5322 0.37022 0.200501 0 5 0 0 0.49022 0.200501 208 208 803 241 272 313 735 342 491 96 0.613207 398 512 3.18004
21.5989 0.37022 0.200501 0 5 0 0 0.49022 0.200501 208 208 803 241 272 313 734 342 491 96 0.62953 398 512 3.14159
21.6656 0.37022 0.200501 0 5 0 0 0.49022 0.200501 208 208 803 241 272 313 735 342 490 96 0.666558 398 511 3.12894
21.7323 0.37022 0.200501 0 4 0 0 0.49022 0.200501 208 208 803 241 272 313 735 342 491 96 0.621416 398 512 3.14159
21.7989 0.37022 0.200501 0 4 0 0 0.49022 0.200501 208 208 803 241 272 313 734 342 491 96 0.627308 398 511 3.12894
21.8656 0.37022 0.200501 0 4 0 0 0.49022 0.200501 208 208 803 241 272 313 734 342 491 96 0.613207 398 511 3.12894
21.9323 0.37022 0.200501 0 4 0 0 0.49022 0.200501 208 208 803 241 272 313 735 342 491 96 0.621416 398 511 3.12894
21.9989 0.37022 0.200501 0 4 0 0 0.49022 0.200501 208 208 803 241 272 313 734 342 490 96 0.674741 398 511 3.12894
22.0656 0.37022 0.200501 0 4 0 0 0.49022 0.200501 208 208 803 241 272 313 735 342 490 96 0.674741 398 512 3.18004
22.1323 0.37022 0.200501 1 4 0 0 0.49022 0.200501 208 208 803 241 272 313 734 342 491 96 0.627308 398 512 3.19283
22.1989 0.37022 0.200501 1 4 0 0 0.49022 0.200501 208 208 803 241 272 313 735 342 491 96 0.619066 398 511 3.12894
22.2656 0.37022 0.200501 1 4 0 0 0.49022 0.200501 208 208 803 241 272 313 734 342 491 96 0.627308 398 511 3.12894
22.3323 0.369963 0.200501 1 4 0 0 0.49022 0.200501 208 208 803 241 272 313 735 342 491 96 0.655696 398 511 3.12894
22.399 0.369963 0.200501 1 4 0 0 0.49022 0.200501 208 208 803 241 272 313 734 342 490 96 0.674741 398 511 3.12894
22.4656 0.369963 0.200501 1 4 0 0 0.489963 0.200501 208 208 803 241 272 313 735 342 490 96 0.673091 398 511 3.12894
22.5323 0.37022 0.200501 1 5 0 0 0.489963 0.200501 208 208 803 241 272 313 735 342 490 96 0.674741 398 511 3.12894
22.5989 0.37022 0.200501 1 5 0 0 0.489963 0.200501 208 208 803 241 272 313 735 342 490 96 0.674741 398 512 3.19283
22.6656 0.37022 0.200501 0 4 0 0 0.49022 0.200501 208 208 803 241 272 313 734 342 490 96 0.674741 398 511 3.12894
22.7322 0.37022 0.200501 0 4 0 0 0.49022 0.200501 208 208 803 241 272 313 735 342 491 96 0.623702 398 512 3.14159
22.7989 0.37022 0.200501 0 4 0 0 0.49022 0.200501 208 208 803 241 272 313 734 342 491 96 0.627308 398 512 3.19283
22.8656 0.37022 0.200501 0 4 0 0 0.499963 0.210501 208 208 803 241 272 313 734 342 491 96 0.621416 398 512 3.19283
22.9323 0.369963 0.200501 1 4 0 0 0.499963 0.210501 208 208 803 241 272 313 734 342 491 96 0.62953 398 511 3.12894
22.9989 0.369963 0.200501 1 4 0 0 0.499963 0.210501 208 208 803 241 272 313 734 342 490 96 0.664774 398 511 3.12894
23.0656 0.369963 0.200501 1 4 0 0 0.499963 0.210501 208 208 803 241 272 313 735 342 490 96 0.674741 398 512 3.14159
23.1323 0.369963 0.200501 1 4 0 0 0.499963 0.210501 208 208 803 241 272 313 734 342 490 96 0.681298 398 511 3.12894
23.1989 0.37022 0.200501 2 5 0 0 0.499963 0.210501 208 209 803 241 272 313 727 333 490 96 0.637549 398 512 3.12894
23.2656 0.37022 0.200501 2 5 0 0 0.499963 0.210501 208 209 788 227 272 313 726 332 491 95 0.641473 398 512 3.14159
23.3322 0.37022 0.200501 2 5 0 0 0.509963 0.220501 208 209 788 227 272 313 726 332 491 96 0.627308 398 512 3.14159
23.3989 0.37022 0.200501 2 5 0 0 0.509963 0.220501 208 208 788 226 273 312 726 332 490 95 0.62953 398 512 3.18004
23.4656 0.37022 0.200501 2 5 0 0 0.509963 0.220501 223 197 788 226 281 306 727 332 491 96 0.635453 398 512 3.18004
23.5323 0.379474 0.208727 9 -10 0 0 0.509963 0.220501 225 196 788 226 282 305 727 332 491 96 0.633297 398 511 3.14159
23.599 0.379474 0.208727 9 -10 0 0 0.509963 0.220501 226 196 788 226 282 305 726 332 489 97 0.658268 398 511 3.12909
23.6656 0.379474 0.208727 9 -10 0 0 0.509963 0.220501 226 196 788 226 282 305 718 323 491 96 0.647591 398 511 3.14159
23.7323 0.379474 0.208727 9 -10 0 0 0.509963 0.220501 226 196 788 226 282 304 716 321 491 97 0.619066 398 510 3.12894
23.7989 0.387957 0.210012 6 -1 0 0 0.509963 0.220501 226 195 770 209 282 304 716 321 490 97 0.62953 399 511 3.12877
23.8656 0.387957 0.210012 6 -1 0 0 0.519963 0.230501 225 196 769 210 282 305 716 321 491 97 0.635453 398 512 3.18004
23.9323 0.387957 0.210012 6 -1 0 0 0.519963 0.230501 225 196 770 210 290 299 716 320 491 96 0.641473 398 512 3.19349
23.9989 0.387957 0.210012 6 -1 0 0 0.519963 0.230501 245 185 770 210 295 296 716 320 490 96 0.635453 398 512 3.14159
24.0656 0.389242 0.219523 8 -14 0 0 0.519963 0.230501 247 184 770 210 295 296 716 320 491 96 0.643501 398 512 3.12894
24.1323 0.389242 0.219523 8 -14 0 0 0.519963 0.230501 247 184 770 210 295 296 716 320 491 96 0.649549 399 512 3.19283
24.199 0.389242 0.219523 8 -14 0 0 0.519963 0.230501 246 184 752 198 295 296 705 311 489 95 0.682818 398 513 3.14159
24.2656 0.389242 0.219523 8 -14 0 0 0.519963 0.230501 247 185 750 197 295 296 705 310 491 96 0.649549 398 513 3.14159
24.3323 0.39901 0.220037 8 -72 0 0 0.529963 0.240501 247 185 750 197 295 296 705 310 491 96 0.657528 398 512 3.12894
24.399 0.39901 0.220037 8 -72 0 0 0.529963 0.240501 248 183 750 196 298 295 705 311 490 96 0.660132 398 512 3.19218
24.4656 0.39901 0.220037 8 -72 0 0 0.529963 0.240501 266 174 750 196 307 291 705 311 489 96 0.658268 398 512 3.17955
24.5322 0.39901 0.220037 8 -72 0 0 0.529963 0.240501 269 172 750 195 309 290 705 312 491 96 0.639386 398 512 3.17955
24.5989 0.39901 0.220037 8 -72 0 0 0.529963 0.240501 270 173 750 196 309 290 705 311 491 96 0.641473 398 512 3.18004
24.6656 0.399267 0.230062 79 -15 0 0 0.529963 0.240501 270 173 737 187 309 290 694 303 491 96 0.633297 398 511 3.12894
24.7323 0.399267 0.230062 79 -15 0 0 0.529963 0.240501 270 172 730 182 309 290 693 303 491 96 0.633297 398 511 3.12894
24.7989 0.399267 0.230062 79 -15 0 0 0.539963 0.250501 270 172 729 182 309 290 693 302 490 96 0.625023 398 512 3.19349
24.8656 0.399267 0.230062 79 -15 0 0 0.539963 0.250501 270 172 729 183 309 290 693 302 491 96 0.643501 398 511 3.12894
24.9323 0.40955 0.231091 9 -8 0 0 0.539963 0.250501 291 164 729 182 322 283 693 302 491 97 0.641473 398 511 3.12894
24.9989 0.40955 0.231091 9 -8 0 0 0.539963 0.250501 293 164 729 183 323 282 693 301 491 97 0.641473 398 511 3.12894
25.0656 0.40955 0.231091 9 -8 0 0 0.539963 0.250501 294 163 729 183 323 282 692 301 491 97 0.627308 398 511 3.12894
25.1322 0.40955 0.231091 9 -8 0 0 0.539963 0.250501 294 164 725 181 323 282 686 297 491 96 0.641473 398 512 3.11628
25.1989 0.410321 0.240087 2 -15 0 0 0.539963 0.250501 294 165 710 175 323 282 681 294 491 96 0.649549 398 512 3.11628
25.2656 0.410321 0.240087 2 -15 0 0 0.549963 0.260501 294 165 709 174 323 282 681 294 491 96 0.65931 398 512 3.11628
25.3322 0.410321 0.240087 2 -15 0 0 0.549963 0.260501 294 164 709 174 323 283 681 294 491 96 0.655696 398 512 3.12909
25.3989 0.410321 0.240087 2 -15 0 0 0.549963 0.260501 312 159 709 174 336 278 681 294 491 96 0.643501 398 512 3.11628
25.4656 0.419318 0.249598 15 -15 0 0 0.549963 0.260501 316 158 709 174 336 278 681 294 491 96 0.639587 398 512 3.14159
25.5323 0.419318 0.249598 15 -15 0 0 0.549963 0.260501 317 157 709 174 337 278 681 294 491 96 0.641473 398 512 3.14159
25.5989 0.419318 0.249598 15 -15 0 0 0.549963 0.260501 317 157 708 173 337 278 679 294 491 96 0.655696 398 512 3.17955
25.6656 0.419318 0.249598 15 -15 0 0 0.549963 0.260501 316 156 689 164 337 279 669 289 489 95 0.660132 398 512 3.1669
25.7322 0.419318 0.249598 15 -15 0 0 0.549963 0.260501 316 156 688 164 337 279 668 289 490 96 0.664774 398 512 3.1669
25.7989 0.428828 0.250112 15 -69 0 0 0.559963 0.270501 317 156 688 164 337 279 668 288 491 96 0.633297 398 512 3.18004
25.8656 0.428828 0.250112 15 -69 0 0 0.559963 0.270501 317 156 688 164 349 275 668 288 491 96 0.643501 398 512 3.11596
25.9323 0.428828 0.250112 15 -69 0 0 0.559963 0.270501 340 152 688 164 352 274 669 287 490 96 0.666558 398 512 3.12894
25.9989 0.428828 0.250112 15 -69 0 0 0.559963 0.270501 341 152 687 164 352 274 668 288 490 96 0.649549 398 512 3.11628
26.0656 0.429343 0.260138 76 -16 0 0 0.559963 0.270501 341 152 687 164 352 274 668 288 490 96 0.633297 398 512 3.14159
26.1323 0.429343 0.260138 76 -16 0 0 0.559963 0.270501 341 153 669 159 352 273 657 282 490 96 0.637549 399 512 3.14159
26.199 0.429343 0.260138 76 -16 0 0 0.559963 0.270501 341 152 667 159 352 273 656 281 491 97 0.6637 398 512 3.14159
26.2656 0.429343 0.260138 76 -16 0 0 0.579 0.280501 342 152 666 158 352 273 656 282 491 96 0.635453 398 511 3.12894
26.3322 0.439368 0.261166 14 -11 0 0 0.579 0.280501 346 151 666 158 360 272 656 282 491 97 0.657528 398 512 3.18004
26.3989 0.439368 0.261166 14 -11 0 0 0.579 0.280501 363 148 666 158 366 272 656 283 490 96 0.673091 398 511 3.17955
26.4656 0.439368 0.261166 14 -11 0 0 0.579 0.280501 366 148 666 157 367 272 656 283 491 96 0.641473 398 512 3.1669
26.534 0.439368 0.261166 14 -11 0 0 0.579 0.280501 366 148 666 157 367 272 656 283 491 96 0.641473 398 513 3.19283
26.5989 0.439368 0.261166 14 -11 0 0 0.579 0.280501 366 148 666 157 367 272 629 273 491 95 0.641473 398 512 3.12894
26.6656 0.441424 0.269906 1 -17 0 0 0.579 0.280501 366 149 617 148 367 271 626 273 490 96 0.666558 398 512 3.14159
26.7322 0.441424 0.269906 1 -17 0 0 0.579 0.290501 366 148 617 148 367 272 627 273 490 96 0.62953 398 512 3.17955
26.7989 0.441424 0.269906 1 -17 0 0 0.579 0.290501 367 148 617 147 370 271 626 274 491 96 0.641473 398 512 3.12877
26.8656 0.441424 0.269906 1 -17 0 0 0.579 0.290501 388 147 617 148 381 270 626 273 491 96 0.633297 398 511 3.12894
26.9323 0.458133 0.279417 15 -17 0 0 0.579 0.290501 391 148 617 148 383 269 626 273 490 97 0.673195 398 511 3.12909
26.9989 0.458133 0.279417 15 -17 0 0 0.579 0.290501 392 147 617 148 383 269 626 273 491 96 0.641473 398 511 3.12894
27.0656 0.458133 0.279417 15 -17 0 0 0.579 0.290501 392 148 617 148 383 270 626 273 491 96 0.647591 398 511 3.12894
27.1322 0.458133 0.279417 15 -17 0 0 0.579 0.290501 392 147 617 148 383 269 626 273 490 96 0.660132 398 512 3.14159
27.1989 0.45839 0.279931 14 -78 0 0 0.579 0.308 393 147 617 148 383 270 626 273 490 96 0.674741 398 512 3.11596
27.2656 0.45839 0.279931 14 -78 0 0 0.579 0.308 392 147 617 148 383 270 626 273 491 96 0.621416 398 511 3.12909
27.3323 0.45839 0.279931 14 -78 0 0 0.579 0.308 413 148 617 148 396 269 626 273 517 98 0.598784 398 512 3.11596
27.3989 0.45839 0.279931 14 -78 0 0 0.579 0.308 417 148 617 148 398 269 627 273 528 99 0.568287 398 512 3.14159
27.4656 0.45839 0.279931 14 -78 0 0 0.579 0.308 416 149 617 148 398 269 626 273 527 98 0.531724 398 511 3.12894
27.5322 0.45839 0.289956 14 -22 0 0 0.579 0.308 417 149 617 148 398 269 626 273 528 99 0.562868 398 512 3.19283
27.5989 0.45839 0.289956 14 -22 0 0 0.579 0.308 417 148 617 148 398 269 627 273 527 98 0.556404 398 512 3.14159
27.6656 0.45839 0.289956 14 -22 0 0 0.578133 0.279417 417 148 617 148 398 269 626 273 527 97 0.567538 398 512 3.20561
27.7322 0.45839 0.289956 14 -22 0 0 0.57839 0.289956 417 148 617 148 399 269 627 273 527 97 0.561922 398 512 3.12909
27.7989 0.45839 0.292012 20 -42 0 0 0.57839 0.289956 441 152 625 150 399 269 633 275 535 99 0.494611 398 513 3.14159
27.8656 0.45839 0.292012 20 -42 0 0 0.57839 0.289956 444 153 628 151 415 270 633 275 540 101 0.526627 398 513 3.12909
27.9323 0.45839 0.30615 -1 -51 0 0 0.57839 0.289956 444 152 628 151 414 271 633 275 540 100 0.510126 398 513 3.14159
27.999 0.45839 0.30615 -1 -51 0 0 0.57839 0.289956 444 152 628 150 414 271 633 276 541 100 0.495311 398 512 3.12909
28.0656 0.45839 0.30615 -1 -51 0 0 0.57839 0.289956 444 152 628 150 414 271 634 276 540 101 0.486371 398 512 3.12894
28.1323 0.457361 0.303579 8 3 0 0 0.57839 0.289956 444 152 629 150 415 271 634 276 541 101 0.509071 398 512 3.11596
28.1989 0.457361 0.303579 8 3 0 0 0.57839 0.289956 444 152 625 149 415 271 631 276 533 96 0.491164 398 513 3.19283
28.2656 0.457361 0.303579 8 3 0 0 0.57839 0.289956 394 146 625 148 384 271 631 276 525 94 0.697391 398 512 3.1669
28.3322 0.457618 0.279674 14 4 0 0 0.57839 0.289956 391 146 625 148 383 270 631 276 528 95 0.954148 398 512 3.15441
28.3989 0.457618 0.279674 14 4 0 0 0.57839 0.289956 392 147 625 149 382 270 631 275 528 96 1.03038 398 511 3.12909
28.4656 0.457618 0.279674 14 4 0 0 0.57839 0.289956 392 147 625 149 382 270 631 275 527 96 1.0657 398 511 3.12894
28.5323 0.457618 0.287899 12 -18 0 0 0.57839 0.289956 407 147 625 149 394 269 631 275 528 96 1.0529 398 512 3.19349
28.599 0.457618 0.287899 12 -18 0 0 0.57839 0.289956 413 148 625 149 396 269 631 275 527 96 1.07064 398 512 3.11596
28.6656 0.457618 0.287899 12 -18 0 0 0.57839 0.289956 414 148 625 149 396 269 631 275 529 96 1.04918 398 512 3.19349
28.7322 0.457875 0.289185 12 -22 0 0 0.57839 0.289956 414 148 625 149 396 270 631 275 528 96 1.05786 398 512 3.19349
28.7989 0.457875 0.289185 12 -22 0 0 0.57839 0.289956 414 148 624 149 396 270 631 275 528 96 1.05786 398 512 3.11596
28.8656 0.457875 0.289185 12 -22 0 0 0.57839 0.289956 414 148 625 149 396 270 631 275 528 96 1.07963 398 511 3.12894
28.9322 0.457618 0.289185 9 -22 0 0 0.57839 0.289956 414 148 625 149 396 270 631 275 528 96 1.07475 398 511 3.12894
28.999 0.457618 0.289185 9 -22 0 0 0.57839 0.289956 414 148 625 149 396 270 631 275 529 96 1.06663 398 512 3.19349
29.0656 0.457618 0.289185 9 -22 0 0 0.57839 0.289956 414 148 625 149 396 270 631 275 529 97 1.06173 398 511 3.12894
29.1323 0.457618 0.289185 9 -23 0 0 0.57839 0.289956 414 148 625 149 396 270 631 275 528 96 1.09789 398 511 3.12894
29.199 0.457618 0.289185 9 -23 0 0 0.57839 0.289956 414 148 624 149 396 269 631 275 528 96 1.07963 398 512 3.11596
29.2656 0.457618 0.289185 9 -23 0 0 0.57839 0.289956 414 148 624 149 396 269 631 275 528 96 1.05786 398 512 3.19349
29.3322 0.457618 0.289442 12 -23 0 0 0.57839 0.289956 414 148 625 149 396 270 631 275 528 96 1.06273 398 512 3.19349
29.3989 0.457618 0.289442 12 -23 0 0 0.57839 0.289956 414 148 625 149 396 270 631 275 527 96 1.07064 398 511 3.12894
29.4656 0.457618 0.289442 12 -23 0 0 0.57839 0.289956 414 148 625 149 396 270 631 275 527 96 1.0657 398 511 3.12894
29.5322 0.457618 0.289185 10 -23 0 0 0.57839 0.289956 414 148 625 149 396 269 631 275 528 96 1.07963 398 512 3.19349
29.5989 0.457618 0.289185 10 -23 0 0 0.57839 0.289956 414 148 624 149 396 269 631 275 527 96 1.08872 398 511 3.12894
29.6656 0.457618 0.289185 10 -23 0 0 0.57839 0.289956 414 148 624 149 396 269 631 275 528 96 1.07475 398 511 3.12894
29.7323 0.457875 0.289185 11 -22 0 0 0.57839 0.289956 414 148 625 149 396 269 631 275 527 96 1.09345 398 512 3.11596
29.7989 0.457875 0.289185 11 -22 0 0 0.57839 0.289956 414 148 625 149 396 270 631 275 527 96 1.0657 398 512 3.11596
29.8656 0.457618 0.289185 11 -22 0 0 0.57839 0.289956 414 148 624 149 396 270 631 275 528 96 1.06273 398 511 3.12894
29.9322 0.457618 0.289185 11 -22 0 0 0.57839 0.289956 414 148 624 149 396 269 631 275 528 96 1.04417 398 512 3.19349
29.9989 0.457618 0.289185 11 -22 0 0 0.57839 0.289956 414 148 625 149 396 270 631 275 528 96 1.05786 398 511 3.12894
30.0656 0.457875 0.289185 10 -21 0 0 0.57839 0.289956 414 148 625 149 396 269 631 275 527 96 1.0657 398 512 3.19349
30.1323 0.457875 0.289185 10 -21 0 0 0.57839 0.289956 414 148 624 149 396 270 631 275 528 96 1.04417 398 511 3.12894
30.1989 0.457875 0.289185 10 -21 0 0 0.57839 0.289956 414 148 625 149 396 270 631 275 529 95 1.03907 398 512 3.19349
30.2656 0.457618 0.289185 14 -20 0 0 0.57839 0.289956 414 148 624 149 396 269 631 275 528 96 1.07475 398 512 3.19349
30.3323 0.457618 0.289185 14 -20 0 0 0.57839 0.289956 414 148 625 149 396 269 631 275 527 96 1.09345 398 511 3.12894
30.3989 0.457618 0.289185 14 -20 0 0 0.57839 0.289956 414 148 625 149 396 269 631 275 529 96 1.06663 398 512 3.11596
30.4656 0.457618 0.289185 10 -23 0 0 0.57839 0.289956 414 148 624 149 396 270 631 275 527 96 1.0657 398 512 3.19349
30.5322 0.457618 0.289185 10 -23 0 0 0.57839 0.289956 414 148 625 149 396 269 631 275 529 96 1.06663 398 511 3.12894
30.5989 0.457618 0.289185 10 -23 0 0 0.57839 0.289956 414 148 625 150 396 269 631 275 527 96 1.0657 398 512 3.19349
30.6656 0.457618 0.289185 10 -22 0 0 0.57839 0.289956 414 148 624 149 396 269 631 275 527 96 1.07064 398 512 3.11596
30.7323 0.457618 0.289185 10 -22 0 0 0.57839 0.289956 414 148 625 149 396 269 631 275 528 96 1.07475 398 511 3.12894
30.7989 0.457618 0.289185 10 -22 0 0 0.57839 0.289956 414 148 624 149 396 270 631 275 527 96 1.08872 398 512 3.11596
30.8656 0.457875 0.289185 13 -22 0 0 0.57839 0.289956 414 148 625 149 396 270 631 275 529 96 1.06663 398 511 3.12894
30.9323 0.457875 0.289185 13 -22 0 0 0.57839 0.289956 414 148 624 149 396 270 631 275 527 96 1.0657 398 511 3.12894
30.9989 0.457875 0.289185 13 -22 0 0 0.57839 0.289956 414 148 625 149 396 270 631 275 527 96 1.08872 398 512 3.11596
31.0656 0.457618 0.289185 10 -21 0 0 0.57839 0.289956 414 148 624 149 396 269 631 275 527 96 1.08872 398 512 3.11596
31.1323 0.457618 0.289185 10 -21 0 0 0.57839 0.289956 414 148 624 149 396 269 631 275 528 96 1.0529 398 512 3.11596
31.1989 0.457618 0.289185 10 -21 0 0 0.57839 0.289956 414 148 624 149 396 269 631 275 529 95 1.03907 398 512 3.11596
31.2656 0.457875 0.289185 13 -23 0 0 0.57839 0.289956 414 148 624 149 396 270 631 275 527 96 1.0657 398 511 3.12894
31.3323 0.457875 0.289185 13 -23 0 0 0.57839 0.289956 414 148 625 149 396 270 631 275 529 95 1.03907 398 512 3.11596
31.3989 0.457875 0.289185 13 -23 0 0 0.57839 0.289956 414 148 625 149 396 270 631 275 527 96 1.0657 398 512 3.11596
31.4656 0.457618 0.289185 12 -22 0 0 0.57839 0.289956 414 148 624 149 396 269 631 275 528 96 1.07475 398 511 3.12894
31.5323 0.457618 0.289185 12 -22 0 0 0.57839 0.289956 414 148 624 149 396 269 631 275 529 96 1.03389 398 512 3.11596
31.599 0.457618 0.289442 12 -20 0 0 0.57839 0.289956 414 148 624 149 396 270 631 275 527 96 1.0657 398 511 3.12894
31.6656 0.457618 0.289442 12 -20 0 0 0.57839 0.289956 414 148 625 149 396 270 631 275 528 96 1.05786 398 512 3.19349
31.7323 0.457618 0.289442 12 -20 0 0 0.57839 0.289956 414 148 625 149 396 269 631 275 528 96 1.07963 398 512 3.11596
31.7989 0.457618 0.289442 13 -21 0.2 0.2 0.57859 0.290156 414 148 624 149 396 269 631 275 527 96 1.09345 398 512 3.11596
31.8656 0.457618 0.289442 13 -21 0.2 0.2 0.57879 0.290356 414 148 625 149 396 269 631 275 529 95 1.03907 398 512 3.19349
31.9322 0.457618 0.289442 13 -21 0.2 0.2 0.57899 0.290556 414 148 625 149 396 270 631 275 528 96 1.04417 398 511 3.12894
31.9989 0.457875 0.289185 12 -20 0.2 0.2 0.57919 0.290756 414 148 625 149 396 270 631 275 528 96 1.06273 398 512 3.11596
32.0656 0.457875 0.289185 12 -20 0.2 0.2 0.57939 0.290956 414 148 625 149 396 270 631 275 529 96 1.06173 398 512 3.11596
32.1323 0.457875 0.289185 12 -20 0.2 0.2 0.57959 0.291156 414 148 624 149 396 270 631 275 528 96 1.0529 398 512 3.19349
32.1989 0.457618 0.289185 18 -19 0.2 0.2 0.57979 0.291356 414 148 625 149 396 270 631 275 528 96 1.07963 398 512 3.11596
32.2656 0.457618 0.289185 18 -19 0.2 0.2 0.57999 0.291556 414 148 624 149 396 270 631 275 527 96 1.0657 398 512 3.11596
32.3323 0.457618 0.289185 18 -19 0.2 0.2 0.58019 0.291756 414 148 624 149 396 270 631 275 528 96 1.07475 398 512 3.11596
32.3989 0.458133 0.289699 14 -21 0.2 0.2 0.58039 0.291956 414 148 624 149 397 270 631 275 529 96 1.06663 398 512 3.11596
32.4656 0.458133 0.289699 14 -21 0.2 0.2 0.58059 0.292156 415 148 624 149 397 269 631 275 527 96 1.0657 398 511 3.12894
32.5323 0.458133 0.289699 14 -21 0.2 0.2 0.58079 0.292356 415 148 623 149 397 269 629 275 528 96 1.06273 398 511 3.12894
32.5989 0.458904 0.289699 22 -27 0.2 0.2 0.58099 0.292556 415 148 621 149 397 269 628 274 527 96 1.0657 398 511 3.12894
32.6656 0.458904 0.289699 22 -27 0.2 0.2 0.58119 0.292756 415 148 621 149 397 270 628 274 527 96 1.08872 398 512 3.19283
32.7323 0.458904 0.289699 22 -27 0.2 0.2 0.58139 0.292956 417 148 621 149 398 270 629 274 529 96 1.06173 398 511 3.12894
32.7989 0.459161 0.290727 29 -24 0.2 0.2 0.58159 0.293156 417 148 621 149 398 270 628 274 527 96 1.0657 398 512 3.14159
32.8656 0.459161 0.290727 29 -24 0.2 0.2 0.58179 0.293356 417 148 618 148 398 270 627 274 529 96 1.06663 398 512 3.11596
32.9323 0.459161 0.290727 29 -24 0.2 0.2 0.58199 0.293556 417 148 618 148 399 269 626 274 527 96 1.0657 398 511 3.12894
32.9989 0.460189 0.290727 18 -19 0.2 0.2 0.58219 0.293756 418 148 617 148 399 269 626 274 528 96 1.07475 398 512 3.11596
33.0656 0.460189 0.290727 18 -19 0.2 0.2 0.58239 0.293956 420 148 618 148 400 269 626 274 528 96 1.07475 398 512 3.19349
33.1323 0.460189 0.291755 39 -23 0.2 0.2 0.58259 0.294156 420 148 618 148 400 269 626 274 528 96 1.07963 398 512 3.19349
33.1989 0.460189 0.291755 39 -23 0.2 0.2 0.58279 0.294356 420 148 616 148 400 269 626 274 527 95 1.0657 398 512 3.11596
33.2656 0.460189 0.291755 39 -23 0.2 0.2 0.58299 0.294556 420 148 616 148 400 269 626 274 526 95 1.06978 398 511 3.12894
33.3323 0.46096 0.292269 29 -18 0.2 0.2 0.58319 0.294756 421 148 616 148 401 269 626 274 526 96 1.07475 398 511 3.12894
33.3989 0.46096 0.292269 29 -18 0.2 0.2 0.58339 0.294956 422 149 616 148 401 269 626 273 526 96 1.07963 398 511 3.12894
33.4656 0.46096 0.292269 29 -18 0.2 0.2 0.58359 0.295156 422 148 616 148 401 269 625 274 526 96 1.0529 398 511 3.12894
33.5323 0.461474 0.292783 35 -27 0.2 0.2 0.58379 0.295356 423 149 614 148 402 269 625 274 524 95 1.07475 398 511 3.12894
33.599 0.461474 0.292783 35 -27 0.2 0.2 0.58399 0.295556 422 149 614 148 402 269 624 273 524 96 1.04417 398 511 3.12894
33.6656 0.461474 0.292783 35 -27 0.2 0.2 0.58419 0.295756 424 149 614 148 403 270 624 273 523 96 1.0657 398 512 3.11596
33.7323 0.461731 0.293554 20 -23 0.2 0.2 0.58439 0.295956 424 149 614 148 403 270 624 274 523 96 1.07475 398 512 3.12894
33.7989 0.461731 0.293554 20 -23 0.2 0.2 0.58459 0.296156 424 149 614 148 403 270 624 274 523 95 1.05673 398 512 3.11596
33.8656 0.461731 0.293554 20 -23 0.2 0.2 0.58479 0.296356 425 149 612 148 403 270 623 274 521 95 1.05673 398 512 3.11596
33.9323 0.462759 0.293554 37 -19 0.2 0.2 0.58499 0.296556 425 149 612 148 403 270 623 273 520 95 1.07549 398 512 3.11596
33.9989 0.462759 0.293554 37 -19 0.2 0.2 0.58519 0.296756 426 149 611 148 404 270 623 273 521 95 1.08443 398 512 3.11596
34.0656 0.462759 0.293554 37 -19 0.2 0.2 0.58539 0.296956 427 149 611 148 404 270 623 273 520 95 1.08443 398 512 3.19349
34.1323 0.462759 0.294583 15 -23 0.2 0.2 0.58559 0.297156 427 149 611 148 404 270 622 273 520 95 1.05673 398 511 3.12894
34.1989 0.462759 0.294583 15 -23 0.2 0.2 0.58579 0.297356 427 149 610 148 404 270 623 273 520 95 1.08443 398 512 3.11596
34.2656 0.462759 0.294583 15 -23 0.2 0.2 0.58599 0.297556 427 149 610 148 404 270 622 273 520 95 1.08443 398 512 3.12894
34.3323 0.463531 0.295354 27 -28 0.2 0.2 0.58619 0.297756 427 149 611 148 404 270 623 273 521 95 1.08443 399 512 3.12877
34.3989 0.463531 0.295354 27 -28 0.2 0.2 0.58639 0.297956 427 149 611 148 404 270 623 273 521 95 1.08443 398 512 3.12894
34.4656 0.463531 0.295354 27 -28 0.2 0.2 0.58659 0.298156 427 149 610 148 404 270 623 273 521 95 1.08443 398 511 3.12894
34.5322 0.464559 0.295354 22 -33 0.2 0.2 0.58679 0.298356 427 149 611 148 404 270 623 273 519 95 1.10715 398 512 3.11596
34.5989 0.464559 0.295354 22 -33 0.2 0.2 0.58699 0.298556 427 149 610 148 404 270 623 273 520 95 1.08443 398 512 3.11596
34.6656 0.464559 0.296125 32 -35 0.2 0.2 0.58719 0.298756 427 149 611 148 404 270 623 273 521 96 1.07963 398 512 3.19349
34.7322 0.464559 0.296125 32 -35 0.2 0.2 0.58739 0.298956 427 149 610 148 404 270 623 273 521 95 1.08443 398 512 3.12894
34.7989 0.464559 0.296125 32 -35 0.2 0.2 0.58759 0.299156 427 149 610 148 404 270 622 273 520 95 1.08443 398 512 3.11628
34.8656 0.46533 0.296125 35 -33 0.2 0.2 0.58779 0.299356 427 149 610 148 404 270 623 274 521 95 1.08443 399 512 3.12877
34.9322 0.46533 0.296125 35 -33 0.2 0.2 0.58799 0.299556 427 149 610 148 404 270 623 274 521 95 1.08443 398 512 3.11596
34.9989 0.46533 0.296125 35 -33 0.2 0.2 0.58819 0.299756 427 149 611 148 404 270 623 274 521 96 1.08443 398 512 3.12894
35.0656 0.46533 0.296896 55 -35 0.2 0.2 0.58839 0.299956 427 149 611 148 404 270 623 274 521 95 1.06978 398 512 3.11596
35.1322 0.46533 0.296896 55 -35 0.2 0.2 0.58859 0.300156 427 149 611 148 404 270 623 274 521 96 1.06273 398 511 3.12894
35.1989 0.46533 0.296896 55 -35 0.2 0.2 0.58879 0.300356 427 149 611 148 404 270 623 274 520 96 1.09345 398 512 3.12894
35.2656 0.466101 0.29741 46 -44 0.2 0.2 0.58899 0.300556 428 149 611 148 404 270 623 274 521 96 1.07145 398 512 3.11562
35.3323 0.466101 0.29741 46 -44 0.2 0.2 0.58919 0.300756 428 149 611 148 405 270 623 274 521 95 1.06067 398 512 3.19349
35.3989 0.466101 0.29741 46 -44 0.2 0.2 0.58939 0.300956 428 149 611 148 404 270 623 274 521 96 1.07145 398 512 3.11628
35.4656 0.466872 0.29741 32 -49 0.2 0.2 0.58959 0.301156 428 149 611 148 404 270 623 274 521 96 1.07145 398 512 3.11596
35.5323 0.466872 0.29741 32 -49 0.2 0.2 0.58979 0.301356 428 149 611 148 404 270 623 274 521 96 1.07145 398 512 3.12894
35.5989 0.466872 0.29741 32 -49 0.2 0.2 0.58999 0.301556 428 149 611 148 405 270 623 274 521 95 1.0657 399 512 3.12877
35.6656 0.466615 0.298181 40 -44 0.2 0.2 0.59019 0.301756 428 149 611 148 405 270 623 274 522 96 1.04417 398 512 3.12894
35.7322 0.466615 0.298181 40 -44 0.2 0.2 0.59039 0.301956 428 149 611 148 405 270 623 274 522 96 1.04417 398 512 3.11628
35.7989 0.466615 0.298181 40 -44 0.2 0.2 0.59059 0.302156 428 149 611 148 405 270 623 274 521 96 1.0529 398 512 3.12894
35.8656 0.467386 0.298438 36 -51 0.2 0.2 0.59079 0.302356 428 149 611 148 405 270 623 274 521 96 1.0529 398 512 3.12894
35.9322 0.467386 0.298438 36 -51 0.2 0.2 0.59099 0.302556 428 149 611 148 405 270 623 273 521 95 1.0657 398 512 3.11628
35.9989 0.467386 0.298438 36 -51 0.2 0.2 0.59119 0.302756 428 149 611 148 405 270 623 274 521 95 1.09345 399 512 3.12877
36.0656 0.467643 0.298953 35 -51 0.2 0.2 0.59139 0.302956 428 149 611 148 405 270 623 274 522 96 1.06273 399 512 3.12877
36.1323 0.467643 0.298953 35 -51 0.2 0.2 0.59159 0.303156 428 149 611 148 405 270 623 274 521 96 1.06978 399 512 3.12877
36.1989 0.467643 0.298953 35 -51 0.2 0.2 0.59179 0.303356 428 149 611 148 405 270 623 274 521 95 1.07475 398 512 3.19349
36.2656 0.468415 0.299981 47 -52 0.2 0.2 0.59199 0.303556 428 149 612 148 405 270 623 273 521 95 1.10256 398 512 3.12894
36.3322 0.468415 0.299981 47 -52 0.2 0.2 0.59219 0.303756 428 149 612 148 404 270 623 273 522 96 1.07145 398 512 3.12894
36.3989 0.468415 0.299981 47 -52 0.2 0.2 0.59239 0.303956 428 149 612 148 405 270 623 274 522 96 1.07145 398 512 3.19349
36.4656 0.469186 0.299981 48 -63 0.2 0.2 0.59259 0.304156 428 149 612 148 404 270 623 274 522 96 1.07145 398 512 3.14159
36.5323 0.469186 0.299981 48 -63 0.2 0.2 0.59279 0.304356 428 150 612 148 404 270 623 274 522 96 1.07145 398 512 3.11628
36.5989 0.469186 0.299981 48 -63 0.2 0.2 0.59299 0.304556 428 150 612 148 405 270 623 274 522 96 1.07145 398 513 3.14159
36.6656 0.469186 0.301009 63 -55 0.2 0.2 0.59319 0.304756 428 149 612 148 404 270 623 274 521 96 1.10256 398 513 3.14159
36.7323 0.469186 0.301009 63 -55 0.2 0.2 0.59339 0.304956 428 149 612 148 404 270 623 274 522 96 1.07619 399 512 3.12877
36.799 0.470214 0.301266 57 -55 0.2 0.2 0.59359 0.305156 428 149 612 148 404 270 624 274 521 96 1.10256 398 512 3.12909
36.8656 0.470214 0.301266 57 -55 0.2 0.2 0.59379 0.305356 428 149 612 148 404 270 624 274 522 96 1.07549 398 512 3.11628
36.9323 0.470214 0.301266 57 -55 0.2 0.2 0.59399 0.305556 428 149 612 148 404 270 624 274 521 96 1.10715 398 512 3.11628
36.9989 0.470471 0.302294 45 -52 0.2 0.2 0.59419 0.305756 428 150 612 148 404 270 624 274 521 96 1.10715 398 513 3.14159
37.0656 0.470471 0.302294 45 -52 0.2 0.2 0.59439 0.305956 428 150 612 149 404 270 624 274 522 96 1.08443 399 512 3.12877
37.1322 0.470471 0.302294 45 -52 0.2 0.2 0.59459 0.306156 428 149 612 149 404 270 624 274 522 96 1.08443 398 513 3.14159
37.1989 0.470985 0.302551 45 -62 0.2 0.2 0.59479 0.306356 428 150 612 149 404 270 624 274 521 96 1.11176 398 512 3.14159
37.2656 0.470985 0.302551 45 -62 0 0 0.59479 0.306356 428 150 612 148 404 270 624 274 521 96 1.11176 398 512 3.14159
37.3322 0.470985 0.302551 45 -62 0 0 0.59479 0.306356 428 149 612 148 404 270 624 274 521 96 1.11176 398 512 3.11628
37.399 0.471756 0.302551 56 -57 0 0 0.59479 0.306356 428 149 612 148 404 270 624 274 522 97 1.08913 398 512 3.12894
37.4656 0.471756 0.302551 56 -57 0 0 0.59479 0.306356 428 150 612 149 404 270 624 274 522 97 1.08913 398 512 3.12894
37.5323 0.471756 0.302551 56 -57 0 0 0.59479 0.306356 428 150 612 148 404 270 624 274 521 97 1.09345 398 512 3.12894
37.5989 0.471756 0.303579 50 -61 0 0 0.59479 0.306356 428 150 612 148 404 270 624 274 522 96 1.0657 398 512 3.11628
37.6656 0.471756 0.303579 50 -61 0 0 0.59479 0.306356 428 150 612 148 404 270 624 274 522 96 1.0657 398 512 3.12894
37.7323 0.471756 0.303579 50 -61 0 0 0.59479 0.306356 428 150 612 149 404 270 624 274 522 97 1.0529 398 513 3.14159
37.7989 0.472527 0.304094 58 -63 0 0 0.59479 0.306356 428 150 612 148 404 270 624 274 521 96 1.07475 398 512 3.11628
37.8656 0.472527 0.304094 58 -63 0 0 0.59479 0.306356 428 150 612 149 404 270 624 274 522 96 1.07475 398 512 3.12894
37.9323 0.472527 0.304094 58 -63 0 0 0.59479 0.306356 428 150 612 149 404 270 624 274 521 96 1.07475 398 512 3.11628
37.9989 0.472527 0.304094 45 -62 0 0 0.59479 0.306356 428 150 612 149 404 270 624 274 522 97 1.0529 398 512 3.11628
38.0656 0.472527 0.304094 45 -62 0 0 0.59479 0.306356 428 150 612 149 404 270 624 274 522 97 1.0529 398 512 3.12894
38.1323 0.472527 0.304094 45 -62 0 0 0.59479 0.306356 428 150 612 149 404 270 624 274 522 97 1.0529 398 512 3.12894
38.199 0.472527 0.304094 50 -65 0 0 0.59479 0.306356 428 150 612 149 404 270 624 274 522 97 1.0529 399 512 3.12877
38.2656 0.472527 0.304094 50 -65 0 0 0.59479 0.306356 428 150 612 149 404 270 624 274 522 97 1.0529 398 512 3.12894
38.3323 0.472527 0.304094 50 -65 0 0 0.59479 0.306356 428 150 612 149 404 270 624 274 522 97 1.0529 398 512 3.12894
38.3989 0.472527 0.304094 38 -63 -0.2 0.2 0.59459 0.306556 428 150 612 149 404 270 624 274 522 97 1.0529 398 513 3.14159
38.4656 0.472527 0.304094 38 -63 -0.2 0.2 0.59439 0.306756 428 150 612 149 404 270 624 274 522 97 1.07145 398 513 3.14159
38.5322 0.472527 0.304094 38 -63 -0.2 0.2 0.59419 0.306956 428 150 612 149 404 270 624 274 522 97 1.0529 398 512 3.12894
38.5989 0.472527 0.304094 46 -63 -0.2 0.2 0.59399 0.307156 428 150 612 149 404 270 624 274 522 97 1.0529 398 513 3.14159
38.6656 0.472527 0.304094 46 -63 -0.2 0.2 0.59379 0.307356 427 150 612 149 404 270 624 274 522 97 1.07145 398 513 3.14159
38.7322 0.472527 0.304094 48 -63 -0.2 0.2 0.59359 0.307556 428 150 612 149 404 270 624 274 522 97 1.07145 398 512 3.11628
38.7989 0.472527 0.304094 48 -63 -0.2 0.2 0.59339 0.307756 428 150 612 149 404 270 624 274 522 97 1.07145 398 513 3.14159
38.8656 0.472527 0.304094 48 -63 -0.2 0.2 0.59319 0.307956 428 150 612 149 404 270 624 274 522 97 1.07145 398 512 3.14159
38.9323 0.472527 0.304094 48 -63 -0.2 0.2 0.59299 0.308156 427 150 612 149 404 270 624 274 522 97 1.07145 398 512 3.11628
38.9989 0.472527 0.304094 32 -63 -0.2 0.2 0.59279 0.308356 428 150 612 149 404 270 624 274 522 97 1.07145 398 512 3.11628
39.0656 0.472527 0.304094 32 -63 -0.2 0.2 0.59259 0.308556 427 150 612 148 404 270 624 274 522 97 1.06752 398 512 3.12909
39.1323 0.472527 0.304351 29 -69 -0.2 0.2 0.59239 0.308756 428 150 612 149 404 270 624 274 522 97 1.0529 398 512 3.14159
39.1989 0.472527 0.304351 29 -69 -0.2 0.2 0.59219 0.308956 428 150 612 149 404 270 624 274 523 97 1.04417 398 512 3.12894
39.2656 0.472527 0.304351 29 -69 -0.2 0.2 0.59199 0.309156 428 150 612 149 404 270 624 274 521 96 1.07475 398 512 3.12909
39.3322 0.47227 0.304351 16 -66 -0.2 0.2 0.59179 0.309356 428 150 612 149 404 270 624 274 521 96 1.0839 398 512 3.11628
39.3989 0.47227 0.304351 16 -66 -0.2 0.2 0.59159 0.309556 428 150 612 149 404 270 624 274 522 97 1.05673 398 512 3.11628
39.4656 0.47227 0.304351 16 -66 -0.2 0.2 0.59139 0.309756 428 150 612 149 404 270 624 274 522 97 1.04417 398 512 3.12909
39.5322 0.47227 0.305379 17 -70 -0.2 0.2 0.59119 0.309956 428 150 612 149 404 270 624 274 522 97 1.0529 399 512 3.12877
39.5989 0.47227 0.305379 17 -70 -0.2 0.2 0.59099 0.310156 428 150 613 148 404 270 624 274 522 97 1.07475 398 512 3.12894
39.6656 0.47227 0.305379 17 -70 -0.2 0.2 0.59079 0.310356 428 150 613 149 404 270 625 274 523 97 1.06173 398 512 3.11628
39.7323 0.471242 0.305893 14 -75 -0.2 0.2 0.59059 0.310556 428 150 613 149 404 270 624 274 523 97 1.06663 398 512 3.12894
39.7989 0.471242 0.305893 14 -75 -0.2 0.2 0.59039 0.310756 428 150 613 149 404 270 624 274 522 97 1.09313 398 512 3.11628
39.8656 0.471242 0.305893 14 -75 -0.2 0.2 0.59019 0.310956 428 150 613 149 404 270 624 274 523 97 1.04272 398 512 3.11628
39.9322 0.470985 0.306407 14 -70 -0.2 0.2 0.58999 0.311156 428 150 613 149 404 270 625 274 523 97 1.04786 398 513 3.14159
39.999 0.470985 0.306407 14 -70 -0.2 0.2 0.58979 0.311356 429 150 613 149 404 270 625 274 523 97 1.07064 398 513 3.14159
40.0656 0.470985 0.306407 14 -70 -0.2 0.2 0.58959 0.311556 429 150 614 149 404 270 625 274 523 97 1.09313 398 512 3.1166
40.1323 0.470471 0.307435 14 -69 -0.2 0.2 0.58939 0.311756 429 150 614 149 404 270 625 275 523 97 1.05555 398 512 3.12894
40.1989 0.470471 0.307435 14 -69 -0.2 0.2 0.58919 0.311956 429 150 614 149 404 270 625 275 524 98 1.05165 398 512 3.11628
40.2656 0.470471 0.307435 14 -69 -0.2 0.2 0.58899 0.312156 430 150 615 149 404 270 626 274 524 97 1.05165 399 512 3.12877
40.3323 0.469443 0.307692 12 -69 -0.2 0.2 0.58879 0.312356 430 150 615 149 405 270 626 274 525 98 1.03038 398 512 3.11628
40.3989 0.469443 0.307692 12 -69 -0.2 0.2 0.58859 0.312556 431 150 616 149 405 270 626 274 525 97 1.05555 398 512 3.1166
40.4656 0.469443 0.307692 12 -69 -0.2 0.2 0.58839 0.312756 431 151 615 149 405 270 626 275 525 98 1.06067 398 512 3.12894
40.5323 0.469443 0.307949 11 -74 -0.2 0.2 0.58819 0.312956 431 150 616 149 405 270 626 274 526 98 1.03038 398 512 3.12894
40.5989 0.469443 0.307949 11 -74 -0.2 0.2 0.58799 0.313156 431 150 616 149 405 270 626 275 526 98 1.07064 398 512 3.12894
40.6656 0.468929 0.308978 9 -69 -0.2 0.2 0.58779 0.313356 432 151 616 149 405 270 627 275 527 98 1.02514 398 512 3.1166
40.7322 0.468929 0.308978 9 -69 -0.2 0.2 0.58759 0.313556 433 151 618 149 405 270 627 275 528 98 1.02861 398 512 3.14159
40.7989 0.468929 0.308978 9 -69 -0.2 0.2 0.58739 0.313756 433 151 618 149 405 270 627 275 527 98 1.05555 398 512 3.12909
40.8656 0.468158 0.309235 12 -68 -0.2 0.2 0.58719 0.313956 433 151 618 149 406 270 627 275 528 98 1.04786 398 512 3.14159
40.9323 0.468158 0.309235 12 -68 -0.2 0.2 0.58699 0.314156 434 151 619 149 407 270 628 275 529 99 1.03389 398 513 3.14159
40.9989 0.468158 0.309235 12 -68 -0.2 0.2 0.58679 0.314356 434 151 619 149 407 270 628 275 529 98 1.04121 398 513 3.14159
41.0656 0.467643 0.310006 13 -74 -0.2 0.2 0.58659 0.314556 435 151 620 149 407 270 628 275 530 98 1.03749 398 512 3.12894
41.1323 0.467643 0.310006 13 -74 -0.2 0.2 0.58639 0.314756 435 151 620 149 407 270 628 275 530 98 1.04121 398 512 3.12894
41.1989 0.467643 0.310006 13 -74 -0.2 0.2 0.58619 0.314956 436 151 620 149 408 270 629 275 532 98 0.982794 398 513 3.14159
41.2656 0.466615 0.310263 10 -68 -0.2 0.2 0.58599 0.315156 436 151 621 149 408 271 629 275 532 99 1.00793 398 512 3.15425
41.3322 0.466615 0.310263 10 -68 -0.2 0.2 0.58579 0.315356 437 151 621 149 409 270 630 275 533 99 1.00793 398 512 3.14159
41.3989 0.466615 0.310263 10 -68 -0.2 0.2 0.58559 0.315556 437 151 622 149 409 271 630 276 534 98 1.00251 398 512 3.15425
41.4656 0.466872 0.311034 3 -72 -0.2 0.2 0.58539 0.315756 437 151 623 150 409 270 630 276 534 98 0.993998 398 512 3.15441
41.5323 0.466872 0.311034 3 -72 -0.2 0.2 0.58519 0.315956 438 151 623 150 409 271 631 276 535 99 0.977047 398 512 3.12909
41.5989 0.466872 0.311034 3 -72 -0.2 0.2 0.58499 0.316156 439 151 624 150 410 270 631 275 535 99 1.00565 398 512 3.15441
41.6656 0.465844 0.311805 12 -73 -0.2 0.2 0.58479 0.316356 439 151 624 150 410 271 632 276 535 99 0.99139 398 513 3.14159
41.7322 0.465844 0.311805 12 -73 -0.2 0.2 0.58459 0.316556 440 152 625 150 411 270 632 276 537 99 0.991081 398 513 3.14159
41.7989 0.465844 0.311805 12 -73 -0.2 0.2 0.58439 0.316756 440 152 625 150 411 270 632 276 536 99 1.01981 398 513 3.14159
41.8656 0.46533 0.312319 8 -70 -0.2 0.2 0.58419 0.316956 441 152 626 150 411 270 632 276 538 99 0.965894 398 513 3.14159
41.9322 0.46533 0.312319 8 -70 -0.2 0.2 0.58399 0.317156 441 152 626 150 411 270 633 276 538 100 0.974597 398 513 3.14159
41.9989 0.46533 0.312319 8 -70 -0.2 0.2 0.58379 0.317356 441 151 627 150 412 271 633 276 537 99 0.997542 398 512 3.12894
42.0656 0.464816 0.312833 8 -76 -0.2 0.2 0.58359 0.317556 442 152 627 150 412 271 633 276 538 100 1.02323 398 512 3.15425
42.1323 0.464816 0.312833 8 -76 -0.2 0.2 0.58339 0.317756 442 152 627 150 412 271 633 276 538 100 1.02323 398 512 3.12894
42.1989 0.464816 0.312833 8 -76 -0.2 0.2 0.58319 0.317956 443 152 627 150 412 271 633 276 539 100 1.01439 398 512 3.14159
42.2656 0.464045 0.312833 10 -61 -0.2 0.2 0.58299 0.318156 443 152 628 151 413 271 634 277 541 100 0.96007 398 513 3.14159
42.3323 0.464045 0.312833 10 -61 -0.2 0.2 0.58279 0.318356 445 152 630 151 414 271 635 277 542 99 0.9712 398 512 3.12909
42.3989 0.463788 0.314119 11 -74 -0.2 0.2 0.58259 0.318556 445 152 630 151 414 271 635 277 543 100 0.943488 398 512 3.12909
42.4656 0.463788 0.314119 11 -74 -0.2 0.2 0.58239 0.318756 445 152 630 151 414 271 635 277 542 100 0.9712 398 513 3.14159
42.5322 0.463788 0.314119 11 -74 -0.2 0.2 0.58219 0.318956 446 152 631 151 414 271 635 277 544 100 0.943488 398 512 3.12909
42.5989 0.463017 0.315147 12 -74 -0.2 0.2 0.58199 0.319156 446 152 631 151 414 271 635 277 543 100 0.996997 398 513 3.14159
42.6656 0.463017 0.315147 12 -74 -0.2 0.2 0.58179 0.319356 447 153 632 151 415 271 636 277 545 101 0.971621 398 513 3.14159
42.7322 0.463017 0.315147 12 -74 -0.2 0.2 0.58159 0.319556 447 153 632 151 415 271 636 277 545 101 0.963352 399 512 3.12877
42.7989 0.462502 0.315404 7 -71 -0.2 0.2 0.58139 0.319756 448 153 633 151 415 271 636 277 545 101 0.95173 398 512 3.1166
42.8656 0.462502 0.315404 7 -71 -0.2 0.2 0.58119 0.319956 448 153 633 151 416 271 636 277 546 100 0.96007 399 512 3.12877
42.9323 0.462502 0.315404 7 -71 -0.2 0.2 0.58099 0.320156 448 153 634 152 416 271 637 277 546 101 0.962624 398 513 3.14159
42.9989 0.461731 0.316432 10 -69 -0.2 0.2 0.58079 0.320356 450 153 635 152 417 271 638 277 547 101 0.956637 398 512 3.12909
43.0656 0.461731 0.316432 10 -69 -0.2 0.2 0.58059 0.320556 450 153 635 152 417 271 638 277 547 101 0.956637 398 513 3.14159
43.1323 0.461731 0.316432 10 -69 -0.2 0.2 0.58039 0.320756 451 153 636 152 417 271 639 278 549 101 0.94938 398 512 3.12894
43.1989 0.46096 0.316432 11 -68 -0.2 0.2 0.58019 0.320956 451 153 636 152 417 271 639 278 549 102 0.935343 398 512 3.15441
43.2656 0.46096 0.316432 11 -68 -0.2 0.2 0.57999 0.321156 452 153 637 152 417 271 638 277 550 101 0.94938 398 512 3.12894
43.3323 0.46096 0.316432 11 -68 -0.2 0.2 0.57979 0.321356 452 153 637 152 417 271 638 277 551 102 0.921247 398 512 3.15441
43.3989 0.460703 0.316689 -1 -75 -0.2 0.2 0.57959 0.321556 452 154 637 152 417 271 638 277 550 102 0.929324 398 512 3.12894
43.4656 0.460703 0.316689 -1 -75 -0.2 0.2 0.57939 0.321756 452 154 637 152 417 271 639 278 550 101 0.957589 398 512 3.15441
43.5323 0.460703 0.316689 -1 -75 -0.2 0.2 0.57919 0.321956 453 154 638 152 417 271 639 278 551 102 0.954148 398 512 3.11628
43.599 0.459932 0.31746 13 -75 -0.2 0.2 0.57899 0.322156 454 154 639 152 419 272 640 278 551 102 0.939717 399 512 3.12877
43.6656 0.459932 0.31746 13 -75 -0.2 0.2 0.57879 0.322356 454 154 639 152 419 272 640 278 552 102 0.939717 398 512 3.12894
43.7323 0.459932 0.31746 13 -75 -0.2 0.2 0.57859 0.322556 454 154 639 152 419 272 640 278 552 102 0.939717 398 512 3.15441
43.7989 0.459418 0.317717 8 -73 -0.2 0.2 0.57839 0.322756 455 154 640 152 420 272 641 278 553 102 0.933558 398 512 3.12894
43.8656 0.459418 0.317717 8 -73 -0.2 0.2 0.57819 0.322956 455 154 640 152 420 272 641 279 555 102 0.935343 398 512 3.15441
43.9322 0.458904 0.318746 13 -69 -0.2 0.2 0.57799 0.323156 456 154 640 152 420 272 642 278 555 103 0.908855 398 513 3.14159
43.9989 0.458904 0.318746 13 -69 -0.2 0.2 0.57779 0.323356 456 154 641 153 421 272 642 278 555 103 0.95173 398 512 3.14159
44.0656 0.458904 0.318746 13 -69 -0.2 0.2 0.57759 0.323556 457 155 642 153 421 272 642 279 556 102 0.925221 398 512 3.12894
44.1323 0.458133 0.318746 13 -66 -0.2 0.2 0.57739 0.323756 458 155 643 153 421 272 642 279 557 102 0.907096 398 512 3.12894
44.199 0.458133 0.318746 13 -66 -0.2 0.2 0.57719 0.323956 458 155 643 153 422 272 642 279 557 103 0.943488 398 512 3.11628
44.2656 0.458133 0.318746 13 -66 -0.2 0.2 0.57699 0.324156 459 155 644 153 422 272 643 279 557 104 0.927295 398 512 3.12894
44.3323 0.457875 0.319517 0 -70 -0.2 0.2 0.57679 0.324356 459 155 644 153 422 272 643 279 559 103 0.905386 398 512 3.12894
44.3989 0.457875 0.319517 0 -70 -0.2 0.2 0.57659 0.324556 460 155 644 153 423 272 643 279 560 103 0.892896 398 512 3.11628
44.4656 0.457875 0.319517 0 -70 -0.2 0.2 0.57639 0.324756 460 155 645 153 422 272 644 279 560 103 0.886502 398 512 3.12894
44.5322 0.457104 0.320545 12 -69 -0.2 0.2 0.57619 0.324956 461 156 645 153 424 272 644 279 560 104 0.908855 398 513 3.14159
44.5989 0.457104 0.320545 12 -69 -0.2 0.2 0.57599 0.325156 462 156 647 154 424 272 645 280 561 103 0.937499 398 513 3.14159
44.6656 0.457104 0.320545 12 -69 -0.2 0.2 0.57579 0.325356 462 156 647 154 424 272 645 280 561 103 0.904239 398 513 3.14159
44.7323 0.45659 0.320802 9 -68 -0.2 0.2 0.57559 0.325556 462 156 647 154 424 272 645 280 561 104 0.910665 398 512 3.15441
44.7989 0.45659 0.320802 9 -68 -0.2 0.2 0.575389 0.325756 463 156 648 154 424 272 645 279 562 104 0.902507 398 512 3.12894
44.8656 0.45659 0.320802 9 -68 -0.2 0.2 0.575189 0.325956 464 156 648 154 425 272 646 280 564 105 0.863255 398 512 3.11628
44.9323 0.455819 0.322087 10 -69 -0.2 0.2 0.574989 0.326156 465 157 649 155 426 272 646 280 564 104 0.881398 398 512 3.11628
44.9989 0.455819 0.322087 10 -69 -0.2 0.2 0.574789 0.326356 465 156 649 155 426 273 646 280 564 104 0.887978 398 512 3.11628
45.0656 0.455819 0.322087 10 -69 -0.2 0.2 0.574589 0.326556 465 157 649 155 426 273 647 281 565 105 0.872137 398 512 3.15441
45.1322 0.455305 0.322087 11 -60 -0.2 0.2 0.574389 0.326756 465 157 650 155 426 272 647 280 565 105 0.889498 398 512 3.12894
45.1989 0.455305 0.322087 11 -60 -0.2 0.2 0.574189 0.326956 466 157 651 155 427 273 647 280 565 105 0.881398 398 513 3.14159
45.2656 0.455305 0.322087 11 -60 -0.2 0.2 0.573989 0.327156 467 157 651 155 427 273 647 280 566 105 0.896055 398 512 3.11628
45.3322 0.455048 0.323115 11 -66 -0.2 0.2 0.573789 0.327356 467 157 651 155 427 272 647 281 566 105 0.896055 398 512 3.12894
45.3989 0.455048 0.323115 11 -66 -0.2 0.2 0.573589 0.327556 468 157 652 155 427 273 648 281 568 106 0.850056 398 512 3.15425
45.4656 0.45402 0.32363 12 -69 -0.2 0.2 0.573389 0.327756 468 157 652 155 428 273 648 281 569 104 0.849141 398 512 3.12909
45.5323 0.45402 0.32363 12 -69 -0.2 0.2 0.573189 0.327956 469 158 653 156 428 273 648 281 569 105 0.867917 398 512 3.12909
45.599 0.45402 0.32363 12 -69 -0.2 0.2 0.572989 0.328156 469 157 654 155 428 273 649 281 569 106 0.881398 398 512 3.12894
45.6656 0.453763 0.323887 9 -69 -0.2 0.2 0.572789 0.328356 469 157 654 155 428 273 649 281 569 106 0.881398 398 512 3.15441
45.7323 0.453763 0.323887 9 -69 -0.2 0.2 0.572589 0.328556 470 158 654 155 428 273 649 281 570 106 0.873406 398 512 3.12894
45.7989 0.453763 0.323887 9 -69 -0.2 0.2 0.572389 0.328756 470 158 655 156 429 273 649 281 570 106 0.873406 398 512 3.12894
45.8656 0.453506 0.324658 13 -72 -0.2 0.2 0.572189 0.328956 471 158 656 156 430 273 650 281 572 106 0.770693 398 512 3.12894
45.9322 0.453506 0.324658 13 -72 -0.2 0.2 0.571989 0.329156 471 158 656 156 430 273 650 281 573 106 0.863255 398 512 3.15441
45.9989 0.453506 0.324658 13 -72 -0.2 0.2 0.571789 0.329356 472 158 656 156 430 273 651 281 572 107 0.858795 398 512 3.12894
46.0656 0.45222 0.324658 7 -59 -0.2 0.2 0.571589 0.329556 473 158 657 156 431 273 651 281 573 106 0.852964 398 512 3.11628
46.1323 0.45222 0.324658 7 -59 -0.2 0.2 0.571389 0.329756 472 159 657 156 431 273 651 282 573 107 0.858795 398 512 3.15425
46.1989 0.45222 0.324658 7 -59 -0.2 0.2 0.571189 0.329956 474 159 658 156 431 273 651 282 573 107 0.858795 398 512 3.12909
46.2656 0.45222 0.325686 13 -69 -0.2 0.2 0.570989 0.330156 474 159 658 156 431 273 651 282 573 107 0.858795 398 512 3.12909
46.3323 0.45222 0.325686 13 -69 -0.2 0.2 0.570789 0.330356 475 159 659 156 432 274 652 282 576 107 0.778099 398 512 3.12894
46.3989 0.45222 0.325686 13 -69 -0.2 0.2 0.570589 0.330556 475 159 660 157 432 274 652 282 577 107 0.749442 398 512 3.12909
46.4656 0.451449 0.3262 15 -75 -0.2 0.2 0.570389 0.330756 476 159 660 157 432 274 653 282 577 107 0.749442 398 512 3.12894
46.5323 0.451449 0.3262 15 -75 -0.2 0.2 0.570189 0.330956 476 159 661 157 433 274 653 282 577 107 0.749442 398 512 3.11628
46.5989 0.451449 0.3262 15 -75 -0.2 0.2 0.569989 0.331156 476 159 661 157 433 274 653 282 577 107 0.749442 398 512 3.12894
46.6656 0.450935 0.326457 8 -75 -0.2 0.2 0.569789 0.331356 476 160 661 157 433 274 653 283 577 107 0.749442 398 512 3.11628
46.7323 0.450935 0.326457 8 -75 -0.2 0.2 0.569589 0.331556 477 159 661 157 433 274 653 283 577 107 0.749442 399 512 3.12877
46.7989 0.450935 0.326457 8 -75 -0.2 0.2 0.569389 0.331756 478 160 662 157 434 274 654 283 580 108 0.735081 398 512 3.15425
46.8656 0.450421 0.327228 10 -71 -0.2 0.2 0.569189 0.331956 478 160 662 157 434 274 654 283 580 108 0.734348 398 513 3.14159
46.9323 0.450421 0.327228 10 -71 -0.2 0.2 0.568989 0.332156 478 160 662 157 434 274 654 283 580 108 0.733593 398 512 3.15425
46.9989 0.450421 0.327228 10 -71 -0.2 0.2 0.568789 0.332356 479 160 663 157 435 274 655 283 582 108 0.734348 398 512 3.11628
47.0656 0.44965 0.327228 10 -56 -0.2 0.2 0.568589 0.332556 480 160 664 158 435 274 655 283 582 108 0.734348 398 512 3.15441
47.1323 0.44965 0.327228 10 -56 -0.2 0.2 0.568389 0.332756 481 161 665 158 435 274 655 284 582 108 0.734348 398 513 3.14159
47.1989 0.449393 0.328514 12 -67 -0.2 0.2 0.568189 0.332956 481 160 665 158 436 274 656 283 584 109 0.748378 398 513 3.14159
47.2656 0.449393 0.328514 12 -67 -0.2 0.2 0.567989 0.333156 481 161 665 158 436 275 656 284 584 109 0.735081 398 512 3.11628
47.3322 0.449393 0.328514 12 -67 -0.2 0.2 0.567789 0.333356 482 161 666 159 436 275 656 284 585 109 0.72074 399 512 3.12877
47.399 0.448364 0.329285 10 -61 -0.2 0.2 0.567589 0.333556 482 161 667 159 437 274 656 284 585 109 0.72074 398 512 3.19349
47.4656 0.448364 0.329285 10 -61 -0.2 0.2 0.567389 0.333756 484 161 668 159 437 275 657 284 585 109 0.72074 398 512 3.12894
47.5322 0.448364 0.329285 10 -61 -0.2 0.2 0.567189 0.333956 484 161 668 159 437 275 657 284 585 109 0.72074 398 512 3.12894
47.5989 0.44785 0.329542 10 -63 -0.2 0.2 0.566989 0.334156 485 162 668 159 438 275 657 285 585 109 0.72074 398 512 3.12894
47.6656 0.44785 0.329542 10 -63 -0.2 0.2 0.566789 0.334356 485 162 669 159 438 275 658 285 588 110 0.705278 398 512 3.14159
47.7322 0.44785 0.329542 10 -63 -0.2 0.2 0.566589 0.334556 485 162 669 159 439 275 658 284 589 110 0.696084 398 512 3.11628
47.7989 0.447593 0.33057 12 -72 -0.2 0.2 0.566389 0.334756 486 162 670 160 439 275 659 285 590 111 0.704096 398 512 3.12894
47.8656 0.447593 0.33057 12 -72 -0.2 0.2 0.566189 0.334956 486 162 670 160 439 275 658 285 590 111 0.704096 398 512 3.15441
47.9322 0.447593 0.33057 12 -72 -0.2 0.2 0.565989 0.335156 487 162 671 160 440 275 659 285 590 111 0.704096 398 512 3.11628
47.9989 0.446565 0.33057 13 -59 -0.2 0.2 0.565789 0.335356 487 162 671 160 440 275 659 285 590 111 0.704096 399 512 3.12877
48.0656 0.446565 0.33057 13 -59 -0.2 0.2 0.565589 0.335556 488 162 671 160 440 275 660 286 590 112 0.717832 398 513 3.14159
48.1322 0.446565 0.33057 13 -59 -0.2 0.2 0.565389 0.335756 488 163 672 161 440 275 660 285 592 111 0.69866 398 512 3.11628
48.1989 0.446308 0.331341 -1 -69 0 0 0.565389 0.335756 488 163 672 161 440 275 660 285 593 112 0.689398 398 512 3.12894
48.2656 0.446308 0.331341 -1 -69 0 0 0.565389 0.335756 489 163 673 160 441 275 660 285 593 111 0.682818 398 512 3.12894
48.3323 0.446308 0.331341 -1 -69 0 0 0.565389 0.335756 490 163 673 160 441 275 661 285 593 111 0.682818 398 512 3.11628
48.3989 0.445537 0.332112 10 -73 0 0 0.565389 0.335756 491 163 674 161 441 275 661 286 593 111 0.682818 398 512 3.14159
48.4656 0.445537 0.332112 10 -73 0 0 0.565389 0.335756 491 163 674 161 442 275 661 286 593 112 0.709785 398 512 3.12894
48.5323 0.445537 0.332112 10 -73 0 0 0.565389 0.335756 491 163 674 161 442 275 661 286 594 112 0.702879 398 512 3.12894
48.5989 0.445537 0.332112 9 -72 0 0 0.565389 0.335756 491 164 675 161 442 276 661 286 595 112 0.674741 398 512 3.15441
48.6656 0.445537 0.332112 9 -72 0 0 0.565389 0.335756 491 164 676 161 442 276 662 286 596 113 0.674741 398 512 3.1166
48.7323 0.444766 0.332883 13 -71 0 0 0.565389 0.335756 492 164 676 161 442 276 662 286 597 113 0.674741 398 512 3.15425
48.799 0.444766 0.332883 13 -71 0 0 0.565389 0.335756 492 164 677 162 442 276 662 286 597 113 0.674741 398 512 3.1166
48.8656 0.444766 0.332883 13 -71 0 0 0.565389 0.335756 493 164 677 162 442 276 662 286 597 113 0.674741 398 512 3.11628
48.9322 0.444766 0.333141 12 -70 0 0 0.565389 0.335756 493 164 677 161 442 276 662 286 597 113 0.674741 398 512 3.11628
48.9989 0.444766 0.333141 12 -70 0 0 0.565389 0.335756 493 164 677 161 442 276 662 286 597 113 0.674741 398 512 3.11628
49.0656 0.444766 0.333141 12 -70 0 0 0.565389 0.335756 493 164 677 162 442 276 662 286 597 113 0.674741 398 512 3.12894
49.1322 0.444766 0.333141 10 -69 0 0 0.565389 0.335756 493 164 677 162 442 276 662 286 597 113 0.674741 398 513 3.14159
49.1989 0.444766 0.333141 10 -69 0 0 0.565389 0.335756 493 164 677 161 442 276 662 286 597 113 0.674741 398 512 3.15441
49.2656 0.444766 0.333141 10 -69 0 0 0.565389 0.335756 493 164 677 161 442 276 662 286 597 113 0.674741 398 512 3.12894
49.3323 0.444766 0.333141 15 -70 0 0 0.565389 0.335756 493 164 677 161 442 276 662 286 597 113 0.674741 398 512 3.15441
49.3989 0.444766 0.333141 15 -70 0 0 0.565389 0.335756 493 164 677 161 442 276 662 286 597 113 0.674741 398 512 3.11628
49.4656 0.444766 0.333141 15 -70 0 0 0.565389 0.335756 493 164 677 161 442 276 662 286 597 113 0.674741 398 512 3.15441
49.5323 0.445023 0.333141 13 -69 0 0 0.565389 0.335756 493 164 677 161 442 276 662 286 597 113 0.674741 398 512 3.15441
49.5989 0.445023 0.333141 13 -69 0 0 0.565389 0.335756 493 164 677 161 442 276 662 286 597 113 0.674741 398 512 3.14159
49.6656 0.445023 0.333141 13 -69 0 -0.4 0.565389 0.335356 493 164 677 161 442 276 662 286 597 113 0.674741 398 512 3.11628
49.7323 0.444766 0.333141 16 -71 0 -0.4 0.565389 0.334956 493 164 677 162 442 276 662 286 597 113 0.674741 398 512 3.12894
49.7989 0.444766 0.333141 16 -71 0 -0.4 0.565389 0.334556 493 164 677 162 442 276 662 286 597 113 0.674741 398 512 3.11628
49.8656 0.444766 0.333141 16 -71 0 -0.4 0.565389 0.334156 493 164 677 161 442 276 662 286 597 113 0.674741 398 512 3.12894
49.9322 0.444766 0.333141 12 -69 0 -0.4 0.565389 0.333756 493 164 677 161 442 276 662 286 597 113 0.674741 398 512 3.15441
49.9989 0.444766 0.333141 12 -69 0 -0.4 0.565389 0.333356 493 164 677 162 442 276 662 286 597 113 0.674741 398 512 3.15441
50.0656 0.444766 0.333141 12 -69 0 -0.4 0.565389 0.332956 493 164 677 161 442 276 662 286 597 113 0.674741 398 512 3.15441
50.1323 0.444766 0.333141 11 -72 0 -0.4 0.565389 0.332556 493 164 677 161 442 276 662 286 597 113 0.674741 398 512 3.15441
50.1989 0.444766 0.333141 11 -72 0 -0.4 0.565389 0.332156 493 164 677 161 442 276 662 286 597 113 0.674741 398 513 3.14159
50.2656 0.444766 0.333141 16 -41 0 -0.4 0.565389 0.331756 493 164 677 162 442 276 662 286 597 113 0.674741 398 512 3.12894
50.3323 0.444766 0.333141 16 -41 0 -0.4 0.565389 0.331356 493 164 677 162 442 276 662 286 597 113 0.674741 398 512 3.12894
50.3989 0.444766 0.333141 16 -41 0 -0.4 0.565389 0.330956 493 164 677 162 442 276 662 286 597 113 0.674741 398 512 3.12894
50.4656 0.444766 0.333141 16 -42 0 -0.4 0.565389 0.330556 493 164 677 162 442 276 662 286 597 113 0.674741 398 512 3.11628
50.5322 0.444766 0.333141 16 -42 0 -0.4 0.565389 0.330156 493 164 677 162 442 276 662 286 597 113 0.674741 398 512 3.11628
50.5989 0.444766 0.333141 16 -42 0 -0.4 0.565389 0.329756 493 164 677 162 442 276 662 286 597 113 0.674741 398 512 3.12894
50.6656 0.444766 0.332112 14 -14 0 -0.4 0.565389 0.329356 493 164 676 162 443 276 662 286 597 113 0.674741 398 512 3.12894
50.7323 0.444766 0.332112 14 -14 0 -0.4 0.565389 0.328956 493 164 676 161 443 276 662 286 597 113 0.674741 398 512 3.12894
50.7989 0.444766 0.332112 14 -14 0 -0.4 0.565389 0.328556 493 164 677 162 443 276 662 286 597 113 0.674741 398 512 3.12894
50.8656 0.444766 0.332112 13 1 0 -0.4 0.565389 0.328156 493 164 677 161 443 276 662 286 597 113 0.674741 398 512 3.12894
50.9323 0.444766 0.332112 13 1 0 -0.4 0.565389 0.327756 492 164 676 161 443 276 662 286 597 113 0.674741 398 512 3.11596
50.9989 0.444766 0.332112 13 1 0 -0.4 0.565389 0.327356 492 164 676 161 443 275 662 286 596 112 0.674741 398 511 3.12894
51.0656 0.444766 0.330056 13 -8 0 -0.4 0.565389 0.326956 492 164 676 161 443 275 662 286 596 112 0.682818 398 511 3.12894
51.1323 0.444766 0.330056 13 -8 0 -0.4 0.565389 0.326556 492 164 676 161 443 275 662 286 596 112 0.660132 398 511 3.12894
51.1989 0.444766 0.330056 13 -8 0 -0.4 0.565389 0.326156 491 164 676 161 443 275 662 286 596 112 0.682818 398 512 3.19349
51.2656 0.444766 0.329028 15 0 0 -0.4 0.565389 0.325756 492 163 675 161 442 276 661 286 596 112 0.682818 398 512 3.11596
51.3323 0.444766 0.329028 15 0 0 -0.4 0.565389 0.325356 491 163 674 161 442 275 661 286 594 112 0.681298 398 512 3.19349
51.3989 0.444766 0.329028 15 0 0 -0.4 0.565389 0.324956 490 163 674 161 442 275 661 286 594 112 0.681298 398 512 3.19349
51.4656 0.445023 0.328514 15 -13 0 -0.4 0.565389 0.324556 490 163 674 161 442 275 661 286 594 112 0.681298 398 512 3.12894
51.5323 0.445023 0.328514 15 -13 0 -0.4 0.565389 0.324156 490 163 674 161 442 275 661 286 594 112 0.681298 398 512 3.11596
51.5989 0.445023 0.328514 15 -13 0 -0.4 0.565389 0.323756 489 163 674 161 440 275 660 285 594 112 0.689398 398 511 3.12894
51.6656 0.444766 0.326971 8 0 0 -0.4 0.565389 0.323356 489 162 673 160 440 275 660 285 593 111 0.689398 398 512 3.19283
51.7322 0.444766 0.326971 8 0 0 -0.4 0.565389 0.322956 489 162 673 160 440 275 660 285 593 111 0.689398 398 511 3.12894
51.7989 0.444766 0.326714 8 1 0 -0.4 0.565389 0.322556 489 163 673 160 440 275 660 285 593 111 0.689398 398 512 3.19283
51.8656 0.444766 0.326714 8 1 0 -0.4 0.565389 0.322156 489 163 673 160 441 275 660 285 593 111 0.689398 398 512 3.19283
51.9323 0.444766 0.326714 8 1 0 -0.4 0.565389 0.321756 487 162 671 160 440 275 660 285 593 111 0.689398 398 512 3.14159
51.9989 0.445023 0.325429 6 4 0 -0.4 0.565389 0.321356 487 162 671 160 440 275 659 285 593 111 0.689398 398 511 3.12894
52.0656 0.445023 0.325429 6 4 0 -0.4 0.565389 0.320956 487 162 671 160 440 275 659 284 593 111 0.689398 398 511 3.12894
52.1323 0.445023 0.325429 6 4 0 -0.4 0.565389 0.320556 487 162 671 160 440 275 659 285 593 111 0.689398 398 512 3.19283
52.1989 0.445023 0.324915 10 1 0 -0.4 0.565389 0.320156 487 162 671 160 440 275 659 285 593 111 0.689398 398 511 3.12894
52.2656 0.445023 0.324915 10 1 0 -0.4 0.565389 0.319756 486 162 669 159 439 274 658 284 593 111 0.689398 398 511 3.12909
52.3322 0.445023 0.324915 10 1 0 -0.4 0.565389 0.319356 485 161 669 159 439 274 658 284 593 111 0.689398 398 511 3.12909
52.3989 0.445023 0.323373 11 4 0 -0.4 0.565389 0.318956 486 161 669 159 439 274 658 284 593 111 0.689398 398 511 3.12909
52.4656 0.445023 0.323373 11 4 0 -0.4 0.565389 0.318556 486 162 669 160 439 273 658 283 593 111 0.689398 398 511 3.12894
52.5322 0.445023 0.323373 11 4 0 -0.4 0.565389 0.318156 486 162 668 160 439 273 658 283 593 111 0.689398 398 511 3.12894
52.5989 0.445023 0.321316 6 5 0 -0.4 0.565389 0.317756 483 161 668 160 438 273 658 283 593 111 0.689398 398 512 3.12909
52.6656 0.445023 0.321316 6 5 0 -0.4 0.565389 0.317356 483 162 668 160 437 274 658 284 593 111 0.689398 398 512 3.11628
52.7323 0.445023 0.321316 6 5 0 -0.4 0.565389 0.316956 483 161 668 159 438 274 658 284 593 111 0.689398 398 512 3.12909
52.7989 0.445023 0.321316 11 7 0 -0.4 0.565389 0.316556 483 160 668 159 438 275 657 284 593 111 0.689398 398 513 3.19349
52.8656 0.445023 0.321316 11 7 0 -0.4 0.565389 0.316156 483 160 668 159 437 275 657 285 593 111 0.689398 398 512 3.2048
52.9322 0.445023 0.321316 11 7 0 -0.4 0.565389 0.315756 480 159 668 158 436 274 658 284 593 111 0.689398 398 512 3.16756
52.9989 0.444766 0.31926 11 4 0 -0.4 0.565389 0.315356 480 159 668 159 436 274 658 284 593 111 0.689398 398 512 3.11596
53.0656 0.444766 0.31926 11 4 0 -0.4 0.565389 0.314956 479 160 668 159 436 274 658 284 593 111 0.689398 398 512 3.11628
53.1323 0.445023 0.319003 6 3 0 -0.4 0.565389 0.314556 480 160 668 159 436 274 657 284 593 111 0.689398 398 512 3.11628
53.1989 0.445023 0.319003 6 3 0 -0.4 0.565389 0.314156 479 160 668 159 436 274 657 284 593 111 0.689398 398 512 3.11596
53.2656 0.445023 0.319003 6 3 0 -0.4 0.565389 0.313756 476 159 668 159 434 273 658 284 593 111 0.689398 398 512 3.11596
53.3323 0.445023 0.31746 10 5 0 -0.4 0.565389 0.313356 476 159 668 159 433 273 658 284 593 111 0.689398 398 512 3.11596
53.3989 0.445023 0.31746 10 5 0 -0.4 0.565389 0.312956 476 159 668 159 433 273 657 284 593 111 0.689398 398 512 3.19283
53.4656 0.445023 0.31746 10 5 0 -0.4 0.565389 0.312556 476 159 668 159 434 273 657 284 593 111 0.689398 398 512 3.11596
53.5322 0.445023 0.315661 9 4 0 -0.4 0.565389 0.312156 474 158 668 159 431 273 657 283 593 111 0.689398 398 512 3.14159
53.5989 0.445023 0.315661 9 4 0 -0.4 0.565389 0.312156 474 158 668 159 431 273 657 283 593 111 0.689398 398 512 3.14159
53.6656 0.445023 0.315661 9 4 0 -0.4 0.565389 0.312156 474 158 668 159 431 273 657 283 593 111 0.689398 398 512 3.14159
