40.599 0.47407 0.311805 61 -76 0.2 -0.2 0.596646 0.314238 406 139 589 134 389 261 601 262 498 93 2.07096 398 503 3.14159
40.6658 0.47407 0.311805 61 -76 0.2 -0.2 0.596846 0.314038 406 139 589 134 389 261 601 262 498 92 2.1041 398 503 3.12894
40.7324 0.47407 0.311805 61 -76 0.2 -0.2 0.597046 0.313838 406 138 589 134 389 261 601 262 498 92 2.1041 398 503 3.12894
40.7991 0.473813 0.311805 60 -74 0.2 -0.2 0.597246 0.313638 406 139 589 134 389 261 601 262 498 92 2.1041 398 503 3.14159
40.8657 0.473813 0.311805 60 -74 0.2 -0.2 0.597446 0.313438 406 139 590 134 389 261 601 262 498 92 2.1041 398 503 3.14159
40.9324 0.473813 0.311805 60 -74 0.2 -0.2 0.597646 0.313238 406 139 589 134 389 261 601 262 498 92 2.1041 398 503 3.14159
40.999 0.47407 0.311805 65 -69 0.2 -0.2 0.597846 0.313038 406 139 589 134 389 261 601 262 498 92 2.1041 398 503 3.14159
41.0657 0.47407 0.311805 65 -69 0.2 -0.2 0.598046 0.312838 406 139 590 134 389 261 601 262 498 92 2.1041 398 503 3.15409
41.1324 0.474327 0.311805 68 -69 0.2 -0.2 0.598246 0.312638 406 139 589 134 389 261 601 262 498 92 2.1041 398 503 3.14159
41.199 0.474327 0.311805 68 -69 0.2 -0.2 0.598446 0.312438 406 139 589 134 389 261 601 262 498 92 2.1041 398 503 3.12894
41.2657 0.474327 0.311805 68 -69 0.2 -0.2 0.598646 0.312238 406 139 589 134 389 261 601 262 498 92 2.1041 398 503 3.14159
41.3324 0.474584 0.311805 68 -44 0.2 -0.2 0.598846 0.312038 406 139 590 134 389 261 601 262 498 92 2.1041 398 503 3.12894
41.399 0.474584 0.311805 68 -44 0.2 -0.2 0.599046 0.311838 406 139 590 134 389 261 601 262 498 92 2.1041 398 503 3.12894
41.4657 0.474584 0.311805 68 -44 0.2 -0.2 0.599246 0.311638 406 139 589 134 389 261 601 262 498 92 2.1041 398 503 3.15409
41.5324 0.475355 0.311805 70 -43 0.2 -0.2 0.599446 0.311438 406 139 589 134 389 261 601 262 498 92 2.1041 398 503 3.14159
41.599 0.475355 0.311805 70 -43 0.2 -0.2 0.599646 0.311238 406 139 589 134 389 261 601 261 498 92 2.1041 398 503 3.12894
41.6657 0.475355 0.311805 70 -43 0.2 -0.2 0.599846 0.311038 406 139 589 134 389 261 601 262 498 92 2.1041 398 503 3.15409
41.7336 0.475612 0.311805 72 -28 0.2 -0.2 0.600046 0.310838 406 139 589 134 389 261 601 262 498 92 2.1041 398 503 3.14159
41.799 0.475612 0.311805 72 -28 0.2 -0.2 0.600246 0.310638 406 139 589 134 389 261 601 262 498 92 2.1041 398 503 3.12894
41.8657 0.475612 0.311805 72 -28 0.2 -0.2 0.600446 0.310438 406 139 589 134 389 261 601 262 498 92 2.1041 398 503 3.12894
41.9324 0.476126 0.311805 70 -9 0.2 -0.2 0.600646 0.310238 406 139 589 134 389 261 601 262 498 92 2.09887 398 503 3.15409
41.999 0.476126 0.311805 70 -9 0.2 -0.2 0.600846 0.310038 406 139 589 134 389 261 601 262 498 92 2.09887 398 503 3.12894
42.0657 0.476126 0.311805 70 -9 0.2 -0.2 0.601046 0.309838 406 139 589 134 389 261 601 262 498 92 2.11299 398 503 3.14159
42.1324 0.476383 0.311034 69 -19 0.2 -0.2 0.601246 0.309638 406 139 589 135 389 261 601 261 498 93 2.09887 398 503 3.12894
42.1991 0.476383 0.311034 69 -19 0.2 -0.2 0.601446 0.309438 406 139 589 134 389 261 601 262 498 93 2.09887 398 503 3.1166
42.2657 0.476383 0.311034 69 -19 0.2 -0.2 0.601646 0.309238 406 139 589 134 389 261 601 261 498 93 2.09374 398 503 3.14159
42.3324 0.477154 0.31052 78 -16 0.2 -0.2 0.601846 0.309038 406 139 589 134 389 261 601 261 498 93 2.07987 398 503 3.12894
42.399 0.477154 0.31052 78 -16 0.2 -0.2 0.602046 0.308838 405 138 589 134 389 261 601 261 497 92 2.11836 398 503 3.19283
42.4657 0.477154 0.31052 78 -16 0.2 -0.2 0.602246 0.308638 405 139 588 134 389 261 600 261 497 93 2.10771 398 503 3.19283
42.5324 0.477926 0.310006 80 -24 0.2 -0.2 0.602446 0.308438 405 139 588 134 389 261 601 261 497 93 2.10771 398 503 3.19283
42.599 0.477926 0.310006 80 -24 0.2 -0.2 0.602646 0.308238 405 139 589 135 388 261 601 261 497 93 2.09374 398 503 3.19283
42.6657 0.478183 0.309235 78 -9 0.2 -0.2 0.602846 0.308038 405 139 588 134 388 261 601 262 497 93 2.09887 398 503 3.12894
42.7324 0.478183 0.309235 78 -9 0.2 -0.2 0.603046 0.307838 404 139 588 135 388 261 600 261 496 92 2.11299 398 503 3.19283
42.799 0.478183 0.309235 78 -9 0.2 -0.2 0.603246 0.307638 404 139 588 135 388 261 601 262 496 92 2.1294 398 503 3.14159
42.8657 0.479468 0.308978 76 0 0.2 -0.2 0.603446 0.307438 403 139 587 135 388 261 600 262 495 93 2.08869 398 503 3.12894
42.9324 0.479468 0.308978 76 0 0.2 -0.2 0.603646 0.307238 403 138 587 135 387 261 600 262 495 93 2.09887 398 503 3.12861
42.9991 0.479468 0.308978 76 0 0.2 -0.2 0.603846 0.307038 403 139 587 135 387 261 600 262 495 93 2.11299 398 503 3.19283
43.0657 0.479468 0.307949 77 -11 0.2 -0.2 0.604046 0.306838 402 139 586 135 387 261 600 261 494 92 2.11299 398 503 3.14159
43.1324 0.479468 0.307949 77 -11 0.2 -0.2 0.604246 0.306638 402 139 586 135 387 261 599 261 494 93 2.10771 398 503 3.19283
43.199 0.479468 0.307949 77 -11 0.2 -0.2 0.604446 0.306438 402 139 586 135 386 261 599 261 494 93 2.09742 398 503 3.19283
43.2657 0.479982 0.307692 82 -18 0.2 -0.2 0.604646 0.306238 402 139 586 135 386 261 599 261 493 92 2.11836 398 503 3.19283
43.3324 0.479982 0.307692 82 -18 0.2 -0.2 0.604846 0.306038 401 139 585 135 386 261 599 261 492 92 2.11836 398 503 3.1166
43.399 0.479982 0.307692 82 -18 0.2 -0.2 0.605046 0.305838 401 139 585 135 386 261 599 261 492 92 2.11836 398 503 3.1166
43.4657 0.48101 0.307178 78 -16 0.2 -0.2 0.605246 0.305638 400 139 584 135 385 261 599 261 492 93 2.12178 398 503 3.19283
43.5324 0.48101 0.307178 78 -16 0.2 -0.2 0.605446 0.305438 400 139 583 135 385 261 598 261 491 93 2.12178 398 503 3.19283
43.5991 0.48101 0.307178 78 -16 0.2 -0.2 0.605646 0.305238 400 139 583 135 385 261 598 261 491 93 2.12178 398 503 3.19283
43.6657 0.481267 0.30615 80 -12 0.2 -0.2 0.605846 0.305038 399 138 583 135 384 261 598 261 491 93 2.11122 398 503 3.19283
43.7324 0.481267 0.30615 80 -12 0.2 -0.2 0.606046 0.304838 398 139 582 135 384 261 597 261 490 93 2.14717 398 503 3.12894
43.799 0.481267 0.30615 80 -12 0.2 -0.2 0.606246 0.304638 398 139 582 134 384 261 597 261 489 93 2.1272 398 503 3.14159
43.8657 0.482038 0.30615 78 0 0.2 -0.2 0.606446 0.304438 397 139 581 135 384 261 597 261 489 93 2.14717 398 503 3.19283
43.9324 0.482038 0.30615 78 0 0.2 -0.2 0.606646 0.304238 397 139 581 134 384 261 596 261 488 93 2.12178 398 503 3.14159
43.999 0.482038 0.30615 78 0 0.2 -0.2 0.606846 0.304038 397 139 581 134 384 261 596 261 488 93 2.12178 398 503 3.14159
44.0657 0.482038 0.305379 74 -14 0.2 -0.2 0.607046 0.303838 396 139 580 135 384 261 596 261 487 93 2.13595 398 503 3.12861
44.1324 0.482038 0.305379 74 -14 0.2 -0.2 0.607246 0.303638 396 138 580 134 382 261 596 261 487 93 2.12178 398 503 3.19283
44.1991 0.482038 0.305379 74 -14 0.2 -0.2 0.607446 0.303438 395 139 579 135 382 260 595 261 486 93 2.13048 398 503 3.19283
44.2657 0.482553 0.304865 83 -4 0.2 -0.2 0.607646 0.303238 395 139 579 135 383 261 595 261 486 93 2.13595 398 503 3.12894
44.3324 0.482553 0.304865 83 -4 0.2 -0.2 0.607846 0.303038 394 139 578 135 382 261 595 261 485 93 2.13048 398 503 3.11596
44.399 0.483838 0.304351 85 -18 0.2 -0.2 0.608046 0.302838 393 138 578 135 382 261 595 261 484 93 2.13595 398 503 3.19283
44.4657 0.483838 0.304351 85 -18 0.2 -0.2 0.608246 0.302638 393 139 577 135 382 261 594 261 484 93 2.13048 398 503 3.15409
44.5324 0.483838 0.304351 85 -18 0.2 -0.2 0.608446 0.302438 392 138 577 135 381 261 594 261 483 93 2.13595 398 503 3.19283
44.599 0.483838 0.303322 84 -5 0.2 -0.2 0.608646 0.302238 392 139 577 135 381 261 594 261 483 93 2.13908 398 503 3.11596
44.6657 0.483838 0.303322 84 -5 0.2 -0.2 0.608846 0.302038 391 139 575 135 380 261 593 261 481 94 2.16161 398 503 3.15425
44.7324 0.483838 0.303322 84 -5 0.2 -0.2 0.609046 0.301838 390 139 575 135 380 261 593 261 480 93 2.18152 398 503 3.19283
44.7991 0.484866 0.303322 76 0 0.2 -0.2 0.609246 0.301638 389 139 574 135 379 261 592 261 480 93 2.18152 398 503 3.11596
44.8657 0.484866 0.303322 76 0 0.2 -0.2 0.609446 0.301438 389 139 574 135 379 261 592 261 479 93 2.18152 398 503 3.11596
44.9324 0.484866 0.303322 76 0 0.2 -0.2 0.609646 0.301238 389 139 574 135 379 261 592 261 479 93 2.1757 398 503 3.11596
44.9991 0.484866 0.302808 74 -16 0.2 -0.2 0.609846 0.301038 388 138 573 135 379 261 591 261 478 93 2.18744 398 503 3.11596
45.0657 0.484866 0.302808 74 -16 0.2 -0.2 0.610046 0.300838 388 138 572 135 378 261 591 261 478 93 2.18744 398 503 3.19283
45.1324 0.484866 0.302808 74 -16 0.2 -0.2 0.610246 0.300638 387 139 572 135 378 261 591 261 477 94 2.18986 398 503 3.14159
45.199 0.485894 0.302037 77 -3 0.2 -0.2 0.610446 0.300438 387 138 572 135 378 261 591 261 476 92 2.20803 398 503 3.14159
45.2657 0.485894 0.302037 77 -3 0.2 -0.2 0.610646 0.300238 386 139 571 135 377 261 590 261 476 94 2.18152 398 503 3.12894
45.3324 0.485894 0.302037 77 -3 0.2 -0.2 0.610846 0.300038 385 139 570 135 377 261 590 261 475 93 2.1757 398 503 3.14159
45.3991 0.486665 0.301523 81 -19 0.2 -0.2 0.611046 0.299838 385 139 570 135 376 261 590 261 474 93 2.20188 398 503 3.12894
45.4657 0.486665 0.301523 81 -19 0.2 -0.2 0.611246 0.299638 385 139 569 135 376 261 589 261 473 93 2.184 398 503 3.12861
45.5324 0.486665 0.301523 81 -19 0.2 -0.2 0.611446 0.299438 385 138 569 135 376 261 589 261 474 92 2.20582 398 503 3.19283
45.599 0.486922 0.300752 60 -16 0.2 -0.2 0.611646 0.299238 384 139 568 135 376 261 589 261 473 94 2.19221 398 503 3.14159
45.6657 0.486922 0.300752 60 -16 0.2 -0.2 0.611846 0.299038 383 138 568 135 375 261 588 261 472 94 2.20409 398 503 3.19283
45.7324 0.486922 0.300752 60 -16 0.2 -0.2 0.612046 0.298838 382 139 567 135 375 262 588 261 471 92 2.22906 398 503 3.15409
45.799 0.487951 0.300495 78 0 0.2 -0.2 0.612246 0.298638 382 139 567 135 375 262 588 261 471 92 2.22906 398 503 3.15409
45.8657 0.487951 0.300495 78 0 0.2 -0.2 0.612446 0.298438 382 139 566 135 375 262 588 261 471 92 2.22906 398 503 3.12861
45.9324 0.487951 0.299467 65 -19 0.2 -0.2 0.612646 0.298238 380 139 565 135 373 262 587 261 471 92 2.22906 398 503 3.12894
45.999 0.487951 0.299467 65 -19 0.2 -0.2 0.612846 0.298038 380 139 565 135 373 262 587 261 471 92 2.22906 398 503 3.12894
46.0657 0.487951 0.299467 65 -19 0.2 -0.2 0.613046 0.297838 380 139 564 135 373 262 587 261 469 93 2.21637 398 503 3.10364
46.1324 0.488979 0.298953 70 0 0.2 -0.2 0.613246 0.297638 380 139 564 135 373 262 586 261 468 93 2.25053 398 502 3.12894
46.199 0.488979 0.298953 70 0 0.2 -0.2 0.613446 0.297438 380 139 564 135 373 262 586 261 468 93 2.25053 398 502 3.12894
46.2657 0.488979 0.298953 70 0 0 0 0.613446 0.297438 379 139 563 135 372 262 586 261 467 93 2.23093 398 503 3.14159
46.3324 0.489493 0.298438 72 -16 0 0 0.613446 0.297438 378 139 562 136 372 261 585 261 465 94 2.2143 398 503 3.14159
46.399 0.489493 0.298438 72 -16 0 0 0.613446 0.297438 378 139 562 136 372 261 585 261 465 94 2.2143 398 503 3.14159
46.4657 0.489493 0.298438 72 -16 0 0 0.613446 0.297438 377 139 561 135 371 261 585 261 465 94 2.2143 398 503 3.12861
46.5324 0.490007 0.297924 69 -12 0 0 0.613446 0.297438 376 139 560 136 371 262 584 261 465 94 2.2143 398 503 3.11596
46.5991 0.490007 0.297924 69 -12 0 0 0.613446 0.297438 376 139 560 136 371 262 584 261 465 94 2.2143 398 503 3.11596
46.6657 0.490007 0.297924 69 -12 0 0 0.613446 0.297438 376 139 560 136 371 262 584 261 464 94 2.21839 398 503 3.19283
46.7324 0.490521 0.297667 71 0 0 0 0.613446 0.297438 376 139 560 136 370 262 584 261 464 94 2.21839 398 503 3.12861
46.7991 0.490521 0.297667 71 0 0 0 0.613446 0.297438 376 139 560 136 370 262 584 261 464 94 2.21839 398 503 3.12861
46.8657 0.490521 0.297667 71 0 0 0 0.613446 0.297438 376 139 559 136 370 262 584 261 463 93 2.26819 398 503 3.19283
46.9324 0.490521 0.297153 71 -8 0 0 0.613446 0.297438 374 139 558 136 370 262 583 261 462 93 2.26019 398 503 3.14159
46.999 0.490521 0.297153 71 -8 0 0 0.613446 0.297438 374 139 558 136 370 262 583 261 462 93 2.26019 398 503 3.14159
47.0657 0.490521 0.297153 71 -8 0 0 0.613446 0.297438 374 139 558 136 370 262 583 261 462 93 2.26019 398 503 3.19283
47.1324 0.490521 0.297153 67 -18 0 0 0.613446 0.297438 374 139 558 136 370 262 583 261 462 93 2.2487 398 503 3.11596
47.199 0.490521 0.297153 67 -18 0 0 0.613446 0.297438 375 139 558 136 370 262 583 261 462 94 2.2424 398 503 3.19283
47.2657 0.490521 0.297153 67 -18 0 0 0.613446 0.297438 375 139 558 136 370 262 583 261 462 94 2.2424 398 503 3.12894
47.3324 0.490521 0.297153 72 -15 0 0 0.613446 0.297438 374 139 558 136 370 262 583 261 462 94 2.2487 398 503 3.19283
47.3991 0.490521 0.297153 72 -15 0 0 0.613446 0.297438 374 139 558 136 370 262 583 261 462 94 2.2487 398 503 3.19283
47.4657 0.490521 0.297153 71 -15 0 0 0.613446 0.297438 374 139 558 136 370 262 583 261 461 94 2.23274 398 503 3.19283
47.5324 0.490521 0.297153 71 -15 -0.2 0.2 0.613246 0.297638 374 139 558 136 370 262 583 261 462 94 2.2487 398 503 3.19283
47.599 0.490521 0.297153 71 -15 -0.2 0.2 0.613046 0.297838 374 139 558 136 370 262 583 261 461 94 2.23909 398 503 3.12861
47.6657 0.490521 0.297153 71 -12 -0.2 0.2 0.612846 0.298038 374 139 558 136 370 262 583 261 462 94 2.2424 398 503 3.19283
47.7324 0.490521 0.297153 71 -12 -0.2 0.2 0.612646 0.298238 374 139 558 136 370 262 583 261 462 94 2.2424 398 503 3.19283
47.799 0.490521 0.297153 71 -12 -0.2 0.2 0.612446 0.298438 374 139 558 136 370 262 583 261 462 94 2.2487 398 503 3.15409
47.8657 0.490521 0.297153 59 -17 -0.2 0.2 0.612246 0.298638 374 139 558 136 370 262 583 261 462 94 2.2424 398 503 3.12861
47.9324 0.490521 0.297153 59 -17 -0.2 0.2 0.612046 0.298838 374 139 558 136 370 262 583 261 461 94 2.2345 398 503 3.19283
47.9991 0.490521 0.297153 59 -17 -0.2 0.2 0.611846 0.299038 374 139 558 136 370 262 583 261 462 94 2.2424 398 503 3.11596
48.0657 0.490521 0.297153 59 -27 -0.2 0.2 0.611646 0.299238 374 139 558 136 370 262 583 261 462 94 2.2424 398 503 3.12894
48.1324 0.490521 0.297153 59 -27 -0.2 0.2 0.611446 0.299438 374 139 558 136 370 262 583 261 462 94 2.2424 398 503 3.12894
48.199 0.490521 0.297153 59 -27 -0.2 0.2 0.611246 0.299638 374 139 558 136 370 262 583 261 462 94 2.2424 398 503 3.19283
48.2657 0.490521 0.297153 32 -26 -0.2 0.2 0.611046 0.299838 374 139 558 136 370 262 583 261 462 94 2.2424 398 503 3.19283
48.3324 0.490521 0.297153 32 -26 -0.2 0.2 0.610846 0.300038 374 139 558 136 370 262 583 261 462 94 2.2424 398 503 3.19283
48.399 0.490521 0.297153 32 -26 -0.2 0.2 0.610646 0.300238 374 139 558 136 370 262 583 261 462 94 2.2424 398 503 3.19283
48.4657 0.490521 0.29741 30 -41 -0.2 0.2 0.610446 0.300438 374 139 558 136 370 262 583 261 462 94 2.2424 398 503 3.12861
48.5324 0.490521 0.29741 30 -41 -0.2 0.2 0.610246 0.300638 374 139 558 136 370 262 583 261 462 94 2.2424 398 503 3.14159
48.5991 0.490521 0.29741 30 -41 -0.2 0.2 0.610046 0.300838 374 139 558 136 370 262 583 261 461 94 2.22649 398 503 3.19283
48.6657 0.490521 0.297667 31 -42 -0.2 0.2 0.609846 0.301038 374 139 558 136 370 262 583 261 462 94 2.2424 398 503 3.15409
48.7324 0.490521 0.297667 31 -42 -0.2 0.2 0.609646 0.301238 374 139 558 136 370 262 583 261 461 94 2.22649 398 503 3.12894
48.7991 0.490521 0.297667 31 -42 -0.2 0.2 0.609446 0.301438 374 139 558 136 370 262 583 261 462 94 2.2424 398 503 3.12894
48.8657 0.490264 0.298438 25 -47 -0.2 0.2 0.609246 0.301638 374 139 558 136 370 262 583 261 462 94 2.2424 398 503 3.1166
48.9324 0.490264 0.298438 25 -47 -0.2 0.2 0.609046 0.301838 374 139 558 136 370 262 583 261 462 94 2.2424 398 503 3.12894
48.999 0.490264 0.298438 25 -47 -0.2 0.2 0.608846 0.302038 374 139 558 136 370 262 583 261 462 94 2.2424 398 503 3.14159
49.0657 0.489493 0.298953 16 -58 -0.2 0.2 0.608646 0.302238 374 139 558 136 370 262 583 261 462 94 2.2424 398 503 3.14159
49.1324 0.489493 0.298953 16 -58 -0.2 0.2 0.608446 0.302438 374 139 558 136 370 262 583 261 462 93 2.25361 398 503 3.12894
49.199 0.488979 0.298953 16 -59 -0.2 0.2 0.608246 0.302638 374 139 558 136 370 262 583 261 462 93 2.25509 398 503 3.14159
49.2657 0.488979 0.298953 16 -59 -0.2 0.2 0.608046 0.302838 374 139 559 136 370 262 583 261 462 92 2.25053 398 503 3.19283
49.3324 0.488979 0.298953 16 -59 -0.2 0.2 0.607846 0.303038 374 139 559 136 370 262 583 261 462 92 2.25053 398 503 3.19283
49.3991 0.488465 0.299981 16 -60 -0.2 0.2 0.607646 0.303238 374 139 559 136 370 262 583 261 462 92 2.25053 397 503 3.14159
49.4657 0.488465 0.299981 16 -60 -0.2 0.2 0.607446 0.303438 375 139 559 136 371 262 583 260 462 94 2.22832 398 503 3.1166
49.5324 0.488465 0.299981 16 -60 -0.2 0.2 0.607246 0.303638 375 139 559 136 371 262 583 261 462 94 2.22832 398 503 3.12894
49.599 0.487694 0.299981 15 -57 -0.2 0.2 0.607046 0.303838 375 139 559 136 370 262 583 261 463 93 2.24554 398 503 3.14159
49.6657 0.487694 0.299981 15 -57 -0.2 0.2 0.606846 0.304038 375 139 560 135 371 262 584 261 463 94 2.22461 398 503 3.14159
49.7324 0.487694 0.299981 15 -57 -0.2 0.2 0.606646 0.304238 375 139 560 135 371 262 584 261 463 94 2.22461 398 503 3.14159
49.7991 0.487694 0.300752 15 -59 -0.2 0.2 0.606446 0.304438 376 139 560 135 371 262 584 261 464 93 2.24389 398 503 3.14159
49.8657 0.487694 0.300752 15 -59 -0.2 0.2 0.606246 0.304638 377 139 561 135 371 262 585 261 464 93 2.22461 398 503 3.14159
49.9324 0.487694 0.300752 15 -59 -0.2 0.2 0.606046 0.304838 377 139 561 135 371 262 585 261 464 93 2.22461 398 503 3.15409
49.9991 0.486665 0.301266 15 -63 -0.2 0.2 0.605846 0.305038 377 139 561 135 371 262 585 261 464 93 2.22461 398 503 3.15409
50.0657 0.486665 0.301266 15 -63 -0.2 0.2 0.605646 0.305238 378 139 562 135 372 262 585 261 466 94 2.21018 398 503 3.12909
50.1324 0.486665 0.301266 15 -63 -0.2 0.2 0.605446 0.305438 378 139 562 135 372 262 585 261 466 93 2.25876 398 503 3.14159
50.199 0.486151 0.301523 13 -62 -0.2 0.2 0.605246 0.305638 378 139 562 135 372 262 585 261 466 93 2.26553 398 503 3.12894
50.2657 0.486151 0.301523 13 -62 -0.2 0.2 0.605046 0.305838 379 139 563 135 372 262 586 261 467 93 2.22267 398 503 3.12894
50.3324 0.486151 0.301523 13 -62 -0.2 0.2 0.604846 0.306038 379 139 563 135 372 262 586 261 468 94 2.20409 397 503 3.14159
50.399 0.485894 0.302551 13 -70 -0.2 0.2 0.604646 0.306238 380 139 564 135 373 262 586 261 468 94 2.19582 398 503 3.14159
50.4657 0.485894 0.302551 13 -70 -0.2 0.2 0.604446 0.306438 380 139 564 135 373 262 587 261 468 94 2.21018 398 503 3.11691
50.5324 0.485894 0.302551 13 -70 -0.2 0.2 0.604246 0.306638 380 139 564 135 373 262 587 261 468 94 2.21018 398 503 3.11691
50.599 0.484866 0.302551 10 -61 -0.2 0.2 0.604046 0.306838 381 139 565 135 374 261 587 261 469 93 2.20188 398 503 3.14159
50.6657 0.484866 0.302551 10 -61 -0.2 0.2 0.603846 0.307038 381 139 565 135 374 261 587 261 470 93 2.24389 397 503 3.14159
50.7324 0.484866 0.303579 14 -68 -0.2 0.2 0.603646 0.307238 382 139 567 135 375 262 588 261 470 93 2.24389 398 503 3.14159
50.799 0.484866 0.303579 14 -68 -0.2 0.2 0.603446 0.307438 382 139 567 135 375 262 588 261 471 93 2.184 398 503 3.15409
50.8657 0.484866 0.303579 14 -68 -0.2 0.2 0.603246 0.307638 383 138 567 135 375 261 588 261 471 93 2.19582 398 503 3.12894
50.9324 0.483581 0.304094 14 -69 -0.2 0.2 0.603046 0.307838 383 139 568 135 376 262 589 261 472 93 2.19582 398 503 3.12894
50.999 0.483581 0.304094 14 -69 -0.2 0.2 0.602846 0.308038 383 139 568 135 376 262 589 261 472 93 2.19582 398 503 3.12894
51.0657 0.483581 0.304094 14 -69 -0.2 0.2 0.602646 0.308238 384 139 569 135 376 261 589 261 473 93 2.19582 397 503 3.14159
51.1324 0.483324 0.304094 10 -70 -0.2 0.2 0.602446 0.308438 384 139 569 135 376 261 589 261 473 93 2.19582 398 503 3.1166
51.199 0.483324 0.304094 10 -70 -0.2 0.2 0.602246 0.308638 385 139 569 135 376 261 590 261 474 93 2.18986 398 503 3.14159
51.2657 0.483324 0.304094 10 -70 -0.2 0.2 0.602046 0.308838 385 139 569 135 376 261 590 261 474 93 2.18986 398 503 3.14159
51.3324 0.48281 0.305122 10 -70 -0.2 0.2 0.601846 0.309038 385 139 570 135 377 261 590 261 475 92 2.19959 398 503 3.14159
51.3991 0.48281 0.305122 10 -70 -0.2 0.2 0.601646 0.309238 386 139 571 135 377 261 590 261 476 92 2.19959 398 503 3.14159
51.4657 0.48281 0.305122 10 -70 -0.2 0.2 0.601446 0.309438 387 139 571 134 378 261 591 261 476 92 2.19959 398 503 3.1294
51.5324 0.482038 0.305122 12 -62 -0.2 0.2 0.601246 0.309638 387 139 571 134 378 261 591 261 476 92 2.19959 398 503 3.1294
51.599 0.482038 0.305122 12 -62 -0.2 0.2 0.601046 0.309838 388 139 572 134 378 261 592 261 478 92 2.18239 398 503 3.1166
51.6657 0.482038 0.305122 12 -62 -0.2 0.2 0.600846 0.310038 388 139 573 135 378 261 592 261 478 93 2.14759 398 503 3.15409
51.7324 0.482038 0.30615 12 -65 -0.2 0.2 0.600646 0.310238 389 139 573 135 379 261 592 261 478 93 2.19347 398 503 3.14159
51.799 0.482038 0.30615 12 -65 -0.2 0.2 0.600446 0.310438 390 139 574 135 379 261 593 261 480 93 2.14759 398 503 3.12894
51.8657 0.482038 0.30615 12 -65 -0.2 0.2 0.600246 0.310638 390 139 574 135 379 261 593 261 480 93 2.14759 398 503 3.12894
51.9324 0.48101 0.306921 14 -64 -0.2 0.2 0.600046 0.310838 390 139 575 135 380 261 593 261 480 92 2.17897 398 503 3.15409
51.999 0.48101 0.306921 14 -64 -0.2 0.2 0.599846 0.311038 391 139 576 135 380 261 593 261 481 92 2.16762 398 503 3.14159
52.0657 0.48101 0.306921 14 -64 -0.2 0.2 0.599646 0.311238 392 139 576 134 381 261 594 261 482 93 2.14759 398 503 3.14159
52.1324 0.480239 0.307178 11 -64 -0.2 0.2 0.599446 0.311438 392 139 576 134 381 261 594 261 482 93 2.14759 398 503 3.14159
52.199 0.480239 0.307178 11 -64 -0.2 0.2 0.599246 0.311638 393 139 577 135 381 261 594 261 483 93 2.17308 398 503 3.15409
52.2657 0.479725 0.307949 11 -66 -0.2 0.2 0.599046 0.311838 394 139 579 135 382 261 596 261 485 93 2.14213 398 503 3.15409
52.3355 0.479725 0.307949 11 -66 -0.2 0.2 0.598846 0.312038 394 139 579 135 382 261 596 261 485 93 2.14213 398 503 3.15409
52.399 0.479725 0.307949 11 -66 -0.2 0.2 0.598646 0.312238 394 139 579 135 382 261 596 261 485 93 2.13908 398 503 3.14159
52.4657 0.478954 0.307949 10 -54 -0.2 0.2 0.598446 0.312438 395 139 579 135 382 261 596 261 485 92 2.17039 398 503 3.19283
52.5324 0.478954 0.307949 10 -54 -0.2 0.2 0.598246 0.312638 396 139 580 134 383 261 596 261 487 93 2.12178 398 503 3.12894
52.5991 0.478954 0.307949 10 -54 -0.2 0.2 0.598046 0.312838 396 138 580 134 383 261 596 261 487 93 2.12178 398 503 3.14159
52.6657 0.478697 0.309235 10 -65 -0.2 0.2 0.597846 0.313038 397 138 581 134 383 261 597 261 488 93 2.12178 398 503 3.12894
52.7324 0.478697 0.309235 10 -65 -0.2 0.2 0.597646 0.313238 397 139 581 135 383 261 597 261 488 93 2.11836 398 503 3.15409
52.7991 0.478697 0.309235 10 -65 -0.2 0.2 0.597446 0.313438 397 139 581 135 383 260 597 261 488 93 2.13595 398 503 3.14159
52.8657 0.478183 0.309749 15 -70 -0.2 0.2 0.597246 0.313638 398 139 582 135 383 260 598 261 489 92 2.1272 398 503 3.12909
52.9324 0.478183 0.309749 15 -70 -0.2 0.2 0.597046 0.313838 399 139 583 134 383 260 598 261 490 92 2.11299 398 503 3.14159
52.999 0.478183 0.309749 15 -70 -0.2 0.2 0.596846 0.314038 399 139 583 134 383 260 598 261 490 92 2.11299 398 503 3.14159
53.0657 0.477411 0.309749 9 -69 -0.2 0.2 0.596646 0.314238 399 139 583 135 383 260 598 261 490 92 2.11299 398 503 3.12894
53.1324 0.477411 0.309749 9 -69 -0.2 0.2 0.596446 0.314438 399 139 584 134 385 261 598 261 491 93 2.11299 398 503 3.12894
53.1991 0.477411 0.309749 9 -69 -0.2 0.2 0.596246 0.314638 400 139 584 135 385 261 599 261 492 92 2.13833 398 503 3.14159
53.2657 0.476897 0.310777 12 -71 -0.2 0.2 0.596046 0.314838 401 139 586 135 386 261 599 261 493 94 2.07987 398 503 3.12894
53.3324 0.476897 0.310777 12 -71 -0.2 0.2 0.595846 0.315038 401 139 586 135 386 261 599 261 493 94 2.07987 398 503 3.12894
53.399 0.476897 0.310777 12 -71 -0.2 0.2 0.595646 0.315238 401 139 586 135 386 261 599 262 493 94 2.07987 398 503 3.14159
53.4657 0.476383 0.310777 10 -63 -0.2 0.2 0.595446 0.315438 402 139 586 135 386 261 600 262 494 92 2.14717 398 503 3.14159
53.5324 0.476383 0.310777 10 -63 -0.2 0.2 0.595246 0.315638 402 139 587 135 387 261 600 261 494 92 2.10942 398 503 3.15409
53.599 0.476383 0.310777 10 -63 -0.2 0.2 0.595046 0.315838 403 139 588 135 387 261 600 262 495 93 2.07589 398 503 3.11691
53.6657 0.476383 0.311805 13 -69 -0.2 0.2 0.594846 0.316038 404 139 588 134 388 261 601 261 496 93 2.11299 397 503 3.14159
53.7324 0.476383 0.311805 13 -69 -0.2 0.2 0.594646 0.316238 404 139 588 134 388 261 601 261 496 93 2.11299 397 503 3.14159
53.799 0.476383 0.311805 13 -69 -0.2 0.2 0.594446 0.316438 405 139 589 134 388 261 601 262 497 93 2.08604 398 503 3.14159
53.8657 0.475098 0.312576 15 -75 -0.2 0.2 0.594246 0.316638 405 139 590 135 388 261 602 261 497 93 2.07589 398 503 3.14159
53.9324 0.475098 0.312576 15 -75 -0.2 0.2 0.594046 0.316838 405 139 590 135 388 261 602 262 498 92 2.10942 398 503 3.15409
53.9991 0.474584 0.312576 9 -73 -0.2 0.2 0.593846 0.317038 405 139 590 135 388 261 602 262 498 92 2.10942 398 503 3.15409
54.0657 0.474584 0.312576 9 -73 -0.2 0.2 0.593646 0.317238 407 139 590 134 389 261 603 261 498 93 2.09887 398 503 3.12894
54.1324 0.474584 0.312576 9 -73 -0.2 0.2 0.593446 0.317438 407 139 591 134 389 261 603 262 500 93 2.08604 398 503 3.12894
54.1991 0.47407 0.314119 15 -71 -0.2 0.2 0.593246 0.317638 407 139 592 134 390 261 603 262 500 94 2.07096 398 503 3.14159
54.2657 0.47407 0.314119 15 -71 -0.2 0.2 0.593046 0.317838 408 139 593 135 390 261 604 262 502 93 2.06684 398 503 3.15409
54.3324 0.47407 0.314119 15 -71 -0.2 0.2 0.592846 0.318038 409 139 593 134 391 261 604 262 502 94 2.05288 398 503 3.12894
54.399 0.473556 0.314119 14 -62 -0.2 0.2 0.592646 0.318238 409 139 593 134 391 261 604 262 502 94 2.05288 398 503 3.12894
54.4657 0.473556 0.314119 14 -62 -0.2 0.2 0.592446 0.318438 409 139 594 134 391 261 605 262 503 94 2.04814 398 503 3.15409
54.5324 0.473556 0.314119 14 -62 -0.2 0.2 0.592246 0.318638 410 139 594 134 391 261 605 262 503 94 2.06196 398 503 3.12894
54.599 0.473299 0.31489 12 -70 -0.2 0.2 0.592046 0.318838 410 139 595 135 391 260 605 262 504 93 2.07687 398 503 3.12909
54.6658 0.473299 0.31489 12 -70 -0.2 0.2 0.591846 0.319038 411 139 595 134 391 261 605 262 504 93 2.04814 398 503 3.12894
54.7324 0.473299 0.31489 12 -70 -0.2 0.2 0.591646 0.319238 411 139 595 135 392 261 606 262 505 94 2.05288 398 503 3.14159
54.7991 0.47227 0.315404 13 -69 -0.2 0.2 0.591446 0.319438 413 139 597 135 393 261 606 262 506 93 2.04814 397 503 3.14159
54.8657 0.47227 0.315404 13 -69 -0.2 0.2 0.591245 0.319638 413 139 597 135 393 261 606 262 506 93 2.04814 397 503 3.14159
54.9324 0.47227 0.315404 13 -69 -0.2 0.2 0.591045 0.319838 413 139 598 135 393 261 607 262 507 93 2.08994 398 503 3.14159
54.9992 0.471756 0.316175 11 -68 -0.2 0.2 0.590845 0.320038 414 139 599 135 394 260 607 262 508 94 2.03914 398 503 3.14159
55.0658 0.471756 0.316175 11 -68 -0.2 0.2 0.590645 0.320238 414 139 599 135 394 260 607 262 508 94 2.03914 398 503 3.14159
55.1324 0.471756 0.316175 11 -68 -0.2 0.2 0.590445 0.320438 415 139 599 135 394 261 608 262 509 93 2.0577 398 503 3.14159
55.199 0.471499 0.316432 14 -75 -0.2 0.2 0.590245 0.320638 415 139 600 135 395 260 608 262 509 93 2.05288 397 503 3.14159
55.2657 0.471499 0.316432 14 -75 -0.2 0.2 0.590045 0.320838 415 139 600 135 395 260 608 262 509 93 2.05288 397 503 3.14159
55.3324 0.471499 0.316432 14 -75 -0.2 0.2 0.589845 0.321038 416 139 600 135 395 260 608 262 510 94 2.02994 398 503 3.19283
55.399 0.470214 0.316432 12 -62 -0.2 0.2 0.589645 0.321238 416 140 601 135 396 261 609 262 511 94 2.04814 398 503 3.12894
55.4657 0.470214 0.316432 12 -62 -0.2 0.2 0.589445 0.321438 417 140 601 135 396 260 609 262 511 94 2.05288 398 503 3.12894
55.5324 0.470471 0.317717 12 -74 -0.2 0.2 0.589245 0.321638 418 140 602 135 396 260 609 262 513 94 2.0437 398 503 3.12894
55.599 0.470471 0.317717 12 -74 -0.2 0.2 0.589045 0.321838 418 140 602 135 396 261 609 263 513 94 2.02087 398 503 3.14159
55.6657 0.470471 0.317717 12 -74 -0.2 0.2 0.588845 0.322038 418 140 603 135 397 260 610 262 513 94 2.03903 398 503 3.14159
55.7324 0.469186 0.318231 12 -67 -0.2 0.2 0.588645 0.322238 419 140 604 135 397 260 610 263 514 94 2.02087 398 503 3.19283
55.799 0.469186 0.318231 12 -67 -0.2 0.2 0.588445 0.322438 419 140 604 135 397 260 611 262 514 94 2.0437 398 503 3.14159
55.8657 0.469186 0.318231 12 -67 -0.2 0.2 0.588245 0.322638 420 140 605 135 397 261 611 262 515 94 2.03444 398 503 3.14159
55.9324 0.469186 0.318746 9 -68 -0.2 0.2 0.588045 0.322838 421 140 605 135 398 261 611 262 516 94 2.01172 398 503 3.14159
55.9991 0.469186 0.318746 9 -68 -0.2 0.2 0.587845 0.323038 421 139 605 135 398 261 611 263 516 95 1.98493 398 503 3.14159
56.0657 0.469186 0.318746 9 -68 -0.2 0.2 0.587645 0.323238 422 140 606 135 398 261 612 263 517 95 1.98493 398 503 3.12894
56.1324 0.468415 0.319517 14 -73 -0.2 0.2 0.587445 0.323438 422 140 606 135 398 261 612 263 517 95 1.98493 398 503 3.12894
56.1991 0.468415 0.319517 14 -73 -0.2 0.2 0.587245 0.323638 423 140 607 136 399 261 613 263 518 95 1.98493 398 503 3.15409
56.2657 0.468415 0.319517 14 -73 -0.2 0.2 0.587045 0.323838 423 140 607 136 399 261 613 263 518 95 1.98493 398 503 3.1294
56.3324 0.467643 0.31926 9 -58 -0.2 0.2 0.586845 0.324038 424 140 609 135 400 261 613 263 520 95 1.98493 398 503 3.14159
56.399 0.467643 0.31926 9 -58 -0.2 0.2 0.586645 0.324238 424 140 609 135 400 261 614 263 520 95 1.97569 398 503 3.12894
56.4657 0.467643 0.31926 9 -58 -0.2 0.2 0.586445 0.324438 425 140 610 136 400 261 614 263 521 94 2.00249 398 503 3.14159
56.5324 0.467643 0.320288 12 -67 -0.2 0.2 0.586245 0.324638 425 140 610 136 400 261 614 263 521 94 2.00249 398 503 3.14159
56.599 0.467643 0.320288 12 -67 -0.2 0.2 0.586045 0.324838 425 140 610 136 400 261 614 263 521 95 1.98493 398 503 3.15409
56.6657 0.467643 0.320288 12 -67 -0.2 0.2 0.585845 0.325038 426 140 611 136 400 261 615 263 522 95 1.97569 398 503 3.14159
56.7324 0.466358 0.321316 13 -64 -0.2 0.2 0.585645 0.325238 426 141 611 136 401 260 615 263 523 95 1.99742 398 503 3.14159
56.7991 0.466358 0.321316 13 -64 -0.2 0.2 0.585445 0.325438 428 141 612 135 402 261 615 263 524 95 1.98797 397 503 3.14159
56.8657 0.466358 0.321316 13 -64 -0.2 0.2 0.585245 0.325638 428 140 612 136 402 261 616 264 524 95 1.97031 397 503 3.14159
56.9324 0.466101 0.321573 9 -63 -0.2 0.2 0.585045 0.325838 428 140 612 136 402 261 616 264 524 95 1.97031 397 503 3.14159
56.999 0.466101 0.321573 9 -63 -0.2 0.2 0.584845 0.326038 429 141 614 136 403 261 616 263 525 95 1.97031 398 503 3.14159
57.0657 0.465587 0.322858 12 -63 -0.2 0.2 0.584645 0.326238 429 141 614 136 403 261 616 263 526 95 1.97433 397 503 3.14159
57.1324 0.465587 0.322858 12 -63 -0.2 0.2 0.584445 0.326438 430 141 615 136 403 261 617 263 527 96 1.97569 398 503 3.12894
57.199 0.465587 0.322858 12 -63 -0.2 0.2 0.584245 0.326638 431 141 616 136 403 261 617 263 527 95 1.96637 397 503 3.14159
57.2657 0.464559 0.322858 9 -62 -0.2 0.2 0.584045 0.326838 431 141 616 136 404 261 618 264 528 96 1.96637 398 503 3.14159
57.3324 0.464559 0.322858 9 -62 -0.2 0.2 0.583845 0.327038 432 141 617 136 404 261 618 263 529 96 1.96084 398 503 3.14159
57.399 0.464559 0.322858 9 -62 -0.2 0.2 0.583645 0.327238 432 141 617 136 405 261 618 264 529 95 1.97569 398 503 3.11691
57.4657 0.464302 0.32363 -1 -70 -0.2 0.2 0.583445 0.327438 433 141 618 136 405 261 619 264 530 95 1.97843 398 503 3.12909
57.5324 0.464302 0.32363 -1 -70 -0.2 0.2 0.583245 0.327638 433 141 618 136 405 261 619 264 530 96 1.94945 398 503 3.15409
57.5991 0.464302 0.32363 -1 -70 -0.2 0.2 0.583045 0.327838 433 141 618 136 405 261 619 264 530 96 1.96084 398 503 3.12894
57.6657 0.463788 0.324144 12 -64 -0.2 0.2 0.582845 0.328038 435 141 619 136 406 261 620 264 532 96 1.93432 398 503 3.14159
57.7324 0.463788 0.324144 12 -64 -0.2 0.2 0.582645 0.328238 435 141 619 136 406 261 620 264 532 96 1.93432 398 503 3.14159
57.799 0.463788 0.324144 12 -64 -0.2 0.2 0.582445 0.328438 436 141 620 137 406 261 620 264 533 96 1.94378 398 503 3.14159
57.8657 0.463274 0.324658 10 -64 -0.2 0.2 0.582245 0.328638 436 141 620 137 406 261 620 264 533 96 1.94378 398 503 3.15409
57.9324 0.463274 0.324658 10 -64 -0.2 0.2 0.582045 0.328838 436 141 621 137 407 261 621 264 534 96 1.94378 398 503 3.15409
57.999 0.463274 0.324658 10 -64 -0.2 0.2 0.581845 0.329038 437 141 621 137 407 261 621 264 535 96 1.9513 398 503 3.15409
58.0657 0.462502 0.325429 15 -63 -0.2 0.2 0.581645 0.329238 437 142 622 137 407 261 622 264 535 96 1.91868 398 503 3.14159
58.1324 0.462502 0.325429 15 -63 -0.2 0.2 0.581445 0.329438 437 142 622 137 407 261 622 264 536 97 1.92479 398 503 3.14159
58.1991 0.462502 0.325429 15 -63 -0.2 0.2 0.581245 0.329638 438 142 622 137 407 261 622 264 536 97 1.92479 398 503 3.14159
58.2657 0.461731 0.325429 9 -68 -0.2 0.2 0.581045 0.329838 439 142 623 137 407 261 622 264 537 96 1.93571 398 503 3.14159
58.3324 0.461731 0.325429 9 -68 -0.2 0.2 0.580845 0.330038 439 142 624 137 409 261 622 264 537 97 1.91178 398 503 3.12909
58.399 0.461731 0.325429 9 -68 -0.2 0.2 0.580645 0.330238 440 142 625 137 409 261 623 265 538 97 1.9513 398 503 3.14159
58.4657 0.461474 0.325943 8 -71 -0.2 0.2 0.580445 0.330438 440 142 625 137 409 261 623 265 538 97 1.9513 398 503 3.14159
58.5324 0.461474 0.325943 8 -71 -0.2 0.2 0.580245 0.330638 440 142 625 137 409 261 623 265 539 96 1.95517 398 503 3.12894
58.599 0.461474 0.325943 8 -71 -0.2 0.2 0.580045 0.330838 441 142 626 138 410 261 623 265 539 97 1.92836 398 503 3.1166
58.6657 0.460703 0.326971 11 -69 -0.2 0.2 0.579845 0.331038 441 142 626 137 410 261 623 264 539 97 1.94548 398 503 3.12894
58.7324 0.460703 0.326971 11 -69 -0.2 0.2 0.579645 0.331238 442 142 627 138 411 261 624 265 541 97 1.9152 398 503 3.12894
58.7991 0.460189 0.327228 11 -69 -0.2 0.2 0.579445 0.331438 443 143 627 138 411 261 625 265 541 97 1.89255 398 503 3.14159
58.8657 0.460189 0.327228 11 -69 -0.2 0.2 0.579245 0.331638 443 143 627 138 411 261 625 265 541 97 1.89255 398 503 3.14159
58.9324 0.460189 0.327228 11 -69 -0.2 0.2 0.579045 0.331838 444 143 628 138 412 261 625 265 542 97 1.91868 398 503 3.14159
58.999 0.459675 0.328514 13 -63 -0.2 0.2 0.578845 0.332038 445 143 629 138 413 262 626 266 544 98 1.91241 398 503 3.12894
59.0657 0.459675 0.328514 13 -63 -0.2 0.2 0.578645 0.332238 445 143 629 138 413 262 626 266 544 98 1.91241 398 503 3.12894
59.1324 0.459675 0.328514 13 -63 -0.2 0.2 0.578445 0.332438 445 143 629 138 413 262 626 266 545 97 1.92836 398 503 3.15409
59.199 0.459161 0.328514 12 -79 -0.2 0.2 0.578245 0.332638 446 143 631 138 413 262 627 265 545 98 1.90251 397 503 3.14159
59.2657 0.459161 0.328514 12 -79 -0.2 0.2 0.578045 0.332838 446 143 631 138 413 262 627 265 545 97 1.91241 398 503 3.12894
59.3324 0.459161 0.328514 12 -79 -0.2 0.2 0.577845 0.333038 446 143 631 138 413 262 627 265 545 97 1.91241 398 503 3.12894
59.399 0.458904 0.329028 13 -70 -0.2 0.2 0.577645 0.333238 447 143 631 138 413 262 627 265 546 98 1.89255 397 503 3.14159
59.4657 0.458904 0.329028 13 -70 -0.2 0.2 0.577445 0.333438 448 143 632 138 414 262 628 266 547 98 1.92479 398 503 3.14159
59.5324 0.458904 0.329028 13 -70 -0.2 0.2 0.577245 0.333638 448 143 632 138 414 262 628 266 547 98 1.92479 398 503 3.14159
59.599 0.458133 0.329799 13 -70 -0.2 0.2 0.577045 0.333838 448 144 633 138 415 262 628 266 548 98 1.91178 397 503 3.14159
59.6657 0.458133 0.329799 13 -70 -0.2 0.2 0.576845 0.334038 449 144 634 139 415 262 628 266 549 98 1.90251 398 503 3.15409
59.7324 0.458133 0.329799 13 -70 -0.2 0.2 0.576645 0.334238 449 144 634 139 415 262 628 266 549 98 1.90251 398 503 3.15409
59.799 0.457361 0.330056 10 -69 0 0 0.576645 0.334238 450 144 634 139 415 262 629 266 549 98 1.90251 397 503 3.14159
59.8657 0.457361 0.330056 10 -69 0 0 0.576645 0.334238 450 144 635 139 416 262 629 266 550 99 1.90251 398 503 3.12894
59.9324 0.457361 0.330056 10 -69 0 0 0.576645 0.334238 451 144 636 139 416 262 629 266 551 98 1.89255 397 503 3.14159
59.999 0.456847 0.331084 13 -69 0 0 0.576645 0.334238 452 145 637 139 417 262 630 266 553 99 1.8958 398 503 3.12909
60.0657 0.456847 0.331084 13 -69 0 0 0.576645 0.334238 452 145 637 139 417 262 630 266 553 99 1.8958 398 503 3.12909
60.1324 0.456847 0.331084 13 -69 0 0 0.576645 0.334238 452 144 637 139 417 262 630 267 553 99 1.88601 398 503 3.15409
60.199 0.45659 0.331084 8 -72 0 0 0.576645 0.334238 452 145 637 139 417 262 630 267 553 100 1.83794 398 503 3.14159
60.2657 0.45659 0.331084 8 -72 0 0 0.576645 0.334238 453 145 638 139 418 262 631 267 553 99 1.84771 398 503 3.14159
60.3324 0.456076 0.331598 13 -75 0 0 0.576645 0.334238 454 145 638 139 418 262 631 267 554 100 1.88935 398 503 3.14159
60.3991 0.456076 0.331598 13 -75 0 0 0.576645 0.334238 454 145 638 139 418 262 631 266 555 100 1.83528 398 503 3.12894
60.4658 0.456076 0.331598 13 -75 0 0 0.576645 0.334238 454 145 638 139 418 262 631 267 555 100 1.83268 398 503 3.14159
60.5324 0.456333 0.331598 11 -75 0 0 0.576645 0.334238 454 145 638 139 418 262 631 267 555 100 1.83268 398 503 3.14159
60.599 0.456333 0.331598 11 -75 0 0 0.576645 0.334238 454 145 639 139 418 262 631 267 555 100 1.83268 398 503 3.12894
60.6657 0.456333 0.331598 11 -75 0 0 0.576645 0.334238 454 145 638 139 418 262 631 267 555 100 1.83268 398 503 3.15409
60.7324 0.456076 0.331598 15 -75 0 0 0.576645 0.334238 454 145 638 139 418 262 631 267 554 99 1.84771 397 503 3.14159
60.799 0.456076 0.331598 15 -75 0 0 0.576645 0.334238 454 145 639 139 418 262 631 267 554 99 1.84771 398 503 3.15409
60.8657 0.456076 0.331598 15 -75 0 0 0.576645 0.334238 454 145 639 139 418 262 631 267 554 99 1.84771 398 503 3.14159
60.9324 0.456076 0.331598 13 -75 0 0 0.576645 0.334238 454 145 639 139 418 262 631 267 554 99 1.84771 398 503 3.14159
60.9991 0.456076 0.331598 13 -75 0 0 0.576645 0.334238 454 145 638 139 418 262 631 267 554 99 1.84771 398 503 3.15409
61.0657 0.456076 0.331598 13 -75 0 -0.4 0.576645 0.333838 454 145 638 139 418 262 631 267 554 99 1.84771 398 503 3.12894
61.1324 0.456076 0.331598 16 -75 0 -0.4 0.576645 0.333438 454 145 638 139 418 262 631 267 554 99 1.84771 398 503 3.14159
61.199 0.456076 0.331598 16 -75 0 -0.4 0.576645 0.333038 454 145 638 139 418 262 631 267 555 100 1.83268 398 503 3.14159
61.2657 0.456076 0.331598 16 -75 0 -0.4 0.576645 0.332638 454 145 638 139 418 262 631 267 555 100 1.83268 398 503 3.14159
61.3324 0.456076 0.331598 16 -75 0 -0.4 0.576645 0.332238 454 145 638 139 418 262 631 267 554 99 1.84771 398 503 3.14159
61.399 0.456076 0.331598 16 -75 0 -0.4 0.576645 0.331838 454 145 639 139 418 262 631 267 554 99 1.84771 398 503 3.14159
61.4657 0.456076 0.331598 16 -75 0 -0.4 0.576645 0.331438 454 145 639 139 418 262 631 267 555 100 1.83268 398 503 3.12894
61.5324 0.456076 0.331598 12 -63 0 -0.4 0.576645 0.331038 454 145 638 139 418 262 631 267 555 100 1.81577 398 503 3.15409
61.599 0.456076 0.331598 12 -63 0 -0.4 0.576645 0.330638 454 145 638 139 418 262 631 267 555 100 1.81577 398 503 3.15409
61.6657 0.456076 0.331598 12 -63 0 -0.4 0.576645 0.330238 454 145 639 139 418 262 631 267 554 99 1.84771 398 503 3.12909
61.7324 0.456076 0.331598 12 -63 0 -0.4 0.576645 0.329838 454 145 638 139 418 262 631 267 555 100 1.81577 398 503 3.15409
61.7991 0.456076 0.331598 12 -63 0 -0.4 0.576645 0.329438 454 145 639 139 418 262 631 267 555 100 1.81577 398 503 3.15409
61.8657 0.456076 0.331341 11 -24 0 -0.4 0.576645 0.329038 454 145 639 139 418 262 631 267 555 100 1.81577 398 503 3.15409
61.9324 0.456076 0.331341 11 -24 0 -0.4 0.576645 0.328638 454 145 638 139 418 262 631 267 554 99 1.84771 398 503 3.11691
61.999 0.456076 0.331341 11 -24 0 -0.4 0.576645 0.328238 454 145 638 139 418 262 631 267 554 99 1.84771 398 503 3.12894
62.0657 0.456076 0.331084 12 -8 0 -0.4 0.576645 0.327838 454 145 638 139 418 262 631 267 554 99 1.84771 398 503 3.12894
62.1324 0.456076 0.331084 12 -8 0 -0.4 0.576645 0.327438 454 145 638 139 418 262 631 267 554 99 1.84771 398 503 3.12894
62.1991 0.456076 0.331084 12 -8 0 -0.4 0.576645 0.327038 454 145 638 139 418 262 631 267 554 99 1.85335 398 503 3.14159
62.2657 0.456076 0.329542 14 -19 0 -0.4 0.576645 0.326638 454 145 638 139 418 262 631 267 554 99 1.85335 398 503 3.14159
62.3324 0.456076 0.329542 14 -19 0 -0.4 0.576645 0.326238 453 145 638 139 418 262 631 266 554 100 1.83794 398 503 3.14159
62.399 0.456076 0.329542 14 -19 0 -0.4 0.576645 0.325838 454 145 638 139 418 262 631 267 553 99 1.8958 398 503 3.19283
62.4657 0.456076 0.328514 12 0 0 -0.4 0.576645 0.325438 454 145 638 139 418 262 631 267 553 99 1.8958 398 503 3.19283
62.5324 0.456076 0.328514 12 0 0 -0.4 0.576645 0.325038 454 145 638 139 418 262 631 267 554 100 1.84771 398 503 3.19283
62.599 0.456076 0.328514 12 0 0 -0.4 0.576645 0.324638 453 144 638 139 418 262 631 266 554 100 1.83268 398 503 3.19283
62.6657 0.456333 0.327999 12 -11 0 -0.4 0.576645 0.324238 453 144 637 139 417 262 630 266 553 100 1.84496 398 503 3.12861
62.7324 0.456333 0.327999 12 -11 0 -0.4 0.576645 0.323838 453 144 637 139 417 262 631 266 552 99 1.8793 398 503 3.19283
62.799 0.456333 0.327999 12 -11 0 -0.4 0.576645 0.323438 453 144 637 139 417 262 631 266 552 99 1.8793 398 503 3.19283
62.8657 0.456076 0.326457 15 2 0 -0.4 0.576645 0.323038 452 144 637 139 417 262 630 266 553 100 1.8603 398 503 3.19283
62.9324 0.456076 0.326457 15 2 0 -0.4 0.576645 0.322638 451 144 636 139 417 262 630 266 552 99 1.87668 397 503 3.12894
62.9991 0.456076 0.326457 15 2 0 -0.4 0.576645 0.322238 451 144 636 139 417 262 630 266 552 99 1.89255 398 503 3.19283
63.0657 0.456333 0.3262 12 0 0 -0.4 0.576645 0.321838 451 144 636 139 417 262 630 266 552 99 1.89255 398 503 3.19283
63.1324 0.456333 0.3262 12 0 0 -0.4 0.576645 0.321438 451 144 636 139 417 262 630 266 551 98 1.91241 398 503 3.14159
63.1991 0.456333 0.3262 12 0 0 -0.4 0.576645 0.321038 449 143 634 138 415 262 628 266 549 99 1.8603 398 503 3.19283
63.2657 0.456333 0.324401 12 2 0 -0.4 0.576645 0.320638 449 143 634 138 415 262 628 266 549 99 1.8603 398 503 3.19283
63.3324 0.456333 0.324401 12 2 0 -0.4 0.576645 0.320238 449 143 634 138 415 262 628 265 549 98 1.89255 398 503 3.19283
63.3991 0.456333 0.324401 12 2 0 -0.4 0.576645 0.319838 449 143 634 138 415 262 628 266 549 98 1.89255 397 503 3.12894
63.4657 0.456333 0.322858 10 3 0 -0.4 0.576645 0.319438 447 143 633 138 414 261 627 265 549 98 1.89255 398 502 3.15425
63.5324 0.456333 0.322858 10 3 0 -0.4 0.576645 0.319038 447 143 632 138 414 261 627 265 543 101 1.8491 398 503 3.1166
63.5991 0.456333 0.322601 10 4 0 -0.4 0.576645 0.318638 447 143 632 138 414 261 627 265 534 109 1.89629 398 502 3.14159
63.6657 0.456333 0.322601 10 4 0 -0.4 0.576645 0.318238 447 143 632 138 414 261 627 265 534 109 1.89629 398 502 3.14159
63.7324 0.456333 0.322601 10 4 0 -0.4 0.576645 0.317838 447 143 632 138 414 261 626 265 534 109 1.89629 398 502 3.12894
63.7991 0.456333 0.320545 7 3 0 -0.4 0.576645 0.317438 444 141 631 137 413 262 626 266 534 109 1.89629 398 502 3.15425
63.8657 0.456333 0.320545 7 3 0 -0.4 0.576645 0.317038 444 141 631 137 413 262 626 266 534 109 1.89629 398 502 3.15425
63.9324 0.456333 0.320545 7 3 0 -0.4 0.576645 0.316638 444 143 631 138 413 261 626 265 534 109 1.89629 398 502 3.14159
63.9991 0.456076 0.320545 10 0 0 -0.4 0.576645 0.316238 444 143 631 138 413 260 626 264 534 109 1.89629 398 502 3.14159
64.0657 0.456076 0.320545 10 0 0 -0.4 0.576645 0.315838 444 143 631 138 412 261 627 264 534 109 1.89629 397 503 3.12894
64.1324 0.456076 0.320545 10 0 0 -0.4 0.576645 0.315438 442 142 631 138 412 261 626 265 534 109 1.89629 398 503 3.15425
64.199 0.456333 0.319003 9 3 0 -0.4 0.576645 0.315038 442 142 631 138 412 261 626 265 534 109 1.89629 398 503 3.15425
64.2657 0.456333 0.319003 9 3 0 -0.4 0.576645 0.314638 442 142 630 138 412 261 626 265 534 109 1.89629 398 503 3.14159
64.3324 0.456333 0.319003 9 3 0 -0.4 0.576645 0.314238 442 142 631 138 412 261 626 265 534 109 1.89629 398 503 3.12894
64.3991 0.456333 0.31746 10 2 0 -0.4 0.576645 0.313838 442 142 630 138 411 261 626 265 534 109 1.89629 398 503 3.11596
64.4657 0.456333 0.31746 10 2 0 -0.4 0.576645 0.313438 440 141 630 138 409 261 627 265 534 109 1.89629 398 503 3.12894
64.5324 0.456333 0.31746 10 2 0 -0.4 0.576645 0.313038 438 141 630 138 409 261 626 265 534 109 1.89629 398 503 3.19283
64.5991 0.456333 0.316946 8 3 0 -0.4 0.576645 0.312638 438 141 630 138 409 261 626 265 534 109 1.89629 398 503 3.19283
64.6657 0.456333 0.316946 8 3 0 -0.4 0.576645 0.312238 438 141 630 138 409 261 626 265 534 109 1.89629 398 503 3.19283
64.7324 0.456333 0.316946 8 3 0 -0.4 0.576645 0.311838 438 141 630 138 409 261 626 265 534 109 1.89629 398 502 3.12894
64.799 0.456333 0.315147 8 3 0 -0.4 0.576645 0.311438 434 141 630 138 407 260 626 265 534 109 1.89629 398 503 3.14159
64.8657 0.456333 0.315147 8 3 0 -0.4 0.576645 0.311038 434 141 630 138 407 260 626 265 534 109 1.89629 398 503 3.14159
64.9324 0.456333 0.315147 8 3 0 -0.4 0.576645 0.311038 434 141 630 138 407 260 626 265 534 109 1.89629 398 503 3.14159
64.9991 0.456333 0.315147 8 3 0 -0.4 0.576645 0.311038 434 141 630 138 407 260 626 265 534 109 1.89629 398 503 3.14159
65.0657 0.456333 0.315147 8 3 0 -0.4 0.576645 0.311038 434 141 630 138 407 260 626 265 534 109 1.89629 398 503 3.14159
65.1324 0.456333 0.315147 8 3 0 -0.4 0.576645 0.311038 434 141 630 138 407 260 626 265 534 109 1.89629 398 503 3.14159
