38.9992 0.477411 0.307692 37 -41 0.2 0.2 0.600846 0.310869 396 138 577 134 386 261 592 261 485 82 1.01649 397 503 3.12894
39.0658 0.477411 0.307692 37 -41 0.2 0.2 0.601046 0.311069 396 138 577 134 386 261 593 261 485 82 1.03749 398 503 3.12909
39.1325 0.477411 0.307692 37 -41 0.2 0.2 0.601246 0.311269 396 138 577 134 386 261 593 261 486 82 1.00793 397 503 3.14159
39.1991 0.478183 0.308721 40 -43 0.2 0.2 0.601446 0.311469 396 138 577 134 386 261 592 261 485 82 1.05165 398 503 3.12909
39.2658 0.478183 0.308721 40 -43 0.2 0.2 0.601646 0.311669 396 138 577 134 386 261 593 261 486 83 1.00793 398 503 3.12909
39.3325 0.478183 0.308721 40 -43 0.2 0.2 0.601846 0.311869 396 138 577 134 386 261 593 261 486 82 1.02177 398 503 3.12909
39.3991 0.478697 0.308721 43 -48 0.2 0.2 0.602046 0.312069 397 138 577 134 386 261 593 261 486 82 1.01011 397 503 3.12894
39.4658 0.478697 0.308721 43 -48 0.2 0.2 0.602246 0.312269 396 138 577 134 386 261 593 261 485 82 1.05165 397 503 3.12894
39.5325 0.478697 0.308721 43 -48 0.2 0.2 0.602446 0.312469 397 138 577 134 386 261 592 261 485 83 1.01981 398 503 3.14159
39.5991 0.478697 0.309235 53 -47 0.2 0.2 0.602646 0.312669 397 138 577 135 386 261 593 261 486 83 1.00251 397 504 3.11628
39.6658 0.478697 0.309235 53 -47 0.2 0.2 0.602846 0.312869 397 138 577 134 386 261 593 261 485 82 1.00251 398 503 3.14159
39.7325 0.478697 0.309235 53 -47 0.2 0.2 0.603046 0.313069 396 138 577 135 386 261 593 261 486 83 0.993998 397 503 3.12894
39.7991 0.479725 0.309235 41 -48 0.2 0.2 0.603246 0.313269 396 138 577 134 386 261 593 261 486 83 1.01111 398 503 3.14159
39.8658 0.479725 0.309235 41 -48 0.2 0.2 0.603446 0.313469 396 138 577 134 386 261 593 261 485 83 1.00793 398 503 3.12909
39.9325 0.479725 0.309235 41 -48 0.2 0.2 0.603646 0.31367 397 138 577 134 386 261 593 262 486 83 0.999459 397 504 3.18053
39.9991 0.480496 0.310263 51 -47 0.2 0.2 0.603846 0.31387 396 138 577 134 386 261 593 262 486 82 1.00793 398 504 3.19283
40.0658 0.480496 0.310263 51 -47 0.2 0.2 0.604046 0.31407 397 138 577 134 386 262 593 262 486 82 1.02861 398 504 3.18004
40.1325 0.480496 0.310263 51 -47 0.2 0.2 0.604246 0.31427 397 138 577 134 386 262 593 262 485 82 1.02861 398 503 3.15441
40.1991 0.480753 0.310777 48 -59 0.2 0.2 0.604446 0.31447 396 138 577 134 386 261 593 261 486 83 0.999459 398 503 3.14159
40.2658 0.480753 0.310777 48 -59 0.2 0.2 0.604646 0.31467 397 138 577 134 386 261 593 262 485 83 1.00793 397 503 3.12894
40.3325 0.481524 0.310777 58 -51 0.2 0.2 0.604846 0.31487 396 138 577 135 386 261 593 261 485 82 1.00483 398 503 3.14159
40.3992 0.481524 0.310777 58 -51 0.2 0.2 0.605046 0.31507 397 138 577 135 386 261 593 261 485 83 1.00793 397 503 3.12894
40.4658 0.481524 0.310777 58 -51 0.2 0.2 0.605246 0.31527 397 138 577 135 386 261 594 261 485 83 1.02177 397 504 3.11628
40.5325 0.481524 0.311805 54 -61 0.2 0.2 0.605446 0.31547 397 138 577 135 386 261 593 262 485 83 1.01649 398 503 3.14159
40.5991 0.481524 0.311805 54 -61 0.2 0.2 0.605646 0.31567 397 138 578 135 386 261 593 261 485 83 0.99139 397 503 3.12894
40.6658 0.481524 0.311805 54 -61 0.2 0.2 0.605846 0.31587 397 138 577 135 386 261 593 262 485 83 1.02514 398 503 3.14159
40.7325 0.482038 0.312319 61 -68 0.2 0.2 0.606046 0.31607 397 138 578 135 386 261 593 261 485 83 1.00251 398 503 3.14159
40.7991 0.482038 0.312319 61 -68 0.2 0.2 0.606246 0.31627 397 138 577 135 386 261 593 261 485 83 1.00793 397 504 3.11628
40.8658 0.482038 0.312319 61 -68 0.2 0.2 0.606446 0.31647 397 138 577 135 386 261 593 261 485 83 1.02514 397 503 3.12894
40.9325 0.48281 0.312319 66 -67 0.2 0.2 0.606646 0.31667 397 138 578 135 386 261 594 261 486 83 0.982794 398 503 3.14159
40.9991 0.48281 0.312319 66 -67 0.2 0.2 0.606846 0.31687 397 138 577 135 386 261 593 261 485 83 1.03749 398 503 3.14159
41.0658 0.48281 0.312319 66 -67 0.2 0.2 0.607046 0.31707 397 138 578 135 386 261 593 261 485 84 1.03217 397 503 3.12894
41.1325 0.48281 0.313347 66 -67 0.2 0.2 0.607246 0.31727 397 138 578 135 386 261 594 261 486 84 1.01439 398 503 3.14159
41.1992 0.48281 0.313347 66 -67 0.2 0.2 0.607446 0.31747 397 138 578 135 386 261 593 261 486 84 1.01439 397 503 3.12894
41.2658 0.48281 0.313347 66 -67 0.2 -0.2 0.607646 0.31727 397 138 578 134 386 261 594 261 486 83 1.01981 397 503 3.12894
41.3325 0.483581 0.313347 66 -72 0.2 -0.2 0.607846 0.31707 397 138 578 135 386 261 593 261 486 84 1.02323 398 503 3.14159
41.3991 0.483581 0.313347 66 -72 0.2 -0.2 0.608046 0.31687 397 138 578 134 386 261 594 261 486 83 1.03389 398 503 3.14159
41.4658 0.483581 0.314119 72 -72 0.2 -0.2 0.608246 0.31667 397 138 578 135 386 261 594 261 486 83 1.03389 398 503 3.14159
41.5325 0.483581 0.314119 72 -72 0.2 -0.2 0.608446 0.31647 397 138 578 134 386 261 594 261 486 83 1.02861 397 503 3.12894
41.5991 0.483581 0.314119 72 -72 0.2 -0.2 0.608646 0.31627 397 138 578 135 386 261 594 261 487 83 1.00793 398 503 3.14159
41.6658 0.484609 0.314119 66 -72 0.2 -0.2 0.608846 0.31607 397 138 578 135 386 261 594 261 486 83 1.04786 397 504 3.11628
41.7325 0.484609 0.314119 66 -72 0.2 -0.2 0.609046 0.31587 397 138 578 135 386 261 594 261 486 83 1.02861 398 503 3.14159
41.7991 0.484609 0.314119 66 -72 0.2 -0.2 0.609246 0.31567 397 138 578 135 386 261 594 261 486 83 1.02861 398 503 3.14159
41.8658 0.484609 0.31489 78 -71 0.2 -0.2 0.609446 0.31547 397 138 578 135 386 261 594 261 486 83 1.02861 398 503 3.14159
41.9325 0.484609 0.31489 78 -71 0.2 -0.2 0.609646 0.31527 397 138 578 135 386 261 594 261 486 83 1.02861 398 503 3.14159
41.9991 0.484609 0.31489 78 -71 0.2 -0.2 0.609846 0.31507 397 138 578 135 386 261 594 261 487 83 1.01649 398 503 3.14159
42.0658 0.485123 0.31489 75 -48 0.2 -0.2 0.610046 0.31487 397 138 578 135 386 261 594 261 487 83 1.01649 398 503 3.14159
42.1325 0.485123 0.31489 75 -48 0.2 -0.2 0.610246 0.31467 397 138 578 135 386 261 594 261 486 83 1.03749 398 503 3.14159
42.1992 0.485123 0.31489 75 -48 0.2 -0.2 0.610446 0.31447 397 138 578 135 385 261 594 262 487 83 1.00793 398 503 3.14159
42.2658 0.486151 0.31489 76 -32 0.2 -0.2 0.610646 0.31427 397 138 578 135 386 261 594 261 487 83 1.00793 398 503 3.14159
42.3325 0.486151 0.31489 76 -32 0.2 -0.2 0.610846 0.31407 397 138 578 135 385 261 594 261 486 83 1.04648 397 504 3.11628
42.3991 0.486151 0.31489 76 -32 0.2 -0.2 0.611046 0.31387 397 138 578 135 385 261 594 261 486 83 1.04648 398 503 3.14159
42.4658 0.486408 0.314633 80 -26 0.2 -0.2 0.611246 0.31367 397 138 578 135 385 261 594 261 487 83 1.00793 397 503 3.12894
42.5325 0.486408 0.314633 80 -26 0.2 -0.2 0.611446 0.313469 397 138 578 135 385 261 594 261 487 83 1.00793 398 503 3.14159
42.5992 0.486408 0.314633 80 -26 0.2 -0.2 0.611646 0.313269 397 138 578 135 385 261 594 261 486 83 1.04648 398 503 3.14159
42.6658 0.486922 0.314633 77 -18 0.2 -0.2 0.611846 0.313069 397 138 578 135 385 261 594 261 485 84 1.02124 397 503 3.12894
42.7325 0.486922 0.314633 77 -18 0.2 -0.2 0.612046 0.312869 397 138 578 134 385 261 594 261 486 84 0.999459 397 503 3.12894
42.7991 0.486922 0.314633 77 -18 0.2 -0.2 0.612246 0.312669 397 138 578 135 385 261 594 261 486 84 1.01649 398 503 3.14159
42.8658 0.487179 0.314119 86 -17 0.2 -0.2 0.612446 0.312469 396 138 578 135 385 261 594 261 486 84 1.00793 398 503 3.14159
42.9325 0.487179 0.314119 86 -17 0.2 -0.2 0.612646 0.312269 397 138 578 135 385 261 594 262 486 84 1.00793 398 503 3.14159
42.9991 0.487694 0.313347 87 -12 0.2 -0.2 0.612846 0.312069 396 138 578 135 385 261 594 261 486 84 1.02177 398 503 3.14159
43.0658 0.487694 0.313347 87 -12 0.2 -0.2 0.613046 0.311869 396 138 577 135 385 261 594 261 486 83 1.00793 398 503 3.14159
43.1325 0.487694 0.313347 87 -12 0.2 -0.2 0.613246 0.311669 396 138 577 135 385 261 594 261 485 84 1.01649 398 503 3.14159
43.1991 0.488979 0.31309 83 0 0.2 -0.2 0.613446 0.311469 396 138 577 135 384 261 593 262 485 84 1.01326 398 503 3.14159
43.2658 0.488979 0.31309 83 0 0.2 -0.2 0.613646 0.311269 395 138 577 135 384 261 593 261 485 83 1.02177 398 503 3.14159
43.3325 0.488979 0.31309 83 0 0.2 -0.2 0.613846 0.311069 395 138 576 135 384 261 593 262 485 83 1.02177 397 503 3.12894
43.3991 0.488979 0.312062 81 -13 0.2 -0.2 0.614046 0.310869 394 138 576 135 384 261 593 261 483 83 1.01326 398 503 3.14159
43.4658 0.488979 0.312062 81 -13 0.2 -0.2 0.614246 0.310669 394 138 575 135 383 261 593 261 483 84 1.01326 398 503 3.14159
43.5325 0.488979 0.312062 81 -13 0.2 -0.2 0.614446 0.310469 394 139 575 135 383 261 592 262 482 83 1.03038 398 503 3.14159
43.5991 0.490007 0.312319 80 0 0.2 -0.2 0.614646 0.310269 393 138 575 135 383 261 592 261 482 84 1.03207 397 503 3.12894
43.6658 0.490007 0.312319 80 0 0.2 -0.2 0.614846 0.310069 393 138 575 135 383 261 592 261 482 84 1.01649 398 503 3.14159
43.7325 0.490007 0.312319 80 0 0.2 -0.2 0.615046 0.309869 393 138 574 135 383 261 592 261 481 84 1.0529 398 503 3.14159
43.7991 0.490264 0.311034 81 -13 0.2 -0.2 0.615246 0.309669 392 138 574 135 382 261 592 261 481 84 1.03389 398 503 3.14159
43.8658 0.490264 0.311034 81 -13 0.2 -0.2 0.615446 0.309469 392 138 573 135 382 261 591 261 480 84 1.0529 398 503 3.14159
43.9325 0.490778 0.311034 87 0 0.2 -0.2 0.615646 0.309269 392 138 573 135 382 261 591 261 480 84 1.07475 397 503 3.12894
43.9991 0.490778 0.311034 87 0 0.2 -0.2 0.615846 0.309069 392 138 573 135 382 261 591 261 480 84 1.05786 398 503 3.14159
44.0658 0.490778 0.311034 87 0 0.2 -0.2 0.616046 0.308869 391 138 572 135 382 261 590 261 479 84 1.0529 398 503 3.14159
44.1325 0.491035 0.310263 80 -17 0.2 -0.2 0.616246 0.308669 390 138 572 135 381 261 590 261 478 84 1.06978 398 503 3.14159
44.1991 0.491035 0.310263 80 -17 0.2 -0.2 0.616446 0.308469 390 138 571 135 381 261 590 262 478 84 1.05786 397 503 3.12894
44.2658 0.491035 0.310263 80 -17 0.2 -0.2 0.616646 0.308269 389 138 571 135 381 261 590 261 478 84 1.04786 397 503 3.12894
44.3325 0.492063 0.309235 81 -12 0.2 -0.2 0.616846 0.308069 389 138 571 135 381 261 589 261 477 84 1.0529 398 503 3.14159
44.3991 0.492063 0.309235 81 -12 0.2 -0.2 0.617046 0.307869 388 138 570 135 380 261 589 261 476 84 1.05786 397 503 3.12894
44.4658 0.492063 0.309235 81 -12 0.2 -0.2 0.617246 0.307669 387 138 569 135 380 261 589 261 475 84 1.07549 398 503 3.14159
44.5325 0.493092 0.308978 80 -1 0.2 -0.2 0.617446 0.307469 387 138 568 135 379 262 588 261 475 84 1.04786 397 503 3.12894
44.5991 0.493092 0.308978 80 -1 0.2 -0.2 0.617646 0.307269 387 138 568 135 379 262 588 261 474 84 1.07549 397 503 3.12894
44.6658 0.493092 0.308978 80 -1 0.2 -0.2 0.617846 0.307069 386 138 568 135 379 261 588 261 474 84 1.06663 397 503 3.12894
44.7325 0.493349 0.308463 81 -15 0.2 -0.2 0.618046 0.306869 385 138 567 135 379 262 587 262 473 84 1.07549 398 503 3.14159
44.7991 0.493349 0.308463 81 -15 0.2 -0.2 0.618246 0.306669 385 138 567 135 378 262 587 261 473 84 1.07549 397 503 3.12894
44.8658 0.493349 0.308463 81 -15 0.2 -0.2 0.618446 0.306469 384 139 566 135 378 262 587 261 472 84 1.06663 398 503 3.14159
44.9325 0.493863 0.307692 75 -9 0.2 -0.2 0.618646 0.306269 384 139 566 135 378 262 587 261 472 84 1.07549 398 503 3.14159
44.9991 0.493863 0.307692 75 -9 0.2 -0.2 0.618846 0.306069 383 139 565 135 377 262 586 261 471 84 1.07549 397 503 3.12894
45.0658 0.493863 0.307692 75 -9 0.2 -0.2 0.619046 0.305869 383 139 565 135 377 262 586 261 470 84 1.06663 398 503 3.14159
45.1325 0.494891 0.307178 81 -14 0.2 -0.2 0.619246 0.305669 382 139 564 135 377 262 585 262 470 84 1.07549 398 503 3.14159
45.1991 0.494891 0.307178 81 -14 0.2 -0.2 0.619446 0.305469 382 139 564 135 376 262 585 262 469 84 1.06663 398 503 3.14159
45.2658 0.494891 0.307178 81 -14 0.2 -0.2 0.619646 0.305269 382 139 564 136 376 262 585 262 469 84 1.08025 397 503 3.12894
45.3325 0.495148 0.306407 75 -11 0.2 -0.2 0.619846 0.305069 381 139 563 136 376 262 585 262 468 85 1.07549 398 503 3.14159
45.3991 0.495148 0.306407 75 -11 0.2 -0.2 0.620046 0.304869 381 139 562 136 376 262 585 261 467 84 1.1255 398 503 3.14159
45.4658 0.495148 0.306407 75 -11 0.2 -0.2 0.620246 0.304669 380 139 562 136 375 262 584 262 467 85 1.10715 397 503 3.12894
45.5325 0.495662 0.306407 82 0 0.2 -0.2 0.620446 0.304469 380 139 562 136 375 262 585 261 467 84 1.11649 397 503 3.12894
45.5991 0.495662 0.306407 82 0 0.2 -0.2 0.620646 0.304269 380 139 562 136 375 262 584 262 467 84 1.09345 398 503 3.14159
45.6658 0.495662 0.306407 82 0 0.2 -0.2 0.620846 0.304069 379 139 560 136 374 262 584 261 465 84 1.1255 398 503 3.14159
45.7325 0.495919 0.305636 77 -12 0.2 -0.2 0.621046 0.303869 378 139 560 136 374 262 584 261 465 84 1.11649 398 503 3.12909
45.7991 0.495919 0.305636 77 -12 0.2 -0.2 0.621246 0.303669 378 139 559 136 374 262 583 262 463 85 1.12593 398 503 3.14159
45.8658 0.495919 0.305636 77 -12 0.2 -0.2 0.621446 0.303469 377 138 559 136 373 262 583 261 463 85 1.13479 398 503 3.14159
45.9325 0.49669 0.304865 75 -7 0.2 -0.2 0.621646 0.303269 377 139 558 136 373 262 582 261 463 85 1.13479 398 503 3.14159
45.9991 0.49669 0.304865 75 -7 0.2 -0.2 0.621846 0.303069 376 139 557 136 373 262 582 261 462 84 1.13479 398 503 3.14159
46.0658 0.49669 0.304865 75 -7 0.2 -0.2 0.622046 0.302869 375 138 557 136 373 262 581 261 462 85 1.12987 398 503 3.14159
46.1325 0.497719 0.304608 80 0 0.2 -0.2 0.622246 0.302669 375 139 556 136 373 262 581 261 461 85 1.10256 398 503 3.14159
46.1991 0.497719 0.304608 80 0 0.2 -0.2 0.622446 0.302469 375 139 556 136 372 262 581 261 461 85 1.10715 397 503 3.12894
46.2658 0.497719 0.304094 83 -7 0.2 -0.2 0.622646 0.302269 374 138 556 136 372 262 581 262 460 84 1.1391 398 503 3.14159
46.3325 0.497719 0.304094 83 -7 0.2 -0.2 0.622846 0.302069 374 139 555 136 372 263 580 261 459 85 1.13479 398 503 3.14159
46.3991 0.497719 0.304094 83 -7 0.2 -0.2 0.623046 0.301869 373 139 555 136 371 262 580 261 459 85 1.13479 398 503 3.14159
46.4658 0.49849 0.303579 74 0 0.2 -0.2 0.623246 0.301669 373 139 554 137 371 262 580 261 459 85 1.1255 398 503 3.14159
46.5325 0.49849 0.303579 74 0 0.2 -0.2 0.623446 0.301469 373 139 554 137 371 262 579 261 458 85 1.1391 398 503 3.14159
46.5991 0.49849 0.303579 74 0 0.2 -0.2 0.623645 0.301269 371 139 553 137 370 262 579 261 457 85 1.1391 398 503 3.14159
46.6658 0.498747 0.302551 74 -8 0.2 -0.2 0.623845 0.301069 371 139 552 137 370 262 578 261 456 85 1.15666 397 503 3.12894
46.7325 0.498747 0.302551 74 -8 0.2 -0.2 0.624045 0.300869 370 139 551 137 369 263 578 261 455 85 1.15666 398 503 3.14159
46.7991 0.498747 0.302551 74 -8 0.2 -0.2 0.624245 0.300669 370 139 551 137 369 263 578 261 455 86 1.12987 398 503 3.14159
46.8658 0.499775 0.30178 71 -18 0.2 -0.2 0.624445 0.300469 370 139 551 137 369 262 577 262 455 85 1.14253 398 503 3.14159
46.9325 0.499775 0.30178 71 -18 0.2 -0.2 0.624645 0.300269 368 139 550 137 368 263 577 261 453 85 1.15666 398 503 3.14159
46.9991 0.499775 0.30178 71 -18 0.2 -0.2 0.624845 0.300069 368 139 549 137 368 263 577 261 453 85 1.15666 398 503 3.14159
47.0658 0.500546 0.301523 81 0 0.2 -0.2 0.625045 0.299869 368 139 549 137 368 263 576 262 452 86 1.17128 398 503 3.14159
47.1325 0.500546 0.301523 81 0 0.2 -0.2 0.625245 0.299669 367 139 549 137 368 263 576 261 451 85 1.19612 397 503 3.12894
47.1991 0.500546 0.301523 81 0 0.2 -0.2 0.625445 0.299469 367 139 548 137 367 263 576 261 452 86 1.16726 398 503 3.14159
47.2658 0.500546 0.300495 75 -21 0.2 -0.2 0.625645 0.299269 366 140 547 137 367 263 575 262 451 86 1.15666 398 503 3.14159
47.3325 0.500546 0.300495 75 -21 0.2 -0.2 0.625845 0.299069 366 140 547 137 366 263 575 261 449 85 1.19991 397 503 3.12894
47.3992 0.501574 0.300495 73 0 0.2 -0.2 0.626045 0.298869 365 140 546 137 366 263 575 262 448 85 1.19612 398 503 3.14159
47.4658 0.501574 0.300495 73 0 0.2 -0.2 0.626245 0.298669 365 140 546 137 366 263 575 262 448 85 1.19612 398 503 3.14159
47.5325 0.501574 0.300495 73 0 0.2 -0.2 0.626445 0.298469 365 140 546 137 366 263 575 261 449 86 1.19408 398 503 3.14159
47.5991 0.501574 0.299724 82 -14 0.2 -0.2 0.626645 0.298269 364 140 545 137 365 263 574 262 447 86 1.18075 397 503 3.12894
47.6658 0.501574 0.299724 82 -14 0.2 -0.2 0.626845 0.298069 364 140 545 137 365 263 574 261 448 86 1.1659 398 503 3.14159
47.7325 0.501574 0.299724 82 -14 0.2 -0.2 0.627045 0.297869 363 140 544 137 365 263 574 261 447 86 1.17372 398 503 3.14159
47.7991 0.502603 0.299467 76 0 0.2 -0.2 0.627245 0.297669 363 140 543 137 365 263 574 261 446 87 1.16189 398 503 3.14159
47.8658 0.502603 0.299467 76 0 0.2 -0.2 0.627445 0.297469 362 140 543 138 364 263 573 262 446 86 1.1659 398 503 3.14159
47.9325 0.502603 0.299467 76 0 0.2 -0.2 0.627645 0.297269 360 140 542 138 363 264 572 262 445 86 1.18842 397 503 3.12894
47.9991 0.50286 0.298438 82 -4 0.2 -0.2 0.627845 0.297069 360 140 541 137 363 264 572 262 444 87 1.19781 397 503 3.12894
48.0658 0.50286 0.298438 82 -4 0.2 -0.2 0.628045 0.296869 360 140 541 138 363 263 572 262 443 87 1.18075 398 503 3.14159
48.1325 0.50286 0.298438 82 -4 0.2 -0.2 0.628245 0.296669 360 140 541 138 363 263 572 262 443 87 1.18075 398 503 3.14159
48.1992 0.503631 0.297924 81 0 0.2 -0.2 0.628445 0.296469 359 141 540 138 362 264 571 262 443 87 1.19781 398 503 3.14159
48.2658 0.503631 0.297924 81 0 0.2 -0.2 0.628645 0.296269 358 140 540 138 362 263 571 262 442 87 1.19781 398 503 3.14159
48.3325 0.503631 0.297924 81 0 0.2 -0.2 0.628845 0.296069 358 141 539 138 362 263 571 262 442 86 1.19781 397 503 3.12894
48.3991 0.504402 0.297667 79 1 0.2 -0.2 0.629045 0.295869 357 140 538 138 361 264 570 262 440 87 1.18842 397 503 3.12894
48.4658 0.504402 0.297667 79 1 0.2 -0.2 0.629245 0.295669 357 141 538 138 361 264 570 262 441 88 1.18075 398 503 3.14159
48.5325 0.504402 0.297667 79 1 0.2 -0.2 0.629445 0.295469 357 141 538 138 361 264 570 262 439 86 1.26229 398 503 3.14159
48.5991 0.504659 0.296896 82 -13 0.2 -0.2 0.629645 0.295269 356 141 537 138 361 264 570 262 440 87 1.21085 398 503 3.14159
48.6658 0.504659 0.296896 82 -13 0.2 -0.2 0.629845 0.295069 356 141 537 138 360 264 569 262 439 87 1.2168 398 503 3.14159
48.7325 0.50543 0.296639 78 0 0.2 -0.2 0.630045 0.294869 355 141 536 138 360 264 569 262 438 87 1.21323 398 503 3.14159
48.7991 0.50543 0.296639 78 0 0.2 -0.2 0.630245 0.294669 355 141 536 138 360 264 569 262 438 87 1.2168 398 503 3.14159
48.8658 0.50543 0.296639 78 0 0.2 -0.2 0.630445 0.294469 354 141 535 139 360 264 568 262 437 87 1.20146 398 503 3.14159
48.9325 0.505687 0.295868 83 -1 0.2 -0.2 0.630645 0.294269 353 141 534 139 359 264 568 262 436 88 1.21085 397 503 3.12894
48.9992 0.505687 0.295868 83 -1 0.2 -0.2 0.630845 0.294069 353 141 534 139 359 264 567 262 436 88 1.2394 398 503 3.14159
49.0658 0.505687 0.295868 83 -1 0.2 -0.2 0.631045 0.293869 353 141 534 139 359 264 567 262 434 87 1.2723 398 503 3.14159
49.1325 0.506458 0.295097 82 -14 0.2 -0.2 0.631244 0.293669 352 141 533 139 359 264 567 262 435 88 1.26187 398 503 3.14159
49.1992 0.506458 0.295097 82 -14 0.2 -0.2 0.631444 0.293469 351 141 532 139 358 264 566 262 433 87 1.27835 398 503 3.14159
49.2658 0.506458 0.295097 82 -14 0.2 -0.2 0.631644 0.293269 351 141 532 139 358 264 566 262 432 87 1.26544 398 503 3.14159
49.3325 0.507487 0.294583 81 0 0.2 -0.2 0.631844 0.293069 350 141 531 139 357 264 566 262 431 88 1.27835 398 503 3.14159
49.3991 0.507487 0.294583 81 0 0.2 -0.2 0.632044 0.292869 350 141 531 139 357 265 565 262 431 89 1.23317 398 503 3.14159
49.4658 0.507487 0.294583 81 0 0.2 -0.2 0.632244 0.292669 350 141 531 139 357 264 565 262 431 89 1.23317 398 503 3.14159
49.5325 0.507487 0.293811 80 -11 0.2 -0.2 0.632444 0.292469 349 142 530 139 356 265 565 262 431 88 1.22982 398 503 3.14159
49.5991 0.507487 0.293811 80 -11 0.2 -0.2 0.632644 0.292269 349 142 529 140 356 265 565 262 430 88 1.29389 397 503 3.12894
49.6658 0.507487 0.293811 80 -11 0.2 -0.2 0.632844 0.292069 348 142 528 140 356 265 564 263 430 88 1.26492 398 503 3.14159
49.7325 0.508515 0.293811 73 0 0.2 -0.2 0.633044 0.291869 348 142 528 140 356 265 564 263 429 89 1.27743 398 503 3.14159
49.7991 0.508515 0.293811 73 0 0.2 -0.2 0.633244 0.291669 347 142 527 140 355 265 564 262 428 88 1.28129 398 503 3.14159
49.8658 0.508515 0.293811 73 0 0.2 -0.2 0.633444 0.291469 346 142 527 140 355 265 563 263 427 89 1.287 398 503 3.14159
49.9325 0.508515 0.292783 78 -12 0.2 -0.2 0.633644 0.291269 346 142 526 140 355 265 563 263 427 89 1.287 397 504 3.11628
49.9991 0.508515 0.292783 78 -12 0.2 -0.2 0.633844 0.291069 345 142 526 140 354 265 563 262 427 89 1.24589 397 503 3.12894
50.0658 0.508515 0.292783 78 -12 0.2 -0.2 0.634044 0.290869 345 142 526 140 354 265 563 263 426 89 1.29389 397 503 3.12894
50.1325 0.509286 0.292269 80 -6 0.2 -0.2 0.634244 0.290669 345 142 525 140 354 265 563 262 426 89 1.30095 398 503 3.14159
50.1991 0.509286 0.292269 80 -6 0.2 -0.2 0.634444 0.290469 344 142 525 141 353 265 562 263 425 89 1.29389 398 503 3.14159
50.2658 0.509286 0.292269 80 -6 0.2 -0.2 0.634644 0.290269 344 142 524 141 353 265 562 263 425 89 1.28129 398 503 3.14159
50.3325 0.510057 0.292012 80 0 0.2 -0.2 0.634844 0.290069 344 142 524 141 353 265 561 262 424 89 1.29389 398 503 3.14159
50.3991 0.510057 0.292012 80 0 0.2 -0.2 0.635044 0.289869 344 143 524 141 353 265 561 263 424 89 1.29389 398 503 3.14159
50.4658 0.510057 0.292012 80 0 0.2 -0.2 0.635244 0.289669 343 143 523 141 353 265 561 263 422 89 1.31347 397 503 3.12894
50.5325 0.510314 0.291241 66 -9 0.2 -0.2 0.635444 0.289469 342 142 522 141 352 266 561 263 422 89 1.31824 398 503 3.14159
50.5991 0.510314 0.291241 66 -9 0.2 -0.2 0.635644 0.289269 341 143 521 142 352 266 560 263 421 89 1.33083 397 503 3.12894
50.6658 0.511085 0.29047 80 0 0.2 -0.2 0.635844 0.289069 341 143 521 142 352 266 560 263 421 90 1.32582 398 503 3.14159
50.7325 0.511085 0.29047 80 0 0.2 -0.2 0.636044 0.288869 341 143 521 141 351 266 560 263 421 90 1.29389 398 503 3.14159
50.7991 0.511085 0.29047 80 0 0.2 -0.2 0.636244 0.288669 339 143 520 142 351 266 559 263 419 90 1.29389 398 503 3.14159
50.8658 0.511857 0.289956 74 -13 0.2 -0.2 0.636444 0.288469 339 143 520 141 350 266 559 263 420 90 1.32582 397 503 3.12894
50.9325 0.511857 0.289956 74 -13 0.2 -0.2 0.636644 0.288269 338 143 519 142 350 266 558 263 418 90 1.31824 398 503 3.14159
50.9991 0.511857 0.289956 74 -13 0.2 -0.2 0.636844 0.288069 338 143 518 142 350 266 558 263 418 90 1.34552 398 503 3.14159
51.0658 0.512371 0.289185 76 -7 0.2 -0.2 0.637044 0.287869 337 143 518 142 349 266 557 263 417 91 1.31086 398 503 3.14159
51.1325 0.512371 0.289185 76 -7 0.2 -0.2 0.637244 0.287669 337 144 517 142 349 266 557 263 416 91 1.31604 398 503 3.14159
51.1991 0.512371 0.289185 76 -7 0.2 -0.2 0.637444 0.287469 337 143 517 142 349 266 557 263 416 91 1.32582 398 503 3.14159
51.2658 0.512885 0.288927 79 0 0.2 -0.2 0.637644 0.287269 336 144 516 142 348 266 557 263 416 91 1.30891 398 503 3.14159
51.3325 0.512885 0.288927 79 0 0.2 -0.2 0.637844 0.287069 336 144 516 142 348 267 557 263 415 91 1.33326 398 503 3.14159
51.3991 0.512885 0.288927 79 0 0.2 -0.2 0.638044 0.286869 336 144 516 143 348 266 556 263 415 92 1.32582 398 503 3.14159
51.4658 0.512885 0.288156 61 -15 0.2 -0.2 0.638244 0.286669 335 144 515 142 348 267 556 263 414 91 1.33326 398 503 3.14159
51.5325 0.512885 0.288156 61 -15 0.2 -0.2 0.638444 0.286469 335 144 515 143 347 267 555 264 413 92 1.34552 398 503 3.14159
51.5991 0.512885 0.288156 61 -15 0.2 -0.2 0.638643 0.286269 334 144 514 143 347 266 555 264 413 92 1.32582 397 503 3.12894
51.6658 0.51417 0.287642 71 0 0.2 -0.2 0.638843 0.286069 334 144 514 143 347 266 555 264 412 91 1.33326 397 503 3.12894
51.7325 0.51417 0.287642 71 0 0.2 -0.2 0.639043 0.285869 333 144 513 143 346 267 555 264 412 92 1.32582 397 503 3.12894
51.7991 0.51417 0.287642 71 0 0.2 -0.2 0.639243 0.285669 332 145 512 143 346 267 554 264 411 92 1.33326 398 503 3.14159
51.8658 0.514941 0.287385 72 -13 0.2 -0.2 0.639443 0.285469 331 144 511 143 345 267 554 264 410 92 1.33798 398 503 3.14159
51.9325 0.514941 0.287385 72 -13 0.2 -0.2 0.639643 0.285269 331 145 511 144 346 267 553 264 409 92 1.3597 398 503 3.14159
51.9991 0.514941 0.287385 72 -13 0.2 -0.2 0.639843 0.285069 331 145 511 144 345 267 553 264 410 92 1.35213 398 503 3.14159
52.0658 0.515198 0.286357 73 -4 0.2 -0.2 0.640043 0.284869 329 145 509 144 344 267 552 264 408 93 1.3597 398 503 3.14159
52.1325 0.515198 0.286357 73 -4 0.2 -0.2 0.640243 0.284669 329 145 508 144 344 267 552 264 407 93 1.37737 398 503 3.14159
52.1991 0.516226 0.2861 74 0 0.2 -0.2 0.640443 0.284469 328 145 508 144 344 268 552 264 406 93 1.34552 398 503 3.14159
52.2658 0.516226 0.2861 74 0 0.2 -0.2 0.640643 0.284269 328 145 508 144 344 268 552 264 406 93 1.34552 398 503 3.14159
52.3325 0.516226 0.2861 74 0 0.2 -0.2 0.640843 0.284069 328 145 507 144 343 268 551 265 405 93 1.3654 398 503 3.14159
52.3991 0.516226 0.285329 79 -9 0.2 -0.2 0.641043 0.283869 327 145 507 144 343 268 551 265 404 93 1.40394 397 503 3.12894
52.4658 0.516226 0.285329 79 -9 0.2 -0.2 0.641243 0.283669 327 146 506 145 343 268 551 264 404 93 1.3816 398 503 3.14159
52.5325 0.516226 0.285329 79 -9 0 0 0.641243 0.283669 326 145 506 145 342 268 550 264 403 94 1.3654 398 503 3.14159
52.5991 0.516998 0.285072 74 0 0 0 0.641243 0.283669 326 146 505 145 342 268 550 265 403 94 1.35759 398 503 3.14159
52.6658 0.516998 0.285072 74 0 0 0 0.641243 0.283669 325 146 505 145 342 268 550 265 403 94 1.40394 397 503 3.12894
52.7325 0.516998 0.285072 74 0 0 0 0.641243 0.283669 324 146 504 145 342 268 549 265 402 94 1.38545 398 503 3.14159
52.7991 0.517512 0.284043 70 -13 0 0 0.641243 0.283669 324 146 503 145 341 269 549 265 402 95 1.3734 398 503 3.14159
52.8658 0.517512 0.284043 70 -13 0 0 0.641243 0.283669 324 146 503 146 341 268 549 265 399 94 1.39553 397 504 3.11628
52.9325 0.517512 0.284043 70 -13 0 0 0.641243 0.283669 323 146 502 145 341 269 548 265 399 94 1.39553 398 503 3.14159
52.9991 0.518283 0.283786 69 0 0 0 0.641243 0.283669 323 146 502 145 341 268 548 265 400 95 1.37737 398 503 3.14159
53.0658 0.518283 0.283786 69 0 0 0 0.641243 0.283669 322 147 502 146 340 269 548 265 399 95 1.39904 397 504 3.11628
53.1325 0.518283 0.283786 69 0 0 0 0.641243 0.283669 322 147 502 146 340 269 548 265 398 95 1.42598 398 503 3.14159
53.1991 0.518283 0.283529 65 -13 0 0 0.641243 0.283669 322 146 501 146 340 269 548 265 398 94 1.40732 398 503 3.14159
53.2658 0.518283 0.283529 65 -13 0 0 0.641243 0.283669 322 146 501 146 340 269 548 265 398 94 1.40732 398 503 3.14159
53.3325 0.518283 0.283529 65 -13 0 0 0.641243 0.283669 322 146 501 146 340 269 548 265 399 95 1.38545 398 503 3.14159
53.3991 0.518283 0.283272 65 -7 0 0 0.641243 0.283669 322 147 501 146 340 269 547 265 398 95 1.39904 398 503 3.14159
53.4658 0.518283 0.283272 65 -7 0 0 0.641243 0.283669 322 147 501 146 340 269 547 265 398 95 1.40732 398 503 3.14159
53.5325 0.518283 0.283529 65 -10 0 0 0.641243 0.283669 322 147 501 146 340 269 547 264 399 95 1.38732 398 503 3.14159
53.5992 0.518283 0.283529 65 -10 0.4 0 0.641643 0.283669 322 147 501 146 340 269 547 264 398 95 1.39904 398 503 3.14159
53.6658 0.518283 0.283529 65 -10 0.4 0 0.642043 0.283669 322 147 501 146 340 269 547 265 399 95 1.38732 398 503 3.14159
53.7325 0.518283 0.283529 66 -6 0.4 0 0.642443 0.283669 322 147 501 146 340 269 548 265 399 95 1.38732 398 503 3.14159
53.7991 0.518283 0.283529 66 -6 0.4 0 0.642843 0.283669 322 147 501 146 340 269 547 264 398 95 1.39904 398 503 3.14159
53.8658 0.518283 0.283529 66 -6 0.4 0 0.643243 0.283669 322 146 501 146 340 269 548 265 399 95 1.38732 397 503 3.12894
53.9325 0.518283 0.283529 65 -17 0.4 0 0.643643 0.283669 322 147 501 146 340 269 548 265 399 95 1.38732 398 503 3.14159
53.9992 0.518283 0.283529 65 -17 0.4 0 0.644043 0.283669 322 147 501 146 340 269 547 265 398 95 1.39904 398 503 3.14159
54.0658 0.518283 0.283529 65 -17 0.4 0 0.644443 0.283669 322 147 501 146 340 269 548 265 399 95 1.38732 398 503 3.14159
54.1325 0.519311 0.283529 77 -12 0.4 0 0.644843 0.283669 321 147 501 146 340 269 547 265 397 95 1.41256 398 503 3.14159
54.1991 0.519311 0.283529 77 -12 0.4 0 0.645243 0.283669 321 147 500 146 339 269 547 265 398 95 1.39094 398 503 3.14159
54.2658 0.519311 0.283529 76 -18 0.4 0 0.645643 0.283669 321 147 500 146 339 269 547 265 397 96 1.4158 397 503 3.12894
54.3325 0.519311 0.283529 76 -18 0.4 0 0.646043 0.283669 321 147 500 146 339 269 547 265 397 95 1.3973 397 503 3.12894
54.3992 0.519311 0.283529 76 -18 0.4 0 0.646443 0.283669 321 147 500 146 339 269 547 265 397 95 1.39904 398 503 3.14159
54.4658 0.52111 0.283272 85 -17 0.4 0 0.646843 0.283669 320 147 499 146 339 269 546 265 397 95 1.39904 397 503 3.12894
54.5325 0.52111 0.283272 85 -17 0.4 0 0.647243 0.283669 320 147 499 147 339 269 546 265 396 95 1.42598 397 503 3.12894
54.5991 0.52111 0.283272 85 -17 0.4 0 0.647643 0.283669 319 147 499 147 339 269 546 265 396 95 1.41737 398 503 3.14159
54.6658 0.52111 0.283272 101 -13 0.4 0 0.648043 0.283669 319 147 499 147 339 269 546 265 396 95 1.41737 398 503 3.14159
54.7325 0.52111 0.283272 101 -13 0.4 0 0.648443 0.283669 320 147 499 147 339 269 546 265 395 95 1.4348 398 503 3.14159
54.7991 0.52111 0.283272 101 -13 0.4 0 0.648843 0.283669 318 147 498 147 338 269 545 266 395 96 1.4158 398 503 3.14159
54.8658 0.52291 0.283272 96 -18 0.4 0 0.649243 0.283669 318 147 497 147 338 269 545 266 395 96 1.41891 397 503 3.12894
54.9325 0.52291 0.283272 96 -18 0.4 0 0.649643 0.283669 318 147 497 147 338 269 545 266 394 96 1.4348 398 503 3.14159
54.9991 0.52291 0.283272 96 -18 0.4 0 0.650043 0.283669 318 148 497 147 338 269 545 266 394 96 1.42598 397 503 3.12894
55.0658 0.52291 0.283272 116 -18 0.4 0 0.650443 0.283669 318 147 497 147 338 269 545 266 394 96 1.4348 397 503 3.12894
55.1325 0.52291 0.283272 116 -18 0.4 0 0.650843 0.283669 318 148 496 148 337 270 545 266 394 96 1.4289 398 503 3.14159
55.1991 0.52291 0.283272 116 -18 0.4 0 0.651243 0.283669 318 148 496 148 337 270 545 266 393 96 1.42598 397 504 3.11628
55.2658 0.524195 0.283272 116 -18 0.4 0 0.651643 0.283669 318 148 496 148 337 270 545 266 393 97 1.44152 398 503 3.14159
55.3325 0.524195 0.283272 116 -18 0.4 0 0.652043 0.283669 318 148 496 148 337 270 545 266 394 96 1.4289 397 504 3.11628
55.3991 0.524195 0.283272 116 -18 0.4 0 0.652443 0.283669 318 148 496 148 337 270 545 266 393 96 1.40732 398 503 3.14159
55.4658 0.52548 0.283272 120 -18 0.4 0 0.652843 0.283669 317 148 496 148 337 270 544 266 392 97 1.39904 398 503 3.14159
55.5325 0.52548 0.283272 120 -18 0.4 0 0.653243 0.283669 317 148 496 148 337 270 544 266 392 97 1.39904 397 503 3.12894
55.5991 0.52548 0.283272 120 -18 0.4 0 0.653643 0.283669 317 148 495 148 337 270 544 266 392 97 1.4348 397 503 3.12894
55.6658 0.525737 0.283272 120 -18 0.4 0 0.654043 0.283669 317 148 495 148 337 270 544 266 391 97 1.45552 397 503 3.12894
55.7325 0.525737 0.283272 120 -18 0.4 0 0.654443 0.283669 317 148 495 148 337 270 544 266 392 97 1.4348 397 504 3.11628
55.7991 0.52728 0.283272 127 -18 0.4 0 0.654843 0.283669 316 148 495 148 336 270 544 266 391 97 1.44771 397 503 3.12894
55.8658 0.52728 0.283272 127 -18 0.4 0 0.655243 0.283669 316 148 495 148 336 270 544 266 391 97 1.45902 397 504 3.14159
55.9325 0.52728 0.283272 127 -18 0.4 0 0.655643 0.283669 316 148 495 148 336 270 544 266 390 97 1.45671 397 504 3.12894
55.9991 0.52728 0.283272 120 -18 0.4 0 0.656043 0.283669 316 148 495 148 336 270 544 266 391 97 1.43891 397 503 3.12894
56.0658 0.52728 0.283272 120 -18 0.4 0 0.656443 0.283669 316 148 495 148 336 270 543 266 391 97 1.43891 397 504 3.11628
56.1325 0.52728 0.283272 120 -18 0.4 0 0.656843 0.283669 315 148 493 149 336 270 543 266 390 98 1.44644 397 504 3.19349
56.1991 0.528822 0.283272 122 -18 0.4 0 0.657243 0.283669 315 148 493 149 336 270 543 266 389 97 1.46807 397 503 3.12894
56.2658 0.528822 0.283272 122 -18 0.4 0 0.657643 0.283669 315 148 493 149 336 270 543 266 389 97 1.46807 397 503 3.12894
56.3325 0.528822 0.283272 122 -18 0.4 0 0.658043 0.283669 315 148 493 149 336 270 543 266 389 97 1.46807 397 504 3.19349
56.3991 0.530107 0.283272 136 -19 0.4 0 0.658443 0.283669 314 148 493 149 335 270 543 267 390 98 1.45017 398 503 3.14159
56.4658 0.530107 0.283272 136 -19 0.4 0 0.658843 0.283669 313 148 492 149 335 270 542 267 388 98 1.44023 397 504 3.19349
56.5325 0.530107 0.283272 136 -19 0.4 0 0.659243 0.283669 314 149 492 149 335 270 542 267 389 98 1.4317 397 504 3.19349
56.5991 0.530621 0.283272 135 -19 0.4 0 0.659643 0.283669 313 149 492 149 335 270 542 267 387 97 1.47732 397 504 3.11628
56.6658 0.530621 0.283272 135 -19 0.4 0 0.660043 0.283669 313 149 492 149 335 270 542 267 388 97 1.46807 397 504 3.19349
56.7325 0.530621 0.283272 135 -19 0.4 0 0.660443 0.283669 313 149 491 150 334 271 541 267 388 98 1.48934 397 504 3.12909
56.7991 0.532678 0.283272 143 -21 0.4 0 0.660843 0.283669 312 149 491 150 334 271 541 267 387 99 1.46124 397 503 3.12894
56.8658 0.532678 0.283272 143 -21 0.4 0 0.661243 0.283669 312 149 491 149 334 271 541 266 387 98 1.45788 397 504 3.12925
56.9325 0.532678 0.283272 143 -21 0.4 0 0.661644 0.283669 312 149 491 149 334 271 541 267 387 98 1.45788 397 503 3.12894
56.9991 0.532678 0.283015 139 -23 0.4 0 0.662044 0.283669 312 149 491 149 334 271 541 266 387 98 1.45788 397 504 3.14159
57.0658 0.532678 0.283015 139 -23 0.4 0 0.662444 0.283669 311 149 489 150 334 271 541 267 386 100 1.46124 397 504 3.11628
57.1325 0.532678 0.283015 139 -23 0.4 0 0.662844 0.283669 311 149 490 150 334 271 541 267 385 99 1.48678 397 503 3.12894
57.1991 0.53422 0.283272 155 -23 0.4 0 0.663244 0.283669 311 149 490 150 334 271 541 267 386 99 1.45902 397 504 3.12894
57.2658 0.53422 0.283272 155 -23 0.4 0 0.663644 0.283669 311 150 489 150 334 271 541 267 385 98 1.48678 397 504 3.11628
57.3325 0.53422 0.283272 155 -23 0.4 0 0.664044 0.283669 311 150 489 150 333 271 540 267 384 99 1.47922 397 503 3.12894
57.3991 0.535762 0.283015 148 -32 0.4 0 0.664444 0.283669 309 150 488 151 333 271 540 267 384 99 1.47013 397 503 3.12894
57.4658 0.535762 0.283015 148 -32 0.4 0 0.664844 0.283669 309 150 488 151 333 271 540 267 384 99 1.47013 397 504 3.19349
57.5325 0.536277 0.283015 159 -32 0.4 0 0.665244 0.283669 309 150 488 151 333 271 540 267 383 99 1.47922 397 504 3.19349
57.5991 0.536277 0.283015 159 -32 0.4 0 0.665644 0.283669 309 150 487 151 332 272 539 267 383 100 1.50838 397 504 3.12894
57.6658 0.536277 0.283015 159 -32 0.4 0 0.666044 0.283669 309 150 487 151 332 272 539 267 383 100 1.50838 397 504 3.12894
57.7325 0.537562 0.283015 182 -28 0.4 0 0.666444 0.283669 308 150 486 151 332 271 539 268 382 100 1.49949 397 504 3.12894
57.7991 0.537562 0.283015 182 -28 0.4 0 0.666844 0.283669 308 150 486 151 332 271 539 268 382 100 1.47922 397 503 3.12894
57.8658 0.537562 0.283015 182 -28 0.4 0 0.667244 0.283669 308 150 487 151 332 271 539 268 382 100 1.48104 397 504 3.12894
57.9325 0.538076 0.283015 165 -31 0.4 0 0.667644 0.283669 308 150 486 151 332 271 539 268 382 100 1.48104 397 504 3.18053
57.9991 0.538076 0.283015 165 -31 0.4 0 0.668044 0.283669 307 151 486 152 331 272 538 268 381 100 1.50091 397 504 3.12909
58.0658 0.538076 0.283015 165 -31 0.4 0 0.668444 0.283669 307 150 485 152 331 272 538 268 380 101 1.49949 397 504 3.18053
58.1325 0.539104 0.283015 165 -32 0.4 0 0.668844 0.283669 307 150 485 152 331 272 538 268 381 100 1.49016 397 504 3.14159
58.1991 0.539104 0.283015 165 -32 0.4 0 0.669244 0.283669 307 150 485 152 331 272 538 268 381 101 1.5016 397 504 3.12909
58.2658 0.539104 0.283015 165 -32 0.4 0 0.669644 0.283669 307 151 485 152 331 272 538 268 381 101 1.48104 397 504 3.14159
58.3325 0.540904 0.283015 175 -30 0.4 0 0.670044 0.283669 306 151 485 152 331 272 538 268 380 102 1.50021 397 504 3.14159
58.3991 0.540904 0.283015 175 -30 0.4 0 0.670444 0.283669 306 151 484 152 331 272 537 268 380 102 1.49097 397 504 3.18053
58.4658 0.540904 0.283015 175 -30 0.4 0 0.670844 0.283669 305 151 484 152 331 272 538 268 380 101 1.49016 397 504 3.18053
58.5325 0.540904 0.283015 168 -23 0.4 0 0.671244 0.283669 305 151 484 152 331 272 538 268 380 101 1.49016 397 504 3.18053
58.5991 0.540904 0.283015 168 -23 0.4 0 0.671644 0.283669 305 151 484 152 330 272 537 268 380 101 1.49016 397 504 3.18053
58.6658 0.540904 0.283015 168 -23 0.4 0 0.672044 0.283669 304 152 482 153 329 273 536 269 378 102 1.52033 397 504 3.14159
58.7325 0.54296 0.283015 174 -25 0.4 0 0.672444 0.283669 304 152 482 153 329 273 536 269 377 102 1.5708 397 504 3.14159
58.7991 0.54296 0.283015 174 -25 0.4 0 0.672844 0.283669 304 152 482 153 329 273 537 268 377 102 1.51087 397 504 3.14159
58.8658 0.54296 0.283015 174 -25 0.4 0 0.673244 0.283669 304 152 482 153 329 273 537 268 377 102 1.5016 397 503 3.12909
58.9325 0.544245 0.283015 179 -26 0.4 0 0.673644 0.283669 303 152 481 153 329 273 536 269 377 102 1.5809 397 504 3.14159
58.9991 0.544245 0.283015 179 -26 0.4 0 0.674044 0.283669 302 152 481 154 328 273 536 269 375 102 1.52033 397 504 3.14159
59.0658 0.544502 0.283015 179 -26 0.4 0 0.674444 0.283669 302 152 481 154 328 273 535 269 375 102 1.59141 397 504 3.15394
59.1325 0.544502 0.283015 179 -26 0.4 0 0.674844 0.283669 302 152 481 153 328 273 535 269 375 102 1.5708 397 504 3.14159
59.1991 0.544502 0.283015 179 -26 0.4 0 0.675244 0.283669 302 152 481 154 328 273 536 268 375 102 1.58132 397 504 3.14159
59.2658 0.544502 0.283015 179 -26 0.4 0 0.675644 0.283669 301 152 480 154 328 273 535 269 374 104 1.5708 397 504 3.12894
59.3325 0.546302 0.283015 190 -26 0.4 0 0.676044 0.283669 301 153 480 154 328 273 535 269 374 103 1.59163 397 504 3.14159
59.3992 0.546302 0.283015 190 -26 0.4 0 0.676444 0.283669 301 153 480 154 328 273 535 269 373 102 1.59163 397 504 3.14159
59.4658 0.546302 0.283015 203 -26 0.4 0 0.676844 0.283669 301 153 480 154 328 273 535 269 374 103 1.5807 397 504 3.12894
59.5325 0.546302 0.283015 203 -26 0.4 0 0.677244 0.283669 301 153 480 154 328 273 535 269 374 103 1.5807 397 504 3.12894
59.5991 0.546302 0.283015 203 -26 0.4 0 0.677644 0.283669 301 153 479 154 327 274 534 269 373 103 1.61201 397 504 3.15394
59.6658 0.547844 0.283015 197 -26 0.4 0 0.678044 0.283669 300 153 478 155 327 273 534 269 372 104 1.6014 397 504 3.12894
59.7325 0.547844 0.283015 197 -26 0.4 0 0.678444 0.283669 299 153 478 155 327 273 534 270 372 104 1.61118 397 504 3.12894
59.7992 0.547844 0.283015 197 -26 0.4 0 0.678844 0.283669 299 153 478 155 327 273 533 270 371 104 1.62177 397 504 3.12894
59.8658 0.547844 0.283015 203 -26 0.4 0 0.679244 0.283669 299 153 478 155 327 273 533 270 372 104 1.62177 397 504 3.12894
59.9325 0.547844 0.283015 203 -26 0.4 0 0.679644 0.283669 298 153 477 155 326 274 533 270 370 103 1.60236 397 504 3.11596
59.9991 0.547844 0.283015 203 -26 0.4 0 0.680044 0.283669 298 153 476 156 326 274 532 270 369 105 1.60109 398 504 3.12909
60.0658 0.549643 0.283015 196 -26 0.4 0 0.680444 0.283669 298 153 475 155 326 274 533 270 369 104 1.60171 397 504 3.12894
60.1325 0.549643 0.283015 196 -26 0.4 0 0.680844 0.283669 298 153 476 155 326 274 533 270 369 104 1.60171 397 504 3.12894
60.1991 0.549643 0.283015 196 -26 0.4 0 0.681244 0.283669 298 153 474 156 325 274 532 270 369 105 1.61078 397 504 3.12894
60.2658 0.551186 0.283015 205 -26 0.4 0 0.681644 0.283669 298 153 474 156 325 274 532 270 369 105 1.61078 397 504 3.12894
60.3325 0.551186 0.283015 205 -26 0.4 0 0.682044 0.283669 296 154 474 156 325 274 532 270 368 105 1.62338 397 504 3.12894
60.3991 0.551186 0.283015 205 -26 0.4 0 0.682444 0.283669 296 154 474 156 325 274 532 270 368 106 1.60049 397 504 3.14159
60.4658 0.551186 0.283015 209 -26 0.4 0 0.682844 0.283669 296 154 474 156 325 274 532 270 368 106 1.61078 397 504 3.12894
60.5325 0.551186 0.283015 209 -26 0.4 0 0.683244 0.283669 296 154 474 156 325 274 532 270 368 106 1.61078 397 504 3.11596
60.5991 0.551186 0.283015 209 -26 0.4 0 0.683644 0.283669 295 154 473 157 324 275 531 270 366 105 1.6223 397 504 3.11596
60.6658 0.552728 0.283015 214 -26 0.4 0 0.684044 0.283669 295 154 473 157 324 275 531 270 366 105 1.63257 397 504 3.11596
60.7325 0.552728 0.283015 214 -26 0.4 0 0.684444 0.283669 295 154 473 157 324 275 531 270 366 105 1.63322 397 504 3.11596
60.7991 0.552728 0.283015 214 -26 0.4 0 0.684844 0.283669 295 154 473 157 324 275 531 270 366 107 1.62075 397 504 3.12894
60.8658 0.552728 0.283015 221 -26 0.4 0 0.685244 0.283669 295 154 472 157 324 275 531 270 366 106 1.60171 397 504 3.11596
60.9325 0.552728 0.283015 221 -26 0.4 0 0.685644 0.283669 293 155 471 157 323 275 530 270 365 106 1.65308 397 504 3.12894
60.9991 0.55427 0.282758 220 -32 0.4 0 0.686044 0.283669 293 155 471 157 323 275 530 270 365 107 1.62955 397 504 3.12894
61.0658 0.55427 0.282758 220 -32 0.4 0 0.686444 0.283669 293 155 471 158 323 275 530 270 364 106 1.6223 397 504 3.12894
61.1325 0.55427 0.282758 220 -32 0.4 0 0.686844 0.283669 293 155 470 157 323 275 531 270 364 106 1.6223 397 504 3.12894
61.1991 0.555813 0.282758 220 -42 0.4 0 0.687244 0.283669 293 155 470 157 322 275 530 270 364 107 1.63013 398 504 3.12909
61.2658 0.555813 0.282758 220 -42 0.4 0 0.687644 0.283669 291 155 469 158 322 276 529 271 362 108 1.6421 397 504 3.11596
61.3325 0.555813 0.282758 220 -42 0.4 0 0.688044 0.283669 291 155 469 158 322 276 529 271 362 107 1.64284 397 504 3.11596
61.3991 0.555813 0.282501 219 -45 0.4 0 0.688444 0.283669 291 156 469 158 322 275 529 271 362 108 1.62026 397 504 3.11596
61.4658 0.555813 0.282501 219 -45 0.4 0 0.688844 0.283669 291 156 469 158 322 275 529 271 362 107 1.65225 397 504 3.11596
61.5325 0.555813 0.282501 219 -45 0.4 0 0.689244 0.283669 290 156 468 159 321 276 529 271 362 108 1.64139 397 504 3.11596
61.5991 0.558126 0.282501 216 -44 0.4 0 0.689644 0.283669 289 156 467 159 320 276 529 271 360 109 1.66238 397 504 3.11596
61.6658 0.558126 0.282501 216 -44 0.4 0 0.690044 0.283669 289 156 467 159 320 276 528 271 360 110 1.66055 397 504 3.11596
61.7325 0.558126 0.282501 216 -44 0.4 0 0.690444 0.283669 289 156 467 159 320 276 529 271 360 109 1.67146 397 504 3.11596
61.7992 0.558383 0.282501 220 -45 0.4 0 0.690844 0.283669 289 156 467 159 320 276 529 271 360 109 1.68257 397 504 3.12894
61.8658 0.558383 0.282501 220 -45 0 0 0.690844 0.283669 288 157 467 160 320 276 528 271 359 110 1.66238 397 504 3.12877
61.9325 0.558383 0.282501 220 -45 0 0 0.690844 0.283669 288 156 466 160 320 276 529 271 359 109 1.68372 397 504 3.11596
61.9991 0.559925 0.282501 220 -47 0 0 0.690844 0.283669 288 156 466 160 320 276 528 271 359 110 1.68036 397 504 3.12894
62.0658 0.559925 0.282501 220 -47 0 0 0.690844 0.283669 288 157 466 160 320 276 529 271 359 110 1.68036 397 504 3.11596
62.1325 0.559925 0.282501 220 -47 0 0 0.690844 0.283669 288 157 466 160 319 276 528 271 359 110 1.68036 397 504 3.11596
62.1991 0.561211 0.282758 221 -46 0 0 0.690844 0.283669 287 157 466 160 319 276 528 271 359 111 1.68145 397 504 3.11596
62.2658 0.561211 0.282758 221 -46 0 0 0.690844 0.283669 287 157 466 160 319 276 528 271 358 110 1.67146 397 504 3.12894
62.3325 0.561211 0.282758 221 -46 0 0 0.690844 0.283669 287 157 465 160 319 276 529 271 358 110 1.68257 397 504 3.11596
62.3991 0.561468 0.282501 223 -47 0 0 0.690844 0.283669 287 157 465 160 319 277 529 271 358 110 1.69515 397 504 3.11596
62.4658 0.561468 0.282501 223 -47 0 0 0.690844 0.283669 287 157 465 160 319 277 528 271 358 111 1.69023 397 504 3.11596
62.5325 0.561468 0.282501 223 -47 0 0 0.690844 0.283669 287 158 465 160 319 277 528 271 358 111 1.69023 397 504 3.11596
62.5992 0.561468 0.282501 219 -43 0 0 0.690844 0.283669 287 158 465 160 319 277 529 271 358 111 1.67146 397 504 3.11596
62.6658 0.561468 0.282501 219 -43 0 0 0.690844 0.283669 287 158 465 160 319 277 529 271 358 111 1.67146 397 504 3.11596
62.7325 0.561468 0.282501 219 -43 0 0 0.690844 0.283669 287 157 465 160 319 277 529 271 358 111 1.67146 397 504 3.11596
62.7991 0.561468 0.282501 219 -46 0 0 0.690844 0.283669 286 157 465 160 319 277 529 271 358 111 1.68257 397 504 3.11596
62.8658 0.561468 0.282501 219 -46 0 0 0.690844 0.283669 286 157 465 160 319 277 528 271 358 110 1.67146 397 504 3.11596
62.9325 0.561468 0.282501 219 -46 0 0 0.690844 0.283669 286 157 465 160 319 277 529 271 358 111 1.68257 397 504 3.11596
62.9991 0.561468 0.282501 219 -47 0 0 0.690844 0.283669 286 157 465 160 319 277 528 271 358 111 1.68372 397 504 3.11596
63.0659 0.561468 0.282501 219 -47 0 0 0.690844 0.283669 286 157 465 160 319 277 528 271 358 111 1.68372 397 504 3.11596
63.1325 0.561468 0.282501 219 -47 0 0 0.690844 0.283669 286 157 465 160 319 277 528 271 358 111 1.68372 397 504 3.11596
63.1991 0.561468 0.282501 219 -46 0 0 0.690844 0.283669 286 157 465 161 319 277 528 271 358 111 1.69515 397 504 3.11596
63.2658 0.561468 0.282501 219 -46 0 0 0.690844 0.283669 286 158 465 161 319 277 529 271 357 111 1.70402 397 504 3.12894
63.3325 0.561468 0.282501 219 -46 0 0 0.690844 0.283669 286 157 465 161 319 277 529 271 357 111 1.70402 397 504 3.11596
63.3991 0.561468 0.282501 218 -46 0 0 0.690844 0.283669 286 157 464 161 319 277 529 271 358 111 1.69515 397 504 3.11596
63.4658 0.561468 0.282501 218 -46 0 0 0.690844 0.283669 286 157 465 161 319 277 528 271 357 111 1.70402 397 504 3.11596
63.5325 0.561468 0.282501 218 -46 0 0 0.690844 0.283669 286 157 465 161 319 277 529 271 358 111 1.69515 397 504 3.12877
63.5991 0.561468 0.282501 218 -46 0 0 0.690844 0.283669 286 157 465 161 319 277 528 271 358 111 1.69515 397 504 3.11596
63.6658 0.561468 0.282501 218 -46 0 0 0.690844 0.283669 286 157 464 161 319 277 529 271 358 111 1.69515 397 504 3.12877
63.7325 0.561468 0.282501 218 -46 0 0 0.690844 0.283669 286 157 465 161 319 277 528 271 357 111 1.72579 397 504 3.12894
63.7991 0.561468 0.282501 218 -47 0 0.4 0.690844 0.284069 286 157 465 161 319 277 529 271 357 111 1.72579 397 504 3.11596
63.8658 0.561468 0.282501 218 -47 0 0.4 0.690844 0.284469 286 157 465 161 319 277 528 271 357 111 1.71561 397 504 3.11596
63.9325 0.561468 0.282501 218 -46 0 0.4 0.690844 0.284869 286 157 465 161 319 277 529 271 358 111 1.70136 397 504 3.11596
63.9991 0.561468 0.282501 218 -46 0 0.4 0.690844 0.285269 286 157 465 161 319 277 528 271 357 112 1.68257 397 504 3.11596
64.0658 0.561468 0.282501 218 -46 0 0.4 0.690844 0.285669 286 157 465 161 319 277 529 271 358 111 1.69142 397 504 3.11596
64.1325 0.561468 0.282501 218 -42 0 0.4 0.690844 0.286069 286 157 465 161 319 277 529 271 358 111 1.69142 397 504 3.11596
64.1991 0.561468 0.282501 218 -42 0 0.4 0.690844 0.286469 286 157 465 161 319 277 529 271 358 111 1.70136 397 504 3.11596
64.2658 0.561468 0.282501 218 -42 0 0.4 0.690844 0.286869 286 157 465 161 319 277 528 271 358 111 1.70136 397 504 3.11596
64.3325 0.561468 0.282501 217 -47 0 0.4 0.690844 0.287269 286 157 465 161 319 277 528 271 358 111 1.70136 397 504 3.11596
64.3991 0.561468 0.282501 217 -47 0 0.4 0.690844 0.287669 286 157 465 161 319 277 529 271 357 111 1.68036 397 504 3.11596
64.4658 0.561468 0.282501 217 -47 0 0.4 0.690844 0.288069 286 157 465 161 319 277 529 271 358 111 1.69023 397 504 3.12894
64.5325 0.561468 0.282501 217 -80 0 0.4 0.690844 0.288469 286 157 465 161 319 277 529 271 358 111 1.69142 397 504 3.11596
64.5991 0.561468 0.282501 217 -80 0 0.4 0.690844 0.288869 286 157 465 161 319 277 529 271 358 111 1.70136 397 504 3.11596
64.6658 0.561468 0.282501 217 -80 0 0.4 0.690844 0.289269 286 157 465 161 319 277 529 271 358 111 1.69023 397 504 3.11596
64.7325 0.561468 0.282758 217 -80 0 0.4 0.690844 0.289669 286 157 465 161 319 277 529 271 358 111 1.69023 397 504 3.11596
64.7991 0.561468 0.282758 217 -80 0 0.4 0.690844 0.290069 286 157 465 161 319 277 529 271 357 111 1.67146 397 504 3.11596
64.8658 0.561468 0.282758 217 -80 0 0.4 0.690844 0.290469 286 157 465 161 319 277 528 271 358 111 1.69023 397 504 3.12894
64.9325 0.561468 0.283529 192 -115 0 0.4 0.690844 0.290869 286 157 465 161 319 277 529 271 358 111 1.67146 397 504 3.12894
64.9991 0.561468 0.283529 192 -115 0 0.4 0.690844 0.291269 286 157 465 161 319 277 528 271 357 111 1.67146 397 504 3.12894
65.0658 0.562239 0.283272 200 -108 0 0.4 0.690844 0.291669 286 157 465 161 318 277 528 271 357 111 1.67146 397 504 3.11596
65.1325 0.562239 0.283272 200 -108 0 0.4 0.690844 0.292069 286 157 465 161 319 277 529 271 357 111 1.67146 397 504 3.11596
65.1991 0.562239 0.283272 200 -108 0 0.4 0.690844 0.292469 286 157 465 161 318 277 528 271 358 111 1.67146 397 504 3.12894
65.2658 0.562239 0.284815 199 -126 0 0.4 0.690844 0.292869 286 157 465 161 318 277 529 271 357 111 1.68036 397 504 3.11596
65.3325 0.562239 0.284815 199 -126 0 0.4 0.690844 0.293269 286 157 465 161 318 277 529 271 357 111 1.68036 397 504 3.11596
65.3991 0.562239 0.284815 199 -126 0 0.4 0.690844 0.293669 286 157 465 161 318 277 529 271 357 111 1.68036 397 504 3.12894
65.4658 0.562239 0.285072 199 -123 0 0.4 0.690844 0.294069 286 157 465 161 318 277 529 271 357 111 1.68036 397 504 3.11596
65.5325 0.562239 0.285072 199 -123 0 0.4 0.690844 0.294469 286 157 465 161 318 277 529 271 357 111 1.68036 397 504 3.12894
65.5991 0.562239 0.285072 199 -123 0 0.4 0.690844 0.294869 286 157 465 161 318 277 529 271 358 111 1.69142 397 504 3.12894
65.6658 0.562239 0.286614 199 -131 0 0.4 0.690844 0.295269 286 157 465 161 318 277 529 271 358 111 1.69142 397 504 3.12894
65.7325 0.562239 0.286614 199 -131 0 0.4 0.690844 0.295669 286 157 465 161 318 277 529 271 357 111 1.71561 397 504 3.12894
65.7992 0.562239 0.286614 199 -131 0 0.4 0.690844 0.296069 286 157 465 161 318 277 529 271 357 112 1.70136 397 504 3.12894
65.8658 0.562239 0.287899 199 -134 0 0.4 0.690844 0.296469 286 157 465 161 318 277 529 271 357 112 1.70136 397 504 3.12894
65.9325 0.562239 0.287899 199 -134 0 0.4 0.690844 0.296869 286 157 465 161 318 277 529 271 358 112 1.68257 397 504 3.12894
65.9991 0.562239 0.287899 199 -134 0 0.4 0.690844 0.297269 286 158 465 160 318 277 529 271 358 112 1.67146 397 504 3.12894
66.0658 0.562239 0.287899 198 -146 0 0.4 0.690844 0.297669 286 157 465 160 318 277 529 271 358 112 1.67146 397 504 3.12894
66.1325 0.562239 0.287899 198 -146 0 0.4 0.690844 0.298069 286 157 465 161 318 277 529 271 358 112 1.67146 397 504 3.12894
66.1991 0.562239 0.289442 199 -145 0 0.4 0.690844 0.298469 286 157 465 161 318 277 529 271 358 111 1.69515 397 504 3.12894
66.2658 0.562239 0.289442 199 -145 0 0.4 0.690844 0.298869 286 158 465 160 318 277 529 271 358 111 1.69515 397 504 3.12894
66.3325 0.562239 0.289442 199 -145 0 0.4 0.690844 0.299269 286 157 465 160 318 277 529 271 358 112 1.67146 397 504 3.12894
66.3991 0.562239 0.289699 198 -159 0 0.4 0.690844 0.299669 286 158 465 160 318 277 529 271 358 112 1.67146 397 504 3.12894
66.4658 0.562239 0.289699 198 -159 0 0.4 0.690844 0.300069 286 157 465 160 318 277 529 271 358 111 1.69515 397 504 3.12894
66.5325 0.562239 0.289699 198 -159 0 0.4 0.690844 0.300469 286 157 465 160 318 277 529 271 358 111 1.69515 397 504 3.12894
66.5991 0.562239 0.290727 198 -161 0 0.4 0.690844 0.300869 286 158 465 160 318 277 529 271 358 111 1.69142 397 504 3.12894
66.6658 0.562239 0.290727 198 -161 0 0.4 0.690844 0.301269 286 158 465 160 318 277 529 271 358 111 1.69515 397 504 3.12894
66.7325 0.562239 0.290727 198 -161 0 0.4 0.690844 0.301669 286 158 465 160 318 277 529 271 358 111 1.69515 397 504 3.12894
66.7991 0.562239 0.292526 199 -166 0 0.4 0.690844 0.302069 286 158 465 160 318 277 529 271 358 111 1.68257 397 504 3.12894
66.8658 0.562239 0.292526 199 -166 0 0.4 0.690844 0.302469 286 158 465 160 318 277 529 271 358 111 1.68257 397 504 3.12894
66.9325 0.562239 0.292526 199 -166 0 0.4 0.690844 0.302869 286 158 465 160 318 277 529 271 358 111 1.69142 397 504 3.12894
66.9991 0.562239 0.292526 198 -177 0 0.4 0.690844 0.303269 286 158 465 160 318 277 529 271 358 111 1.67146 397 504 3.12894
67.0658 0.562239 0.292526 198 -177 0 0.4 0.690844 0.303669 286 158 465 160 318 277 529 271 358 111 1.67146 397 504 3.12909
67.1325 0.562239 0.292526 198 -177 0 0.4 0.690844 0.304069 286 158 465 160 317 277 529 271 358 112 1.68036 397 504 3.12909
67.1991 0.562239 0.294326 198 -174 0 0.4 0.690844 0.304469 286 158 466 161 317 277 530 270 359 112 1.68257 397 504 3.12894
67.2658 0.562239 0.294326 198 -174 0 0.4 0.690844 0.304869 286 158 466 160 317 277 530 270 359 111 1.67146 397 504 3.12909
67.3325 0.562239 0.294326 198 -174 0 0.4 0.690844 0.305269 286 158 466 160 317 277 529 271 359 111 1.67146 397 504 3.12894
67.3991 0.562239 0.294583 198 -184 0 0.4 0.690844 0.305669 286 158 466 160 318 278 530 271 359 112 1.67146 397 504 3.12909
67.4658 0.562239 0.294583 198 -184 0 0.4 0.690844 0.306069 287 158 466 160 317 277 530 271 359 112 1.67146 397 504 3.12909
67.5325 0.562239 0.294583 198 -184 0 0.4 0.690844 0.306469 287 158 466 160 317 278 530 271 359 112 1.67146 397 504 3.12909
67.5992 0.562239 0.295611 198 -184 0 0.4 0.690844 0.306869 287 158 466 160 317 278 530 271 359 110 1.67146 397 504 3.12909
67.6658 0.562239 0.295611 198 -184 0 0.4 0.690844 0.307269 287 158 466 160 317 278 530 271 359 111 1.69515 397 504 3.12909
67.7325 0.562239 0.295611 198 -184 0 0.4 0.690844 0.307669 287 158 466 160 317 278 530 271 359 111 1.65967 397 504 3.12894
67.7991 0.562239 0.29741 198 -190 0 0.4 0.690844 0.308069 287 158 467 160 317 278 530 271 359 111 1.68257 397 504 3.12909
67.8658 0.562239 0.29741 198 -190 0 0.4 0.690844 0.308469 287 158 467 160 317 278 530 271 359 111 1.68257 397 504 3.12909
67.9325 0.562239 0.29741 198 -190 0 0.4 0.690844 0.308869 287 158 467 160 317 278 530 271 359 111 1.67353 397 504 3.12894
67.9992 0.562239 0.29741 197 -196 0 0.4 0.690844 0.309269 287 158 467 160 317 278 530 271 359 111 1.68145 397 504 3.12909
68.0658 0.562239 0.29741 197 -196 0 0.4 0.690844 0.309669 287 158 467 160 317 278 530 271 359 111 1.67146 397 504 3.12909
68.1325 0.562239 0.29741 197 -196 0 0.4 0.690844 0.310069 287 158 467 160 317 278 530 271 360 111 1.66238 397 504 3.12909
68.1991 0.562239 0.299467 198 -184 0 0.4 0.690844 0.310469 287 158 467 160 317 278 530 271 360 111 1.65967 397 504 3.12909
68.2658 0.562239 0.299467 198 -184 0 0.4 0.690844 0.310869 287 158 467 160 317 278 530 271 360 112 1.65063 397 504 3.12909
68.3325 0.562496 0.299467 198 -195 0 0.4 0.690844 0.311269 287 158 467 160 317 278 530 271 360 111 1.67567 397 504 3.12894
68.3992 0.562496 0.299467 198 -195 0 0.4 0.690844 0.311669 287 158 467 160 317 278 530 271 360 111 1.65967 397 504 3.12909
68.4658 0.562496 0.299467 198 -195 0 0.4 0.690844 0.312069 287 158 468 160 317 278 531 270 359 111 1.66238 397 504 3.12909
68.5325 0.562239 0.301523 198 -183 0 0.4 0.690844 0.312469 287 158 468 160 317 278 530 271 359 111 1.66238 397 504 3.12909
68.5991 0.562239 0.301523 198 -183 0 0.4 0.690844 0.312869 287 158 468 160 317 278 530 271 360 111 1.64284 397 504 3.12909
68.6658 0.562239 0.301523 198 -183 0 0.4 0.690844 0.313269 288 158 468 160 317 278 531 271 360 111 1.64284 397 504 3.12909
68.7325 0.562239 0.302551 198 -202 0 0.4 0.690844 0.31367 288 158 468 160 317 278 531 270 360 111 1.64284 397 504 3.12909
68.7992 0.562239 0.302551 198 -202 0 0.4 0.690844 0.31407 288 158 468 159 317 278 531 271 360 110 1.65225 397 504 3.12909
68.8658 0.562239 0.302808 197 -201 0 0.4 0.690844 0.31447 288 158 468 159 317 278 531 271 360 110 1.65225 397 504 3.12909
68.9325 0.562239 0.302808 197 -201 0 0.4 0.690844 0.31487 288 158 468 159 317 278 531 271 361 112 1.6421 397 504 3.12909
68.9991 0.562239 0.302808 197 -201 0 0.4 0.690844 0.31527 288 158 468 159 317 278 531 271 360 110 1.65225 397 504 3.12909
69.0658 0.562239 0.304094 197 -204 0 0.4 0.690844 0.31567 288 158 468 159 317 278 531 270 360 110 1.66331 397 504 3.12909
69.1325 0.562239 0.304094 197 -204 0 0.4 0.690844 0.31607 288 158 468 159 317 278 531 270 360 110 1.66331 397 504 3.12894
69.1991 0.562239 0.304094 197 -204 0 0.4 0.690844 0.31647 288 158 468 159 317 278 531 270 361 111 1.65225 397 504 3.12894
69.2658 0.562239 0.304351 197 -204 0 0.4 0.690844 0.31687 288 158 468 159 317 278 531 270 361 111 1.65225 397 504 3.12909
69.3325 0.562239 0.304351 197 -204 0 0.4 0.690844 0.31727 288 158 468 159 317 278 531 270 361 111 1.66238 397 504 3.12909
69.3991 0.562239 0.304351 197 -204 0 0.4 0.690844 0.31767 288 158 469 159 316 278 532 270 361 111 1.63194 397 504 3.12894
69.4658 0.562239 0.30615 198 -205 0 0.4 0.690844 0.31807 288 158 469 159 316 278 531 270 361 111 1.64284 397 504 3.12894
69.5325 0.562239 0.30615 198 -205 0 0.4 0.690844 0.31847 288 158 469 159 316 278 531 270 362 111 1.61118 397 504 3.12909
69.5992 0.562239 0.30615 198 -205 0 0.4 0.690844 0.31887 288 158 469 159 316 278 531 270 362 111 1.61038 397 504 3.12909
69.6658 0.562239 0.30615 198 -199 0 0.4 0.690844 0.31927 288 158 469 159 316 278 531 270 362 111 1.63322 397 504 3.12909
69.7325 0.562239 0.30615 198 -199 0 0.4 0.690844 0.31967 288 158 469 159 316 278 531 270 361 111 1.65394 397 504 3.12894
69.7992 0.562239 0.30615 198 -199 0 0.4 0.690844 0.32007 288 158 470 159 316 278 532 270 361 111 1.64284 397 504 3.12894
69.8658 0.562496 0.307949 197 -218 0 0.4 0.690844 0.32047 289 158 470 159 316 278 532 270 362 111 1.63322 397 504 3.12894
69.9325 0.562496 0.307949 197 -218 0 0.4 0.690844 0.32087 288 158 470 159 316 278 532 270 362 111 1.6223 397 504 3.12894
69.9991 0.562496 0.307949 197 -218 0 0.4 0.690844 0.32127 288 158 470 159 316 278 532 270 362 111 1.6421 397 504 3.12894
70.0658 0.562239 0.309492 197 -228 0 0.4 0.690844 0.32167 289 158 470 159 316 278 532 270 362 111 1.6223 397 504 3.12894
70.1325 0.562239 0.309492 197 -228 0 0.4 0.690844 0.32207 289 158 470 159 316 278 532 270 363 111 1.60079 397 504 3.12894
70.1991 0.562239 0.309492 196 -228 0 0.4 0.690844 0.32247 289 158 470 159 316 278 532 270 362 110 1.63322 397 504 3.12894
70.2658 0.562239 0.309492 196 -228 0 0.4 0.690844 0.32287 289 158 470 159 316 278 532 270 362 110 1.63322 397 504 3.12894
70.3325 0.562239 0.309492 196 -228 0 0.4 0.690844 0.32327 289 158 470 159 316 278 532 270 362 110 1.6223 397 504 3.12894
70.3991 0.562239 0.311548 197 -228 0 0.4 0.690844 0.32367 289 158 470 159 316 278 532 270 363 111 1.63322 397 504 3.12894
70.4659 0.562239 0.311548 197 -228 0 0.4 0.690844 0.32407 289 158 471 159 316 279 532 270 363 111 1.61244 397 504 3.12894
70.5325 0.562239 0.311548 197 -228 0 0.4 0.690844 0.32447 289 158 471 159 316 279 532 270 363 111 1.61244 397 504 3.12894
70.5991 0.562239 0.311548 196 -228 0 0.4 0.690844 0.32487 289 158 471 159 316 279 532 270 363 111 1.62026 397 504 3.12894
70.6658 0.562239 0.311548 196 -228 0 0.4 0.690844 0.32527 289 158 471 159 316 278 533 270 363 111 1.61244 397 504 3.12894
70.7325 0.562239 0.311548 196 -228 0 0.4 0.690844 0.32567 289 158 471 159 316 279 532 271 363 111 1.61118 397 505 3.11596
70.7991 0.562239 0.312833 198 -230 0 0.4 0.690844 0.32607 289 158 471 158 315 279 532 271 363 111 1.6421 397 504 3.12894
70.8658 0.562239 0.312833 198 -230 0 0.4 0.690844 0.32647 289 158 471 158 315 279 533 270 363 111 1.6421 397 504 3.12894
70.9325 0.562239 0.312833 198 -230 0 0.4 0.690844 0.32687 289 158 471 158 316 279 533 270 363 111 1.63257 397 504 3.12894
70.9991 0.562239 0.314376 197 -238 0 0.4 0.690844 0.32727 289 158 471 158 316 279 533 270 363 110 1.6223 397 505 3.11596
71.0658 0.562239 0.314376 197 -238 0 0.4 0.690844 0.32767 290 158 472 158 315 279 533 270 364 111 1.61244 397 504 3.12894
71.1325 0.562239 0.314376 197 -238 0 0.4 0.690844 0.32807 290 158 472 158 315 279 533 270 364 111 1.61244 397 504 3.12894
71.1991 0.562239 0.31489 197 -238 0 0.4 0.690844 0.32847 290 158 472 158 315 279 533 270 364 111 1.591 397 504 3.12894
71.2658 0.562239 0.31489 197 -238 0 0.4 0.690844 0.32887 290 158 472 158 315 279 533 270 364 111 1.60109 397 504 3.12894
71.3325 0.562239 0.31489 197 -238 0 0.4 0.690844 0.32927 290 158 472 158 315 279 533 270 364 111 1.6014 397 505 3.11596
71.3991 0.562239 0.316432 197 -248 0 0.4 0.690844 0.32967 290 158 472 158 315 279 533 270 364 111 1.61244 397 504 3.12894
71.4658 0.562239 0.316432 197 -248 0 0.4 0.690844 0.33007 290 158 473 158 315 279 533 270 365 111 1.61201 397 504 3.12894
71.5325 0.562239 0.316432 197 -248 0 0.4 0.690844 0.33047 290 158 473 158 315 279 533 270 365 111 1.61201 397 505 3.11596
71.5992 0.562239 0.316432 197 -239 0 0.4 0.690844 0.33087 290 158 473 158 315 279 534 270 364 111 1.60171 397 505 3.11596
71.6658 0.562239 0.316432 197 -239 0 0.4 0.690844 0.33127 290 158 473 158 315 279 534 270 365 111 1.591 397 505 3.11596
71.7325 0.562239 0.316432 197 -239 0 0.4 0.690844 0.33167 291 158 473 158 315 279 534 271 365 111 1.60049 397 505 3.11596
71.7992 0.562239 0.317717 198 -254 0 0.4 0.690844 0.33207 291 158 473 158 315 279 534 271 366 111 1.59079 397 505 3.11596
71.8658 0.562239 0.317717 198 -254 0 0.4 0.690844 0.33247 290 158 473 158 315 279 534 270 365 110 1.60236 397 504 3.12894
71.9325 0.562239 0.31926 197 -246 0 0.4 0.690844 0.33287 291 158 473 158 315 279 534 270 365 110 1.60236 397 505 3.11596
71.9991 0.562239 0.31926 197 -246 0 0.4 0.690844 0.33327 291 158 473 158 315 279 534 270 366 111 1.59163 397 505 3.11596
72.0658 0.562239 0.31926 197 -246 0 0.4 0.690844 0.33367 291 158 474 158 315 279 534 270 366 111 1.58111 397 505 3.11596
72.1325 0.562239 0.320031 197 -247 0 0.4 0.690844 0.33407 291 158 474 158 315 279 534 270 367 111 1.53041 397 505 3.11596
72.1991 0.562239 0.320031 197 -247 0 0.4 0.690844 0.33447 291 158 474 158 315 279 535 270 366 111 1.58111 397 505 3.11596
72.2658 0.562239 0.320031 197 -247 0 0.4 0.690844 0.33487 291 158 474 157 315 279 535 270 366 110 1.58111 397 505 3.11596
72.3325 0.562239 0.321573 197 -247 0 0.4 0.690844 0.33527 292 158 474 157 315 279 535 270 368 111 1.50965 397 505 3.11596
72.3991 0.562239 0.321573 197 -247 0 0.4 0.690844 0.33567 292 158 474 157 315 279 535 270 368 111 1.50965 397 505 3.11596
72.4658 0.562239 0.321573 197 -247 0 0.4 0.690844 0.33607 292 158 475 157 315 279 535 270 368 111 1.49253 397 505 3.11596
72.5325 0.562239 0.32183 197 -258 0 0.4 0.690844 0.33647 292 158 475 157 315 279 535 270 368 111 1.5016 397 505 3.11596
72.5991 0.562239 0.32183 197 -258 0 0.4 0.690844 0.33687 292 158 475 157 315 279 535 270 368 111 1.48192 397 505 3.11596
72.6658 0.562239 0.32183 197 -258 0 0.4 0.690844 0.33727 292 158 476 157 315 279 535 270 369 111 1.49097 397 505 3.11596
72.7325 0.562239 0.323115 197 -258 0 0.4 0.690844 0.33767 292 158 476 157 315 279 535 270 369 111 1.49097 397 505 3.11596
72.7991 0.562239 0.323115 197 -258 0 0.4 0.690844 0.33807 293 158 476 157 315 279 535 270 369 111 1.48192 397 505 3.11596
72.8658 0.562239 0.323115 197 -258 0 0.4 0.690844 0.33847 293 158 476 157 315 279 536 270 369 111 1.48192 397 505 3.11596
72.9325 0.562239 0.324658 196 -263 0 0.4 0.690844 0.33887 293 158 476 157 315 279 536 270 369 111 1.48192 397 505 3.11596
72.9992 0.562239 0.324658 196 -263 0 0.4 0.690844 0.33927 293 158 476 157 315 279 536 270 369 110 1.50902 397 505 3.11596
73.0658 0.562239 0.324658 196 -263 0 0.4 0.690844 0.33967 293 158 477 157 315 279 536 270 370 111 1.47013 397 505 3.11596
73.1325 0.562239 0.324658 197 -262 0 0.4 0.690844 0.34007 293 158 477 157 315 279 536 270 369 110 1.48192 397 505 3.11596
73.1991 0.562239 0.324658 197 -262 0 0.4 0.690844 0.34047 293 158 477 157 315 279 536 269 369 111 1.48192 397 505 3.11596
73.2658 0.562239 0.324658 197 -262 0 0.4 0.690844 0.34087 293 158 477 157 315 279 537 269 370 110 1.49876 397 505 3.11596
73.3325 0.562239 0.326714 197 -267 0 0.4 0.690844 0.34127 294 158 477 156 315 279 537 269 370 111 1.47113 397 505 3.11596
73.3991 0.562239 0.326714 197 -267 0 0.4 0.690844 0.34167 294 158 478 156 315 279 537 269 370 110 1.48851 397 505 3.11596
73.4658 0.562239 0.326714 197 -267 0 0.4 0.690844 0.34207 294 158 478 156 315 279 537 269 371 111 1.46124 397 505 3.11596
73.5325 0.562239 0.326971 197 -267 0 0.4 0.690844 0.34247 294 158 478 156 315 279 537 269 371 110 1.49016 397 505 3.12894
73.5991 0.562239 0.326971 197 -267 0 0.4 0.690844 0.34287 294 158 478 156 315 279 537 269 371 110 1.48766 397 505 3.10315
73.6658 0.562239 0.326971 197 -267 0 0.4 0.690844 0.34327 294 158 479 156 315 279 537 269 371 110 1.45137 397 505 3.11596
73.7325 0.562239 0.328257 197 -266 0 0.4 0.690844 0.34367 294 158 479 156 315 279 537 269 372 110 1.46911 397 505 3.12894
73.7991 0.562239 0.328257 197 -266 0 0.4 0.690844 0.34407 295 158 479 156 315 279 538 269 372 110 1.47828 397 505 3.11596
73.8658 0.562239 0.330056 197 -275 0 0.4 0.690844 0.34447 294 158 479 156 315 279 538 269 371 110 1.49949 397 505 3.12894
73.9325 0.562239 0.330056 197 -275 0 0.4 0.690844 0.34487 295 159 480 155 314 279 538 269 372 110 1.45017 397 505 3.12894
73.9991 0.562239 0.330056 197 -275 0 0.4 0.690844 0.34527 295 159 480 155 314 279 538 269 372 110 1.48766 397 505 3.12894
74.0658 0.562239 0.330056 197 -292 0 0.4 0.690844 0.34567 295 159 480 155 314 279 538 269 373 110 1.467 397 505 3.11596
74.1325 0.562239 0.330056 197 -292 0 0.4 0.690844 0.34607 295 158 480 155 314 279 539 269 373 110 1.43891 397 505 3.11596
74.1991 0.562239 0.330056 197 -292 0 0.4 0.690844 0.34647 295 158 480 155 314 279 538 269 373 110 1.43891 397 505 3.12894
74.2658 0.562239 0.331341 197 -286 0 0.4 0.690844 0.34687 295 158 480 155 314 280 538 269 373 110 1.45017 397 505 3.11596
74.3325 0.562239 0.331341 197 -286 0 0.4 0.690844 0.34727 295 158 481 155 314 279 538 269 373 110 1.47922 397 505 3.11596
74.3991 0.562239 0.331341 197 -286 0 0.4 0.690844 0.34767 295 158 481 155 314 280 538 269 374 110 1.43031 397 505 3.11596
74.4658 0.562239 0.331598 196 -292 0 0.4 0.690844 0.34807 296 159 481 155 314 279 539 269 374 110 1.43031 397 505 3.11596
74.5325 0.562239 0.331598 196 -292 0 0.4 0.690844 0.34847 296 159 481 155 314 280 539 269 374 110 1.43891 397 505 3.091
74.5992 0.562239 0.331598 196 -292 0 0.4 0.690844 0.34887 296 159 482 155 314 280 539 269 374 109 1.44771 397 505 3.11596
74.6658 0.562239 0.332883 196 -292 0 0.4 0.690844 0.34927 296 159 482 155 314 280 539 269 374 110 1.45788 397 505 3.11596
74.7325 0.562239 0.332883 196 -292 0 0.4 0.690844 0.34967 296 159 482 155 314 280 539 269 375 110 1.43031 397 505 3.12894
74.7991 0.562239 0.332883 196 -292 0 0.4 0.690844 0.35007 296 158 482 155 314 280 539 269 375 110 1.43031 397 505 3.12894
74.8658 0.562239 0.335454 197 -283 0 0.4 0.690844 0.35047 297 158 482 155 314 280 539 269 375 110 1.42746 397 505 3.12894
74.9325 0.562239 0.335454 197 -283 0 0.4 0.690844 0.35087 297 158 483 155 314 280 540 269 375 110 1.41891 397 505 3.11596
74.9992 0.562239 0.335454 197 -283 0 0.4 0.690844 0.35127 297 158 483 154 314 280 540 269 376 109 1.42746 397 505 3.11596
75.0658 0.562239 0.335454 197 -294 0 0.4 0.690844 0.35167 298 158 483 154 314 280 540 269 377 110 1.37929 397 505 3.11596
75.1325 0.562239 0.335454 197 -294 0 0.4 0.690844 0.35207 298 158 484 154 314 280 540 269 377 110 1.41057 397 505 3.12894
75.1991 0.562239 0.335454 197 -294 0 0.4 0.690844 0.35247 298 158 484 154 314 280 541 268 377 110 1.39904 397 505 3.12894
75.2659 0.562239 0.336482 197 -291 0 0.4 0.690844 0.35287 298 158 484 154 314 280 540 268 377 111 1.3927 397 505 3.12894
75.3325 0.562239 0.336482 197 -291 0 0.4 0.690844 0.35327 298 158 485 154 314 280 541 268 377 110 1.3927 397 505 3.12894
75.3991 0.562239 0.336739 196 -302 0 0.4 0.690844 0.35367 298 158 485 154 314 280 541 269 378 110 1.41057 397 505 3.091
75.4658 0.562239 0.336739 196 -302 0 0.4 0.690844 0.35407 298 158 485 154 314 280 541 269 378 110 1.40565 397 505 3.11596
75.5325 0.562239 0.336739 196 -302 0 0.4 0.690844 0.35447 298 158 485 154 314 280 541 268 378 110 1.40565 397 505 3.12894
75.5991 0.562239 0.337767 196 -301 0 0.4 0.690844 0.35487 299 158 485 154 314 280 541 268 378 109 1.42746 397 505 3.11596
75.6658 0.562239 0.337767 196 -301 0 0.4 0.690844 0.35527 298 159 485 154 314 280 541 268 378 110 1.37929 397 505 3.11596
75.7325 0.562239 0.337767 196 -301 0 0.4 0.690844 0.35567 298 159 485 154 314 280 541 268 379 110 1.36177 397 505 3.12894
75.7992 0.562239 0.339824 197 -308 0 0.4 0.690844 0.35607 298 158 485 154 314 280 541 268 378 109 1.3973 397 505 3.10411
75.8658 0.562239 0.339824 197 -308 0 0.4 0.690844 0.35647 299 159 486 153 314 280 542 269 379 110 1.38545 397 505 3.10411
75.9325 0.562239 0.339824 197 -308 0 0.4 0.690844 0.35687 299 159 486 153 314 280 542 268 380 110 1.34997 397 505 3.10411
75.9991 0.561982 0.339824 196 -278 0 0.4 0.690844 0.35727 299 159 487 153 314 280 542 268 380 110 1.37146 397 505 3.12894
76.0658 0.561982 0.339824 196 -278 0 0.4 0.690844 0.35767 300 159 487 153 314 280 542 268 379 109 1.39372 397 505 3.10411
76.1325 0.561982 0.339824 196 -278 0 0.4 0.690844 0.35807 300 159 487 153 314 280 542 268 380 110 1.3597 397 505 3.1166
76.1992 0.562239 0.342137 197 -300 0 0.4 0.690844 0.35847 300 159 488 153 313 280 543 268 380 110 1.37136 397 505 3.12894
76.2658 0.562239 0.342137 197 -300 0 0.4 0.690844 0.35887 300 158 488 153 314 279 543 268 381 110 1.3597 397 505 3.091
76.3325 0.562239 0.342137 197 -300 0 0.4 0.690844 0.35927 301 159 488 153 314 279 543 268 381 110 1.34252 397 505 3.12894
76.3992 0.562239 0.34368 197 -296 0 0.4 0.690844 0.35967 301 159 489 153 314 279 543 268 382 110 1.3597 397 505 3.10411
76.4658 0.562239 0.34368 197 -296 0 0.4 0.690844 0.36007 301 159 489 153 313 280 544 268 383 110 1.33525 397 505 3.10411
76.5325 0.562239 0.34368 197 -296 0 0.4 0.690844 0.36047 301 159 489 153 313 280 544 268 383 109 1.32824 397 505 3.10411
76.5992 0.562239 0.343937 197 -295 0 0.4 0.690844 0.36087 301 159 489 152 313 280 544 268 383 110 1.32824 397 505 3.10411
76.6658 0.562239 0.343937 197 -295 0 0.4 0.690844 0.36127 302 159 489 152 313 280 544 268 383 109 1.35897 397 505 3.10411
76.7325 0.562239 0.343937 197 -295 0 0.4 0.690844 0.36167 302 159 490 152 314 280 544 268 383 110 1.32582 397 505 3.10411
76.7991 0.561982 0.345993 197 -295 0 0.4 0.690844 0.36207 302 159 490 152 313 280 545 268 384 110 1.30891 397 505 3.1166
76.8658 0.561982 0.345993 197 -295 0 0.4 0.690844 0.36247 302 159 491 152 313 280 544 268 385 110 1.30891 397 505 3.10411
76.9325 0.561982 0.345993 197 -295 0 0.4 0.690844 0.36287 302 159 491 152 313 280 545 267 384 110 1.31604 397 505 3.10411
76.9992 0.562239 0.345993 196 -292 0 0.4 0.690844 0.36327 302 159 491 152 313 280 545 268 385 109 1.32824 397 505 3.12894
77.0658 0.562239 0.345993 196 -292 0 0.4 0.690844 0.36367 303 159 491 152 313 280 546 268 385 110 1.30891 397 506 3.1166
77.1325 0.562239 0.345993 196 -292 0 0.4 0.690844 0.36407 303 159 492 152 313 280 546 268 385 109 1.33326 397 506 3.11691
77.1991 0.562239 0.347278 196 -299 0 0.4 0.690844 0.36447 303 159 492 152 313 280 546 268 385 109 1.32102 397 505 3.10411
77.2658 0.562239 0.347278 196 -299 0 0.4 0.690844 0.36487 303 159 492 152 313 280 545 268 385 109 1.29389 397 505 3.10457
77.3325 0.562239 0.347278 196 -299 0 0.4 0.690844 0.36527 303 159 493 151 313 280 545 268 386 109 1.30891 397 505 3.10411
77.3992 0.562239 0.349078 196 -298 0 0.4 0.690844 0.36567 304 159 493 152 313 280 545 267 386 109 1.28978 397 505 3.10411
77.4658 0.562239 0.349078 196 -298 0 0.4 0.690844 0.36607 304 159 493 152 313 280 546 267 386 109 1.28418 397 505 3.10411
77.5325 0.562239 0.349592 196 -298 0 0.4 0.690844 0.36647 304 159 493 151 313 280 546 267 387 109 1.28978 397 505 3.10411
77.5991 0.562239 0.349592 196 -298 0 0.4 0.690844 0.36687 304 159 493 151 313 280 546 268 387 110 1.27743 397 505 3.10411
77.6658 0.562239 0.349592 196 -298 0 0.4 0.690844 0.36727 305 159 494 151 313 280 547 267 387 110 1.29663 397 505 3.10411
77.7325 0.562239 0.351648 196 -297 0 0.4 0.690844 0.36767 305 159 494 151 313 280 547 267 388 110 1.27743 397 505 3.10411
77.7992 0.562239 0.351648 196 -297 0 0.4 0.690844 0.36807 305 159 494 151 313 280 547 267 387 110 1.29389 397 505 3.10457
77.8658 0.562239 0.351648 196 -297 0 0.4 0.690844 0.36847 305 159 495 151 313 280 547 267 388 109 1.28418 397 505 3.10411
77.9325 0.562239 0.351648 196 -309 0 0.4 0.690844 0.36887 305 159 495 151 313 280 547 267 389 109 1.30631 397 505 3.10411
77.9991 0.562239 0.351648 196 -309 0 0.4 0.690844 0.36927 305 159 495 151 313 280 547 267 389 110 1.26187 397 505 3.12894
78.0658 0.562239 0.351648 196 -309 0 0.4 0.690844 0.36967 305 159 495 151 313 280 548 267 389 110 1.30631 397 505 3.10457
78.1325 0.561982 0.353191 196 -307 0 0.4 0.690844 0.37007 306 159 496 151 313 280 548 267 389 109 1.28129 397 505 3.10457
78.1991 0.561982 0.353191 196 -307 0 0.4 0.690844 0.37047 306 160 496 151 313 280 548 267 390 109 1.27835 397 505 3.1166
78.2658 0.561982 0.353191 196 -307 0 0.4 0.690844 0.37087 306 160 496 151 313 280 548 267 390 109 1.27835 397 505 3.1166
78.3325 0.562239 0.353448 196 -311 0 0.4 0.690844 0.37127 306 160 496 151 313 280 548 267 390 110 1.22711 397 506 3.11691
78.3991 0.562239 0.353448 196 -311 0 0.4 0.690844 0.37167 306 159 497 150 313 280 548 267 390 110 1.22711 397 505 3.12925
78.4658 0.562239 0.353448 196 -311 0 0.4 0.690844 0.37207 306 159 497 150 313 280 548 267 391 110 1.21436 397 505 3.10457
78.5325 0.562239 0.354219 196 -313 0 0.4 0.690844 0.37247 307 160 497 150 313 280 549 267 391 110 1.21085 397 505 3.10411
78.5991 0.562239 0.354219 196 -313 0 0.4 0.690844 0.372871 307 160 497 151 313 280 549 267 391 110 1.22982 397 505 3.10457
78.6658 0.562239 0.356275 196 -318 0 0.4 0.690844 0.373271 307 160 497 150 313 280 549 267 392 110 1.1791 397 505 3.10457
78.7325 0.562239 0.356275 196 -318 0 0.4 0.690844 0.373671 307 160 497 150 313 280 549 267 392 110 1.20505 397 505 3.10457
78.7991 0.562239 0.356275 196 -318 0 0.4 0.690844 0.374071 307 160 498 150 313 280 549 267 392 110 1.1994 397 505 3.10457
78.8658 0.562239 0.356275 196 -318 0 0.4 0.690844 0.374471 308 160 498 150 313 280 549 267 392 110 1.21323 397 505 3.10457
78.9325 0.562239 0.356275 196 -318 0 0.4 0.690844 0.374871 308 160 498 150 313 280 549 267 393 110 1.1829 397 505 3.10457
78.9991 0.562239 0.356275 196 -318 0 0.4 0.690844 0.375271 308 160 498 150 313 280 549 267 392 110 1.19781 397 506 3.11691
79.0658 0.562239 0.357818 196 -326 0 0.4 0.690844 0.375671 307 160 498 150 313 280 550 267 393 110 1.1958 397 505 3.10457
79.1325 0.562239 0.357818 196 -326 0 0.4 0.690844 0.376071 308 160 499 150 313 280 550 267 394 110 1.1791 397 505 3.10457
79.1991 0.562239 0.357818 196 -326 0 0.4 0.690844 0.376471 308 160 499 150 313 280 550 267 394 110 1.1829 397 505 3.10457
79.2658 0.562239 0.357818 196 -327 0 0.4 0.690844 0.376871 308 160 499 150 313 280 550 267 394 111 1.1791 397 505 3.10411
79.3325 0.562239 0.357818 196 -327 0 0.4 0.690844 0.377271 308 160 500 150 313 280 550 267 394 111 1.1791 397 506 3.1166
79.3991 0.562239 0.359103 196 -337 0 0.4 0.690844 0.377671 308 160 500 150 313 280 550 266 394 110 1.1829 397 505 3.10411
79.4658 0.562239 0.359103 196 -337 0 0.4 0.690844 0.378071 309 160 500 150 313 280 550 266 394 110 1.1791 397 505 3.10411
79.5325 0.562239 0.359103 196 -337 0 0.4 0.690844 0.378471 309 160 500 150 313 280 551 266 395 110 1.1791 397 505 3.10411
79.5991 0.562239 0.35936 196 -345 0 0.4 0.690844 0.378871 309 160 500 150 313 280 551 266 395 111 1.1791 397 505 3.10457
79.6658 0.562239 0.35936 196 -345 0 0.4 0.690844 0.379271 309 160 501 149 313 280 551 267 395 110 1.16189 397 506 3.11691
79.7325 0.562239 0.35936 196 -345 0 0.4 0.690844 0.379671 309 160 501 149 313 280 551 267 395 110 1.1791 397 505 3.11691
79.7992 0.562239 0.360902 196 -343 0 0.4 0.690844 0.380071 309 160 501 149 313 280 551 267 395 110 1.1659 397 505 3.10411
79.8658 0.562239 0.360902 196 -343 0 0.4 0.690844 0.380471 310 160 501 149 313 280 551 267 396 110 1.15257 397 505 3.1166
79.9325 0.562239 0.360902 196 -343 0 0.4 0.690844 0.380871 310 160 501 149 313 280 551 267 396 110 1.16189 397 505 3.10457
79.9991 0.562239 0.362959 195 -338 0 0.4 0.690844 0.381271 310 160 501 149 313 280 551 266 396 110 1.1791 397 506 3.1166
80.0658 0.562239 0.362959 195 -338 0 0.4 0.690844 0.381671 310 161 502 149 313 280 552 266 397 110 1.14749 397 506 3.1166
80.1325 0.562239 0.362959 195 -338 0 0.4 0.690844 0.382071 310 161 502 149 313 280 552 267 397 111 1.14749 396 506 3.12894
80.1991 0.562239 0.363216 196 -356 0 0.4 0.690844 0.382471 310 161 502 149 313 280 552 267 397 111 1.14749 397 506 3.1166
80.2658 0.562239 0.363216 196 -356 0 0.4 0.690844 0.382871 311 161 503 149 313 280 552 267 397 110 1.1659 397 506 3.11691
80.3325 0.562239 0.363216 196 -356 0 0.4 0.690844 0.383271 311 161 503 149 313 280 552 267 398 110 1.14749 397 505 3.10411
80.3991 0.562239 0.365529 196 -328 0 0.4 0.690844 0.383671 311 161 504 149 313 280 553 266 398 110 1.13985 397 505 3.10411
80.4658 0.562239 0.365529 196 -328 0 0.4 0.690844 0.384071 312 161 504 148 313 281 553 266 399 111 1.13417 397 505 3.10411
80.5325 0.562239 0.365529 196 -328 0 0.4 0.690844 0.384471 312 161 504 148 313 281 553 267 398 111 1.14333 397 505 3.1166
80.5991 0.561982 0.365529 195 -332 0 0.4 0.690844 0.384871 312 161 505 148 313 281 553 267 399 111 1.11628 397 505 3.10411
80.6658 0.561982 0.365529 195 -332 0 0.4 0.690844 0.385271 312 161 504 149 313 281 553 267 399 111 1.11628 397 505 3.10411
80.7325 0.561982 0.365529 195 -332 0 0.4 0.690844 0.385671 312 161 504 149 313 281 554 267 399 110 1.14841 396 506 3.12894
80.7991 0.562239 0.366814 196 -332 0 0.4 0.690844 0.386071 312 161 505 148 313 281 554 266 399 110 1.1255 397 505 3.12909
80.8658 0.562239 0.366814 196 -332 0 0.4 0.690844 0.386471 313 161 505 148 312 281 554 266 400 110 1.13417 397 505 3.10411
80.9325 0.562239 0.366814 196 -332 0 0.4 0.690844 0.386871 313 161 505 148 313 281 554 266 400 111 1.13985 397 506 3.1166
80.9992 0.562239 0.368357 196 -342 0 0.4 0.690844 0.387271 313 161 505 148 312 281 554 266 401 110 1.08084 397 506 3.1166
81.0658 0.562239 0.368357 196 -342 0 0.4 0.690844 0.387671 313 161 506 148 312 281 554 266 401 111 1.08084 397 506 3.1166
81.1325 0.562239 0.368357 196 -342 0 0.4 0.690844 0.388071 314 161 507 148 313 281 554 266 402 111 1.05786 397 505 3.10457
81.1991 0.562239 0.368357 197 -312 0 0.4 0.690844 0.388471 314 161 507 148 313 281 554 266 402 111 1.05786 397 505 3.10457
81.2658 0.562239 0.368357 197 -312 0 0.4 0.690844 0.388871 314 162 507 148 312 281 554 266 402 111 1.05786 397 506 3.1166
81.3325 0.562239 0.368357 197 -312 0 0.4 0.690844 0.389271 314 161 507 148 312 281 555 266 403 111 1.07064 396 506 3.12894
81.3992 0.561982 0.370927 197 -322 0 0.4 0.690844 0.389671 314 162 508 147 312 281 555 266 403 111 1.06752 397 505 3.1166
81.4658 0.561982 0.370927 197 -322 0 0.4 0.690844 0.390071 315 162 508 148 312 281 555 266 404 111 1.06173 397 506 3.1166
81.5325 0.561982 0.370927 197 -322 0 0.4 0.690844 0.390471 315 161 508 148 312 281 555 266 404 111 1.0657 397 505 3.10411
81.5991 0.561982 0.37247 197 -334 0 0.4 0.690844 0.390871 315 162 509 147 312 281 556 266 404 112 1.07064 397 505 3.10411
81.6658 0.561982 0.37247 197 -334 0 0.4 0.690844 0.391271 315 162 509 147 312 281 556 266 404 111 1.0657 397 505 3.10411
81.7325 0.561982 0.37247 197 -334 0 0.4 0.690844 0.391671 315 162 510 147 312 281 556 266 404 112 1.0657 397 505 3.1166
81.7991 0.562239 0.372727 198 -349 0 0.4 0.690844 0.392071 316 162 510 147 312 281 556 266 405 111 1.05673 397 505 3.12909
81.8658 0.562239 0.372727 198 -349 0 0.4 0.690844 0.392471 316 162 510 147 312 281 556 266 405 111 1.07064 397 506 3.1166
81.9325 0.561982 0.374012 197 -335 0 0.4 0.690844 0.392871 316 162 510 147 312 281 556 266 406 112 1.03552 397 506 3.1166
81.9991 0.561982 0.374012 197 -335 0 0.4 0.690844 0.393271 316 162 510 147 312 281 557 266 406 112 1.04121 397 506 3.1166
82.0658 0.561982 0.374012 197 -335 0 0.4 0.690844 0.393671 317 162 511 147 312 281 557 266 406 111 1.0657 397 505 3.10411
82.1325 0.562239 0.374269 197 -339 0 0.4 0.690844 0.394071 317 162 511 147 312 281 557 266 406 111 1.01849 397 505 3.12909
82.1991 0.562239 0.374269 197 -339 0 0.4 0.690844 0.394471 317 162 511 147 312 281 557 266 407 112 1.03038 397 506 3.1166
82.2658 0.562239 0.374269 197 -339 0 0.4 0.690844 0.394871 317 162 511 147 312 281 557 266 406 111 1.02675 397 506 3.1166
82.3325 0.562239 0.375811 196 -339 0 0.4 0.690844 0.395271 317 162 512 146 312 281 558 266 407 111 1.05673 397 506 3.1166
82.3991 0.562239 0.375811 196 -339 0 0.4 0.690844 0.395671 318 162 512 146 312 281 558 266 408 111 1.01111 397 505 3.10411
82.4658 0.562239 0.375811 196 -339 0 0.4 0.690844 0.396071 318 163 512 146 312 281 558 266 408 112 1.00565 397 506 3.1166
82.5325 0.561982 0.377868 196 -339 0 0.4 0.690844 0.396471 318 163 512 146 312 281 558 265 408 112 1.00565 397 506 3.1166
82.5992 0.561982 0.377868 196 -339 0 0.4 0.690844 0.396871 318 163 513 146 312 281 558 266 408 112 1.01439 397 505 3.10411
82.6658 0.561982 0.377868 196 -339 0 0.4 0.690844 0.397271 318 163 513 146 312 281 559 265 410 113 0.965894 397 505 3.10411
82.7325 0.561982 0.378125 198 -355 0 0.4 0.690844 0.397671 319 163 514 146 312 281 559 266 409 111 1.00008 397 506 3.1166
82.7992 0.561982 0.378125 198 -355 0 0.4 0.690844 0.398071 319 163 514 146 312 281 559 266 409 112 1.00887 397 506 3.1166
82.8658 0.561982 0.378125 198 -355 0 0.4 0.690844 0.398471 319 163 514 146 312 281 559 265 409 112 1.01439 397 506 3.1166
82.9325 0.561982 0.379667 198 -344 0 0.4 0.690844 0.398871 319 163 514 146 312 281 559 266 411 112 0.971621 397 505 3.10411
82.9992 0.561982 0.379667 198 -344 0 0.4 0.690844 0.399271 320 163 515 146 312 281 559 266 410 112 0.994421 397 505 3.10411
83.0658 0.561982 0.379667 198 -344 0 0.4 0.690844 0.399671 320 164 515 146 312 281 559 265 411 113 0.971621 397 505 3.10411
83.1325 0.561982 0.379667 198 -349 0 0.4 0.690844 0.400071 320 164 515 146 312 281 559 265 411 112 0.945774 397 505 3.10411
83.1991 0.561982 0.379667 198 -349 0 0.4 0.690844 0.400471 320 164 515 146 312 281 560 265 412 112 0.957589 397 506 3.1166
83.2658 0.561982 0.379667 198 -349 0 0.4 0.690844 0.400871 320 164 516 146 312 281 560 266 412 112 0.963352 397 506 3.1166
83.3325 0.561982 0.380952 199 -371 0 0.4 0.690844 0.401271 320 164 516 146 312 281 560 266 412 112 0.939717 397 505 3.10411
83.3991 0.561982 0.380952 199 -371 0 0.4 0.690844 0.401671 320 163 516 146 312 281 560 266 412 112 0.945774 397 505 3.1166
83.4658 0.561982 0.380952 199 -371 0 0.4 0.690844 0.402071 321 164 516 145 312 281 560 266 412 113 0.939717 397 506 3.1166
83.5325 0.561982 0.382495 198 -364 0 0.4 0.690844 0.402471 321 163 517 145 312 281 560 265 412 112 0.965894 397 506 3.1166
83.5992 0.561982 0.382495 198 -364 0 0.4 0.690844 0.402871 321 164 517 145 312 281 561 265 414 113 0.907096 397 506 3.1166
83.6658 0.561982 0.382495 198 -364 0 0.4 0.690844 0.403271 321 164 517 145 312 281 561 265 414 113 0.905386 397 506 3.1166
83.7325 0.561982 0.382495 197 -353 0 0.4 0.690844 0.403671 321 164 517 145 312 281 561 265 413 112 0.96007 397 505 3.12909
83.7991 0.561982 0.382495 197 -353 0 0.4 0.690844 0.404071 322 164 517 145 312 281 561 266 413 112 0.965894 397 506 3.1166
83.8658 0.561982 0.382495 197 -353 0 0.4 0.690844 0.404471 322 164 518 145 312 281 561 265 414 113 0.891383 397 505 3.10411
83.9325 0.561982 0.384808 198 -356 0 0.4 0.690844 0.404871 323 164 518 145 312 281 561 265 415 113 0.935343 397 505 3.10411
83.9991 0.561982 0.384808 198 -356 0 0.4 0.690844 0.405271 323 164 519 145 312 281 562 265 415 113 0.885067 397 506 3.1166
84.0658 0.561982 0.384808 198 -356 0 0.4 0.690844 0.405671 323 164 519 145 312 281 562 265 415 113 0.910665 397 506 3.1166
84.1325 0.561982 0.38635 197 -352 0 0.4 0.690844 0.406071 323 164 519 145 312 281 562 265 415 113 0.95173 397 506 3.1166
84.1992 0.561982 0.38635 197 -352 0 0.4 0.690844 0.406471 324 165 519 145 312 281 562 265 416 113 0.910665 397 506 3.1166
84.2658 0.561982 0.38635 199 -374 0 0.4 0.690844 0.406871 324 164 520 145 312 281 562 265 416 113 0.937499 397 505 3.10411
84.3325 0.561982 0.38635 199 -374 0 0.4 0.690844 0.407271 324 164 520 145 312 281 562 265 416 113 0.937499 397 505 3.10411
84.3991 0.561982 0.38635 199 -374 0 0.4 0.690844 0.407671 324 164 520 145 312 281 563 265 416 113 0.923205 397 506 3.1166
84.4658 0.561982 0.387636 197 -361 0 0.4 0.690844 0.408071 324 165 520 145 312 281 563 265 417 113 0.902507 397 505 3.10411
84.5325 0.561982 0.387636 197 -361 0 0.4 0.690844 0.408471 324 165 520 145 312 281 563 265 417 113 0.902507 396 506 3.12894
84.5991 0.561982 0.387636 197 -361 0 0.4 0.690844 0.408871 324 165 521 144 312 281 563 265 417 113 0.902507 397 506 3.1166
84.6658 0.561982 0.387893 199 -351 0 0.4 0.690844 0.409271 324 165 521 144 312 281 563 265 419 114 0.855705 397 506 3.1166
84.7325 0.561982 0.387893 199 -351 0 0.4 0.690844 0.409671 325 165 521 144 312 281 563 265 419 114 0.863255 397 506 3.1166
84.7991 0.561982 0.387893 199 -351 0 0.4 0.690844 0.410071 325 166 522 144 312 281 564 265 418 114 0.89919 396 506 3.12894
84.8658 0.561982 0.390206 199 -353 0 0.4 0.690844 0.410471 325 165 522 144 311 281 564 265 418 114 0.872137 397 506 3.1166
84.9325 0.561982 0.390206 199 -353 0 0.4 0.690844 0.410871 326 166 523 144 311 281 564 265 419 113 0.872137 396 506 3.12894
84.9991 0.561982 0.390206 199 -353 0 0.4 0.690844 0.411271 326 166 523 144 311 281 564 265 420 114 0.86437 397 506 3.1166
85.0658 0.561982 0.392006 198 -342 0 0.4 0.690844 0.411671 326 166 523 144 311 281 564 265 420 114 0.86437 397 506 3.10364
85.1325 0.561982 0.392006 198 -342 0 0.4 0.690844 0.412071 327 166 524 144 311 281 565 265 420 114 0.86437 397 506 3.10364
85.1991 0.561982 0.392006 198 -342 0 0.4 0.690844 0.412471 327 166 524 144 312 281 565 265 420 114 0.86437 397 506 3.1166
85.2658 0.561982 0.392777 197 -342 0 0.4 0.690844 0.412871 327 166 525 144 311 281 566 265 420 114 0.86437 397 506 3.1166
85.3325 0.561982 0.392777 197 -342 0 0.4 0.690844 0.413271 327 166 525 144 312 281 565 265 423 115 0.727492 397 506 3.1166
85.3991 0.561982 0.394576 199 -348 0 0.4 0.690844 0.413671 328 167 525 144 311 281 566 265 423 115 0.728317 397 506 3.1166
85.4658 0.561982 0.394576 199 -348 0 0.4 0.690844 0.414071 328 167 526 144 311 281 566 264 424 115 0.72074 397 506 3.1166
85.5325 0.561982 0.394576 199 -348 0 0.4 0.690844 0.414471 328 167 526 143 311 281 566 265 424 115 0.714091 397 506 3.1166
85.5991 0.561982 0.394576 197 -345 0 0.4 0.690844 0.414871 329 167 526 143 311 281 567 265 424 115 0.706426 397 506 3.1166
85.6658 0.561982 0.394576 197 -345 0 0.4 0.690844 0.415271 329 167 526 143 311 281 567 265 425 115 0.707542 396 506 3.12894
85.7325 0.561982 0.394576 197 -345 0 0.4 0.690844 0.415671 329 167 527 143 311 281 567 264 425 115 0.707542 396 506 3.12894
85.7992 0.561982 0.396118 198 -356 0 0.4 0.690844 0.416071 329 167 527 143 311 281 567 264 425 115 0.707542 396 506 3.12894
85.8658 0.561982 0.396118 198 -356 0 0.4 0.690844 0.416471 330 167 527 143 311 281 567 264 426 116 0.661942 397 506 3.1166
85.9325 0.561982 0.396118 198 -356 0 0.4 0.690844 0.416871 330 167 528 143 311 281 567 265 426 116 0.661942 396 506 3.12894
85.9991 0.561982 0.397661 198 -341 0 0.4 0.690844 0.417271 330 167 528 143 311 281 568 265 426 116 0.661942 397 506 3.1166
86.0658 0.561982 0.397661 198 -341 0 0.4 0.690844 0.417671 330 168 528 143 312 281 568 265 426 115 0.68573 397 506 3.1166
86.1325 0.561982 0.397661 198 -341 0 0.4 0.690844 0.418071 331 168 529 143 312 281 568 264 428 116 0.661942 397 506 3.11628
86.1991 0.561982 0.398689 199 -339 0 0.4 0.690844 0.418471 331 168 530 143 312 281 568 265 428 116 0.62953 397 506 3.1166
86.2658 0.561982 0.398689 199 -339 0 0.4 0.690844 0.418871 331 168 530 143 312 281 568 265 428 116 0.643501 397 506 3.1166
86.3325 0.561982 0.398689 199 -339 0 0.4 0.690844 0.419271 332 168 530 143 312 281 568 265 429 117 0.627308 397 506 3.1166
86.3992 0.561982 0.399974 199 -343 0 0.4 0.690844 0.419671 332 168 530 143 311 281 569 265 429 116 0.62953 397 506 3.1166
86.4658 0.561982 0.399974 199 -343 0 0.4 0.690844 0.420071 332 169 531 143 311 281 569 264 430 117 0.604902 396 506 3.12894
86.5325 0.561982 0.399974 199 -343 0 0.4 0.690844 0.420471 333 169 531 143 311 281 569 264 429 117 0.65381 397 505 3.10411
86.5991 0.561982 0.400231 199 -348 0 0.4 0.690844 0.420871 333 169 531 143 311 281 569 264 430 118 0.616648 397 506 3.1166
86.6658 0.561982 0.400231 199 -348 0 0.4 0.690844 0.421271 333 169 532 142 311 281 570 265 430 117 0.64987 397 506 3.10364
86.7325 0.561982 0.400231 199 -348 0 0.4 0.690844 0.421671 333 169 532 143 311 281 569 264 431 117 0.604902 396 506 3.12894
86.7992 0.561982 0.401517 199 -351 0 0.4 0.690844 0.422071 334 169 532 143 311 281 570 265 431 118 0.604902 397 506 3.1166
86.8658 0.561982 0.401517 199 -351 0 0.4 0.690844 0.422471 334 169 532 142 311 281 570 265 432 117 0.590812 397 505 3.10411
86.9325 0.561982 0.403316 199 -345 0 0.4 0.690844 0.422871 334 169 533 142 311 281 570 265 432 117 0.590812 397 505 3.12909
86.9992 0.561982 0.403316 199 -345 0 0.4 0.690844 0.423271 334 169 532 142 311 281 570 265 432 117 0.590812 397 506 3.10364
87.0658 0.561982 0.403316 199 -345 0 0.4 0.690844 0.423671 335 170 533 142 311 281 571 264 433 118 0.552303 397 506 3.10364
87.1325 0.561982 0.40383 197 -345 0 0.4 0.690844 0.424071 335 170 534 142 311 281 571 265 433 118 0.576375 397 506 3.091
87.1991 0.561982 0.40383 197 -345 0 0.4 0.690844 0.424471 335 170 534 142 311 281 571 265 434 118 0.552303 397 506 3.1166
87.2658 0.561982 0.40383 197 -345 0 0.4 0.690844 0.424871 335 170 534 142 311 281 571 265 433 118 0.582353 397 506 3.1166
87.3325 0.561982 0.405629 199 -348 0 0.4 0.690844 0.425271 335 170 534 142 311 281 571 265 434 118 0.561922 397 506 3.1166
87.3991 0.561982 0.405629 199 -348 0 0.4 0.690844 0.425671 336 171 535 142 311 281 572 264 434 119 0.554307 397 506 3.1166
87.4658 0.561982 0.405629 199 -348 0 0.4 0.690844 0.426071 336 171 535 142 311 281 572 264 435 119 0.517893 397 506 3.1166
87.5325 0.561982 0.405887 198 -343 0 0.4 0.690844 0.426471 336 171 535 142 311 281 572 264 435 119 0.531724 397 506 3.1166
87.5992 0.561982 0.405887 198 -343 0 0.4 0.690844 0.426871 336 171 535 142 311 281 572 265 435 119 0.531724 397 506 3.1166
87.6658 0.561982 0.405887 198 -343 0 0.4 0.690844 0.427271 336 171 535 142 311 281 572 265 436 119 0.517893 397 506 3.1166
87.7325 0.561982 0.407172 198 -346 0 0.4 0.690844 0.427671 337 172 536 142 310 282 572 265 436 119 0.504166 397 506 3.10364
87.7991 0.561982 0.407172 198 -346 0 0.4 0.690844 0.428071 337 172 536 142 310 282 573 264 437 119 0.500161 397 506 3.1166
87.8658 0.561982 0.407172 198 -346 0 0.4 0.690844 0.428471 337 172 536 142 310 282 573 264 437 120 0.499347 396 506 3.12894
87.9325 0.561982 0.408971 199 -355 0 0.4 0.690844 0.428871 337 172 537 142 310 282 573 264 437 119 0.490547 397 506 3.1166
87.9991 0.561982 0.408971 199 -355 0 0.4 0.690844 0.429271 338 172 537 142 310 282 573 265 438 120 0.486371 397 506 3.1166
88.0658 0.561982 0.408971 199 -355 0 0.4 0.690844 0.429671 338 172 537 142 310 282 573 265 437 120 0.495311 397 506 3.1166
88.1325 0.561982 0.408971 199 -358 0 0.4 0.690844 0.430071 338 172 538 141 310 282 573 265 438 120 0.477345 397 506 3.1166
88.1991 0.561982 0.408971 199 -358 0 0.4 0.690844 0.430471 338 172 538 141 310 282 573 265 438 120 0.477345 397 506 3.1166
88.2658 0.561982 0.408971 199 -358 0 0.4 0.690844 0.430871 338 172 538 142 310 282 573 264 439 120 0.472697 397 506 3.1166
88.3325 0.561982 0.411028 198 -347 0 0.4 0.690844 0.431271 339 173 539 142 310 282 574 264 440 120 0.445712 397 506 3.1166
88.3991 0.561982 0.411028 198 -347 0 0.4 0.690844 0.431672 339 173 539 142 310 282 574 264 440 120 0.445712 397 506 3.1166
88.4658 0.561982 0.411028 198 -347 0 0.4 0.690844 0.432072 340 173 539 142 310 282 574 265 440 121 0.427464 397 506 3.1166
88.5325 0.561982 0.411285 199 -338 0 0.4 0.690844 0.432472 340 173 539 142 310 282 574 265 440 121 0.440924 397 506 3.1166
88.5992 0.561982 0.411285 199 -338 0 0.4 0.690844 0.432872 340 174 539 142 310 282 574 264 441 121 0.441429 397 506 3.1166
88.6658 0.561982 0.411285 199 -338 0 0.4 0.690844 0.433272 341 174 540 141 310 282 575 264 442 122 0.410127 397 506 3.1166
88.7325 0.561982 0.413598 199 -338 0 0.4 0.690844 0.433672 341 174 540 141 310 282 575 264 442 122 0.410127 397 506 3.1166
88.7992 0.561982 0.413598 199 -338 0 0.4 0.690844 0.434072 341 174 541 141 310 282 575 264 443 121 0.40095 396 506 3.12894
88.8658 0.561982 0.413598 199 -338 0 0.4 0.690844 0.434472 342 174 541 141 310 282 575 264 442 122 0.413 397 506 3.1166
88.9325 0.561982 0.41514 199 -340 0 0.4 0.690844 0.434872 341 175 541 141 310 282 575 264 443 122 0.427464 397 506 3.10364
88.9991 0.561982 0.41514 199 -340 0 0.4 0.690844 0.435272 342 175 541 141 310 282 576 264 443 122 0.390048 397 506 3.10364
89.0658 0.561982 0.41514 199 -349 0 0.4 0.690844 0.435672 342 175 541 141 310 282 575 264 443 122 0.386177 397 506 3.1166
89.1325 0.561982 0.41514 199 -349 0 0.4 0.690844 0.436072 342 175 541 141 310 282 576 264 443 122 0.386177 397 506 3.10364
89.1992 0.561982 0.41514 199 -349 0 0.4 0.690844 0.436472 342 175 541 141 310 282 576 264 443 122 0.386177 397 506 3.10364
89.2658 0.561982 0.41694 199 -346 0 0.4 0.690844 0.436872 343 175 542 141 310 282 576 264 444 123 0.369334 397 506 3.1166
89.3325 0.561982 0.41694 199 -346 0 0.4 0.690844 0.437272 343 175 542 141 310 282 576 264 445 123 0.350497 396 506 3.12894
89.3991 0.561982 0.41694 199 -346 0 0.4 0.690844 0.437672 343 176 542 141 310 282 576 264 445 123 0.353997 396 506 3.12894
89.4658 0.561982 0.418482 199 -340 0 0.4 0.690844 0.438072 343 175 542 141 310 282 576 264 445 123 0.350497 397 506 3.1166
89.5325 0.561982 0.418482 199 -340 0 0.4 0.690844 0.438472 344 176 543 141 310 282 576 264 445 123 0.350497 397 506 3.10364
89.5991 0.561982 0.418482 199 -340 0 0.4 0.690844 0.438872 344 176 543 141 310 282 577 264 446 123 0.363527 396 506 3.12894
89.6658 0.561982 0.419253 199 -340 0 0.4 0.690844 0.439272 345 177 544 141 310 282 577 264 447 124 0.305879 397 506 3.1166
89.7325 0.561982 0.419253 199 -340 0 0.4 0.690844 0.439672 345 177 544 141 310 282 577 264 447 124 0.318556 397 506 3.1166
89.7991 0.561982 0.419253 199 -340 0 0.4 0.690844 0.440072 345 176 544 141 310 282 577 264 448 124 0.305879 397 506 3.10364
89.8658 0.561982 0.421567 199 -329 0 0.4 0.690844 0.440472 345 176 544 141 310 282 577 264 448 124 0.302272 397 506 3.1166
89.9325 0.561982 0.421567 199 -329 0 0.4 0.690844 0.440872 346 177 545 141 310 282 578 264 449 125 0.274167 397 506 3.10364
89.9991 0.561982 0.421567 199 -329 0 0.4 0.690844 0.441272 347 178 545 141 310 282 578 264 450 125 0.244979 397 506 3.1166
90.0658 0.561982 0.421567 199 -338 0 0.4 0.690844 0.441672 346 178 545 141 310 282 578 264 449 126 0.267143 397 506 3.1166
90.1325 0.561982 0.421567 199 -338 0 0.4 0.690844 0.442072 346 179 545 141 310 282 578 264 449 126 0.257324 396 506 3.12894
90.1991 0.561982 0.421567 199 -338 0 0.4 0.690844 0.442472 346 179 545 141 310 282 578 264 449 126 0.242551 397 506 3.1166
90.2658 0.561982 0.423109 199 -331 0 0.4 0.690844 0.442872 347 179 546 141 309 282 578 264 450 127 0.235151 397 506 3.1166
90.3325 0.561982 0.423109 199 -331 0 0.4 0.690844 0.443272 347 180 545 141 309 282 578 264 449 127 0.213205 397 506 3.1166
90.3991 0.561982 0.423109 199 -331 0 0.4 0.690844 0.443672 346 180 545 141 308 283 578 264 449 127 0.223031 397 506 3.1166
90.4658 0.561982 0.424908 198 -319 0 0.4 0.690844 0.444072 346 181 545 141 308 283 578 264 449 128 0.191502 397 505 3.12909
90.5325 0.561982 0.424908 198 -319 0 0.4 0.690844 0.444472 346 181 545 141 307 283 578 264 450 128 0.18348 396 506 3.12894
90.5992 0.561982 0.424908 198 -319 0 0.4 0.690844 0.444872 347 182 545 141 307 283 578 264 451 130 0.161837 397 506 3.1166
90.6658 0.561982 0.425937 199 -319 0 0.4 0.690844 0.445272 347 183 545 141 307 283 578 264 450 129 0.161837 397 506 3.1166
90.7325 0.561982 0.425937 199 -319 0 0.4 0.690844 0.445672 346 183 545 141 306 284 578 264 450 130 0.153424 397 505 3.10411
90.7991 0.561982 0.425937 199 -319 0 0.4 0.690844 0.446072 346 183 545 141 306 284 578 264 449 130 0.156602 397 506 3.1166
90.8658 0.561982 0.427736 198 -320 0 0.4 0.690844 0.446472 347 184 545 141 306 284 578 264 451 131 0.144812 397 505 3.10411
90.9325 0.561982 0.427736 198 -320 0 0.4 0.690844 0.446872 347 184 545 141 306 284 578 264 450 131 0.114086 397 506 3.1166
90.9992 0.561982 0.427993 199 -328 0 0.4 0.690844 0.447272 347 185 545 141 305 284 578 264 451 131 0.101689 396 506 3.12894
91.0658 0.561982 0.427993 199 -328 0 0.4 0.690844 0.447672 347 185 545 140 305 284 577 264 450 132 0.120624 397 506 3.1166
91.1325 0.561982 0.427993 199 -328 0 0.4 0.690844 0.448072 347 185 545 141 305 284 578 264 450 133 0.0925186 397 506 3.1166
91.1991 0.561982 0.430307 199 -315 0 0.4 0.690844 0.448472 347 186 545 141 305 284 578 264 451 133 0.0720401 397 505 3.10411
91.2658 0.561982 0.430307 199 -315 0 0.4 0.690844 0.448872 347 187 545 141 304 284 578 264 450 133 0.0720401 397 506 3.1166
91.3325 0.561982 0.430307 199 -315 0 0.4 0.690844 0.449272 347 187 545 140 304 285 577 264 451 134 0.0504622 397 505 3.10411
91.3992 0.561982 0.431592 199 -310 0 0.4 0.690844 0.449672 347 188 545 141 304 285 577 264 450 134 0.0504622 397 506 3.1166
91.4658 0.561982 0.431592 199 -310 0 0.4 0.690844 0.450072 347 188 545 140 303 285 577 264 452 135 0.0407937 397 506 3.1166
91.5325 0.561982 0.431592 199 -310 0 0.4 0.690844 0.450472 347 189 545 140 303 285 577 264 451 136 0.030918 397 505 3.10411
91.5991 0.561982 0.432106 199 -264 0 0.4 0.690844 0.450872 347 190 544 141 302 285 577 264 451 137 0.0208303 397 505 3.10411
91.6658 0.561982 0.432106 199 -264 0 0.4 0.690844 0.451272 347 190 544 141 302 286 577 264 451 137 6.22141 397 505 3.10411
91.7325 0.561982 0.432106 199 -264 0 0.4 0.690844 0.451672 347 191 544 141 302 286 577 264 452 138 6.20173 397 505 3.10411
91.7991 0.561982 0.435705 199 -270 0 0.4 0.690844 0.452072 348 193 545 140 301 286 577 264 453 139 6.1513 397 505 3.10457
91.8658 0.561982 0.435705 199 -270 0 0.4 0.690844 0.452472 348 194 544 141 300 287 577 264 452 140 6.1313 397 506 3.11691
91.9325 0.561982 0.435705 199 -270 0 0.4 0.690844 0.452872 347 196 543 141 298 287 577 264 452 142 6.11459 397 506 3.11691
