46.0655 0.490778 0.329028 160 -141 0.2 -0.2 0.617303 0.334381 409 140 595 136 389 262 605 263 504 97 5.72678 398 504 3.15409
46.1321 0.490778 0.329028 159 -140 0.2 -0.2 0.617503 0.334181 409 140 595 136 389 262 605 263 505 97 5.72678 398 504 3.12894
46.1988 0.490778 0.329028 159 -140 0.2 -0.2 0.617703 0.333981 409 140 595 136 389 262 606 263 505 97 5.72678 398 504 3.12894
46.2655 0.490778 0.329028 159 -140 0.2 -0.2 0.617903 0.333781 409 140 595 136 389 262 606 263 504 97 5.72126 398 504 3.12894
46.3322 0.490778 0.329028 157 -140 0.2 -0.2 0.618103 0.333581 409 140 596 136 389 262 606 263 504 97 5.72126 398 504 3.15409
46.3988 0.490778 0.329028 157 -140 0.2 -0.2 0.618303 0.333381 409 140 595 136 389 262 605 263 504 97 5.72678 398 504 3.12894
46.4655 0.490778 0.329028 157 -140 0.2 -0.2 0.618503 0.333181 409 140 595 136 389 262 605 263 504 97 5.72678 398 504 3.12894
46.5322 0.490778 0.329028 137 -140 0.2 -0.2 0.618703 0.332981 409 140 595 136 389 262 606 263 504 97 5.72126 398 504 3.12894
46.5988 0.490778 0.329028 137 -140 0.2 -0.2 0.618903 0.332781 409 140 596 136 389 262 606 263 504 97 5.72126 398 504 3.12894
46.6655 0.490778 0.329028 137 -140 0.2 -0.2 0.619103 0.332581 409 140 596 136 389 262 606 263 504 97 5.72678 398 504 3.15409
46.7321 0.491806 0.329028 148 -123 0.2 -0.2 0.619303 0.332381 409 140 595 136 389 262 605 263 504 97 5.72678 398 504 3.12894
46.7988 0.491806 0.329028 148 -123 0.2 -0.2 0.619503 0.332181 409 140 596 136 389 262 605 263 504 97 5.72678 398 504 3.19283
46.8655 0.491806 0.329028 148 -123 0.2 -0.2 0.619703 0.331981 409 140 595 136 389 262 605 263 504 97 5.72678 398 504 3.12894
46.9322 0.492321 0.329028 151 -121 0.2 -0.2 0.619903 0.331781 409 140 595 136 389 262 605 263 504 97 5.72678 398 504 3.12894
46.9988 0.492321 0.329028 151 -121 0.2 -0.2 0.620103 0.331581 409 140 595 136 389 262 605 263 504 97 5.72678 398 504 3.12894
47.0655 0.492321 0.329028 151 -121 0.2 -0.2 0.620303 0.331381 409 140 595 136 389 262 605 263 504 97 5.71804 397 504 3.14159
47.1322 0.492835 0.329028 151 -98 0.2 -0.2 0.620503 0.331181 409 140 595 136 389 262 605 263 504 97 5.72678 398 504 3.19283
47.1988 0.492835 0.329028 151 -98 0.2 -0.2 0.620703 0.330981 409 140 595 136 389 262 605 263 504 97 5.71804 397 504 3.14159
47.2655 0.492835 0.329028 151 -98 0.2 -0.2 0.620903 0.330781 409 140 595 136 389 262 605 263 504 97 5.72126 398 504 3.12894
47.3321 0.493606 0.329028 166 -75 0.2 -0.2 0.621103 0.330581 409 140 595 136 389 262 605 263 504 97 5.71247 398 504 3.12894
47.3988 0.493606 0.329028 166 -75 0.2 -0.2 0.621303 0.330381 409 140 595 136 389 262 605 263 504 96 5.72126 398 504 3.12894
47.4655 0.493349 0.329028 143 -74 0.2 -0.2 0.621503 0.330181 409 140 595 136 389 262 605 263 504 96 5.72126 398 504 3.14159
47.5321 0.493349 0.329028 143 -74 0.2 -0.2 0.621703 0.329981 409 140 595 136 389 262 605 263 504 96 5.72126 398 504 3.12894
47.5988 0.493349 0.329028 143 -74 0.2 -0.2 0.621903 0.329781 409 140 595 136 389 262 605 263 504 96 5.72126 398 504 3.11596
47.6655 0.494377 0.329028 158 -57 0.2 -0.2 0.622103 0.329581 409 140 595 136 389 262 605 263 504 96 5.72126 398 504 3.12894
47.7321 0.494377 0.329028 158 -57 0.2 -0.2 0.622303 0.329381 409 140 595 136 389 262 605 263 504 96 5.72126 398 504 3.12894
47.7988 0.494377 0.329028 158 -57 0.2 -0.2 0.622503 0.329181 409 140 595 136 389 262 606 263 504 97 5.75146 398 504 3.15409
47.8655 0.494891 0.329028 170 -57 0.2 -0.2 0.622703 0.328981 409 140 595 136 389 262 605 263 505 97 5.74627 398 504 3.12894
47.9321 0.494891 0.329028 170 -57 0.2 -0.2 0.622903 0.328781 409 140 595 136 389 262 605 263 504 96 5.72678 398 504 3.12894
47.9988 0.494891 0.329028 170 -57 0.2 -0.2 0.623103 0.328581 409 140 595 136 389 262 605 263 504 96 5.72126 398 504 3.12894
48.0655 0.494891 0.328514 174 -43 0.2 -0.2 0.623303 0.328381 409 140 595 136 389 262 605 263 504 96 5.71247 398 504 3.12894
48.1321 0.494891 0.328514 174 -43 0.2 -0.2 0.623503 0.328181 409 140 595 136 389 262 605 263 504 97 5.77306 398 504 3.12894
48.1988 0.494891 0.328514 174 -43 0.2 -0.2 0.623703 0.327981 409 140 595 136 389 262 605 263 504 97 5.77306 398 504 3.15409
48.2655 0.495919 0.328514 171 -51 0.2 -0.2 0.623903 0.327781 409 140 595 136 389 262 605 263 504 97 5.76794 398 504 3.15409
48.3321 0.495919 0.328514 171 -51 0.2 -0.2 0.624103 0.327581 409 140 595 136 389 262 605 263 503 97 5.73562 398 504 3.14159
48.3988 0.495919 0.328514 171 -51 0.2 -0.2 0.624303 0.327381 408 140 595 136 389 262 605 263 503 97 5.72678 398 504 3.14159
48.4655 0.495919 0.327742 172 -39 0.2 -0.2 0.624502 0.327181 408 140 595 136 389 262 605 263 504 97 5.74627 398 504 3.12894
48.5321 0.495919 0.327742 172 -39 0.2 -0.2 0.624702 0.326981 408 140 594 136 389 262 605 263 503 97 5.71804 398 504 3.12894
48.5988 0.495919 0.327742 172 -39 0.2 -0.2 0.624902 0.326781 408 140 595 136 389 262 605 263 504 97 5.75511 397 504 3.12894
48.6655 0.496433 0.327228 184 -31 0.2 -0.2 0.625102 0.326581 408 140 595 136 389 262 605 263 503 97 5.77306 397 504 3.12894
48.7321 0.496433 0.327228 184 -31 0.2 -0.2 0.625302 0.326381 408 140 594 136 388 262 605 263 503 97 5.76794 397 504 3.12894
48.7988 0.496433 0.327228 184 -31 0.2 -0.2 0.625502 0.326181 408 140 594 136 388 262 606 263 503 97 5.75886 397 504 3.12894
48.8655 0.497462 0.326971 184 -36 0.2 -0.2 0.625702 0.325981 408 140 594 136 388 262 605 263 502 97 5.73914 398 504 3.14159
48.9321 0.497462 0.326971 184 -36 0.2 -0.2 0.625902 0.325781 408 140 594 136 388 262 605 263 502 97 5.71804 397 504 3.12894
48.9988 0.497462 0.326457 181 -28 0.2 -0.2 0.626102 0.325581 407 140 594 136 388 262 605 263 503 97 5.75511 398 504 3.11596
49.0655 0.497462 0.326457 181 -28 0.2 -0.2 0.626302 0.325381 407 140 594 136 388 262 605 263 503 97 5.75511 397 504 3.12894
49.1321 0.497462 0.326457 181 -28 0.2 -0.2 0.626502 0.325181 407 140 594 136 388 262 605 263 502 97 5.76025 397 504 3.12894
49.1988 0.497719 0.326457 199 -35 0.2 -0.2 0.626702 0.324981 407 140 594 136 388 262 605 263 502 97 5.76025 397 504 3.12894
49.2655 0.497719 0.326457 199 -35 0.2 -0.2 0.626902 0.324781 407 140 594 136 388 262 605 263 502 97 5.76025 397 504 3.12894
49.3321 0.497719 0.326457 199 -35 0.2 -0.2 0.627102 0.324581 407 140 593 136 388 262 605 263 502 98 5.74627 397 504 3.12894
49.3988 0.497719 0.325429 173 -27 0.2 -0.2 0.627302 0.324381 407 140 593 136 388 262 604 263 502 97 5.75511 398 504 3.14159
49.4655 0.497719 0.325429 173 -27 0.2 -0.2 0.627502 0.324181 406 140 593 136 388 262 604 263 501 97 5.77306 397 504 3.12894
49.5322 0.497719 0.325429 173 -27 0.2 -0.2 0.627702 0.323981 406 140 593 136 387 262 604 263 501 97 5.77306 397 504 3.12894
49.5988 0.499004 0.324658 192 -27 0.2 -0.2 0.627902 0.323781 406 140 592 136 387 262 604 263 501 97 5.74627 397 504 3.12894
49.6655 0.499004 0.324658 192 -27 0.2 -0.2 0.628102 0.323581 405 140 592 136 387 262 604 263 500 97 5.77306 397 504 3.12894
49.7322 0.499004 0.324658 192 -27 0.2 -0.2 0.628302 0.323381 405 140 592 136 387 262 604 263 500 97 5.76794 397 504 3.12894
49.7988 0.499775 0.324658 190 -28 0.2 -0.2 0.628502 0.323181 405 140 591 136 387 262 604 263 499 97 5.75146 397 504 3.12894
49.8655 0.499775 0.324658 190 -28 0.2 -0.2 0.628702 0.322981 405 140 591 136 387 262 604 263 499 97 5.78714 397 504 3.12894
49.9321 0.499775 0.324658 190 -28 0.2 -0.2 0.628902 0.322781 404 140 590 136 385 261 603 262 498 97 5.78302 397 504 3.12894
49.9988 0.500032 0.32363 188 -28 0.2 -0.2 0.629102 0.322581 403 140 589 136 385 262 602 263 497 97 5.77809 397 504 3.12894
50.0655 0.500032 0.32363 188 -28 0.2 -0.2 0.629302 0.322381 402 140 589 136 385 262 603 263 497 97 5.76529 398 504 3.15425
50.1322 0.500032 0.32363 188 -28 0.2 -0.2 0.629502 0.322181 402 140 588 136 385 262 602 263 496 97 5.77809 397 504 3.12894
50.1988 0.501317 0.32363 185 -38 0.2 -0.2 0.629702 0.321981 401 140 588 136 384 262 602 262 496 97 5.76912 397 504 3.12894
50.2655 0.501317 0.32363 185 -38 0.2 -0.2 0.629902 0.321781 400 140 587 136 384 262 601 263 495 97 5.75656 397 504 3.12894
50.3322 0.501317 0.32363 185 -38 0.2 -0.2 0.630102 0.321581 400 140 586 136 384 262 601 263 494 97 5.76912 397 504 3.12894
50.3988 0.501317 0.322601 187 -27 0.2 -0.2 0.630302 0.321381 400 140 586 136 384 262 601 262 494 96 5.77809 397 504 3.12894
50.4655 0.501317 0.322601 187 -27 0.2 -0.2 0.630502 0.321181 399 140 586 136 383 262 601 262 493 97 5.78714 397 504 3.12894
50.5321 0.501317 0.322601 187 -27 0.2 -0.2 0.630702 0.320981 399 140 586 136 383 262 601 262 493 97 5.78714 397 504 3.12894
50.5988 0.501832 0.321573 189 -35 0.2 -0.2 0.630902 0.320781 398 140 585 136 383 262 600 263 492 96 5.78302 397 504 3.12894
50.6655 0.501832 0.321573 189 -35 0.2 -0.2 0.631102 0.320581 397 140 584 136 382 262 600 262 490 97 5.80584 397 504 3.12894
50.7321 0.502603 0.321573 183 -36 0.2 -0.2 0.631302 0.320381 397 140 584 136 382 262 599 263 491 97 5.78714 397 504 3.12894
50.7988 0.502603 0.321573 183 -36 0.2 -0.2 0.631502 0.320181 396 140 583 136 382 262 599 262 490 97 5.79629 397 504 3.12894
50.8655 0.502603 0.321573 183 -36 0.2 -0.2 0.631702 0.319981 396 140 583 136 381 262 599 262 490 97 5.78714 397 504 3.12894
50.9322 0.50286 0.320802 185 -28 0.2 -0.2 0.631901 0.319781 395 140 583 136 381 262 599 262 488 97 5.81495 397 504 3.12894
50.9988 0.50286 0.320802 185 -28 0.2 -0.2 0.632101 0.319581 395 140 583 136 381 262 599 262 488 97 5.82888 397 504 3.12894
51.0655 0.50286 0.320802 185 -28 0.2 -0.2 0.632301 0.319381 395 140 582 136 381 262 598 262 488 97 5.82415 397 504 3.12894
51.1321 0.503888 0.320802 181 -39 0.2 -0.2 0.632501 0.319181 394 140 582 136 380 262 598 262 487 97 5.82888 397 504 3.12894
51.2006 0.503888 0.320802 181 -39 0.2 -0.2 0.632701 0.318981 394 140 582 136 380 262 598 262 487 96 5.80584 397 504 3.12894
51.2655 0.503888 0.320802 181 -39 0.2 -0.2 0.632901 0.318781 394 140 580 136 380 262 597 262 485 97 5.81495 397 504 3.12894
51.3321 0.503888 0.319774 208 -27 0.2 -0.2 0.633101 0.318581 393 140 580 136 379 262 597 262 485 97 5.82888 397 504 3.12894
51.3988 0.503888 0.319774 208 -27 0.2 -0.2 0.633301 0.318381 393 140 580 136 379 262 597 262 485 97 5.84226 397 504 3.12894
51.4655 0.503888 0.319774 208 -27 0.2 -0.2 0.633501 0.318181 392 140 579 136 379 262 597 262 485 97 5.83747 397 504 3.12894
51.5322 0.504659 0.319003 190 -26 0.2 -0.2 0.633701 0.317981 392 140 579 136 378 262 596 262 484 97 5.82415 397 504 3.12894
51.5988 0.504659 0.319003 190 -26 0.2 -0.2 0.633901 0.317781 391 140 578 136 378 262 596 262 483 97 5.85149 397 504 3.12894
51.6655 0.504659 0.319003 190 -26 0.2 -0.2 0.634101 0.317581 391 140 578 136 378 262 596 262 483 97 5.83311 397 504 3.12894
51.7321 0.505687 0.318746 187 -28 0.2 -0.2 0.634301 0.317381 390 140 577 136 377 262 595 262 481 98 5.8608 397 504 3.12894
51.7988 0.505687 0.318746 187 -28 0.2 -0.2 0.634501 0.317181 390 140 577 136 377 262 595 262 482 97 5.84718 397 504 3.12894
51.8655 0.505687 0.318746 187 -28 0.2 -0.2 0.634701 0.316981 389 140 576 136 376 262 594 262 480 97 5.85149 397 504 3.12894
51.9322 0.505687 0.317974 184 -30 0.2 -0.2 0.634901 0.316781 388 140 575 136 376 262 594 262 480 97 5.85149 397 504 3.12894
51.9988 0.505687 0.317974 184 -30 0.2 -0.2 0.635101 0.316581 388 140 575 136 376 262 595 262 480 97 5.83747 397 504 3.12894
52.0655 0.505687 0.317974 184 -30 0.2 -0.2 0.635301 0.316381 387 140 574 136 376 262 594 262 478 97 5.85149 397 504 3.12894
52.1322 0.50723 0.317717 176 -35 0.2 -0.2 0.635501 0.316181 387 140 574 136 375 262 594 262 478 97 5.85149 397 504 3.12894
52.1989 0.50723 0.317717 176 -35 0.2 -0.2 0.635701 0.315981 386 140 573 136 374 263 593 262 477 97 5.85149 398 504 3.14159
52.2655 0.50723 0.316689 166 -26 0.2 -0.2 0.635901 0.315781 385 140 572 136 374 262 593 262 477 97 5.86602 397 504 3.12894
52.3321 0.50723 0.316689 166 -26 0.2 -0.2 0.636101 0.315581 385 140 572 136 374 262 593 262 476 97 5.85572 397 504 3.12894
52.3988 0.50723 0.316689 166 -26 0.2 -0.2 0.636301 0.315381 385 140 572 136 374 262 592 262 475 97 5.87019 397 504 3.12894
52.4655 0.508001 0.316432 179 -27 0.2 -0.2 0.636501 0.315181 385 140 571 136 374 262 592 262 475 97 5.87019 397 504 3.12894
52.5321 0.508001 0.316432 179 -27 0.2 -0.2 0.636701 0.314981 383 140 570 137 373 262 592 262 474 97 5.8608 397 504 3.12894
52.5988 0.508001 0.316432 179 -27 0.2 -0.2 0.636901 0.314781 383 140 570 136 373 263 591 262 474 97 5.85572 397 504 3.12894
52.6655 0.508772 0.316175 184 -27 0.2 -0.2 0.637101 0.314581 383 140 570 137 373 262 591 262 473 97 5.85572 397 504 3.12894
52.7322 0.508772 0.316175 184 -27 0.2 -0.2 0.637301 0.314381 382 140 569 137 373 262 591 262 473 97 5.87829 397 504 3.12894
52.7988 0.508772 0.316175 184 -27 0.2 -0.2 0.637501 0.314181 382 140 569 137 372 263 591 262 473 97 5.87306 397 504 3.12894
52.8655 0.508772 0.31489 183 -27 0.2 -0.2 0.637701 0.313981 381 140 568 137 371 262 590 262 471 97 5.87829 397 504 3.12894
52.9322 0.508772 0.31489 183 -27 0.2 -0.2 0.637901 0.313781 381 140 567 137 371 263 590 262 471 97 5.88224 398 504 3.14159
52.9988 0.508772 0.31489 183 -27 0.2 -0.2 0.638101 0.313581 380 140 566 137 371 263 589 262 470 97 5.89314 397 504 3.12894
53.0655 0.510057 0.31489 176 -33 0.2 -0.2 0.638301 0.313381 379 140 566 137 371 262 589 262 469 97 5.89701 397 504 3.12894
53.1321 0.510057 0.31489 176 -33 0.2 -0.2 0.638501 0.313181 379 140 566 137 370 263 589 262 469 98 5.89701 397 504 3.12894
53.1988 0.510057 0.31489 176 -33 0.2 -0.2 0.638701 0.312981 378 140 565 137 370 263 589 262 468 97 5.90081 397 504 3.12894
53.2655 0.510057 0.313862 163 -28 0.2 -0.2 0.638901 0.312781 378 140 565 137 370 263 588 262 467 97 5.89701 397 504 3.12894
53.3321 0.510057 0.313862 163 -28 0.2 -0.2 0.639101 0.312581 377 140 564 137 369 263 588 262 466 97 5.89701 397 504 3.12894
53.3988 0.510057 0.313862 163 -28 0.2 -0.2 0.639301 0.312381 377 140 563 137 369 263 588 262 466 98 5.90268 397 504 3.12894
53.4655 0.511342 0.31309 174 -27 0.2 -0.2 0.6395 0.312181 376 140 562 137 368 263 587 262 465 98 5.92919 397 504 3.12894
53.5322 0.511342 0.31309 174 -27 0.2 -0.2 0.6397 0.311981 375 140 562 137 368 263 587 262 465 98 5.89701 398 504 3.14159
53.5988 0.511342 0.31309 174 -27 0.2 -0.2 0.6399 0.311781 375 140 562 137 368 263 587 262 464 98 5.92919 397 504 3.12894
53.6655 0.511857 0.312833 177 -27 0.2 -0.2 0.6401 0.311581 374 140 561 137 368 263 586 262 463 98 5.92919 398 504 3.14159
53.7321 0.511857 0.312833 177 -27 0.2 -0.2 0.6403 0.311381 374 140 561 137 368 263 586 262 463 99 5.94504 397 504 3.12894
53.7988 0.512371 0.312062 172 -25 0.2 -0.2 0.6405 0.311181 374 141 560 137 367 263 586 262 462 98 5.92919 397 504 3.12894
53.8655 0.512371 0.312062 172 -25 0.2 -0.2 0.6407 0.310981 373 140 560 137 367 263 586 262 462 98 5.92919 397 504 3.12894
53.9321 0.512371 0.312062 172 -25 0.2 -0.2 0.6409 0.310781 373 140 560 137 367 263 586 262 462 98 5.92919 397 504 3.12894
53.9988 0.512628 0.312062 179 -15 0.2 -0.2 0.6411 0.310581 373 140 559 137 367 263 585 262 461 98 5.93878 397 504 3.12894
54.0655 0.512628 0.312062 179 -15 0.2 -0.2 0.6413 0.310381 373 140 559 137 366 263 585 262 461 98 5.93878 397 504 3.12894
54.1322 0.512628 0.312062 179 -15 0.2 -0.2 0.6415 0.310181 371 141 558 137 366 263 584 262 459 98 5.94504 398 504 3.14159
54.1988 0.512885 0.311291 146 -24 0.2 -0.2 0.6417 0.309981 371 140 558 137 365 264 584 262 459 98 5.92324 397 504 3.12894
54.2655 0.512885 0.311291 146 -24 0.2 -0.2 0.6419 0.309781 370 141 556 137 365 264 584 262 459 98 5.93174 397 504 3.12894
54.3321 0.512885 0.311291 146 -24 0.2 -0.2 0.6421 0.309581 369 141 556 137 364 263 583 262 459 98 5.92919 397 504 3.12894
54.3988 0.51417 0.31052 169 -27 0.2 -0.2 0.6423 0.309381 369 141 556 137 364 264 583 262 458 99 5.97783 397 504 3.12894
54.4655 0.51417 0.31052 169 -27 0.2 -0.2 0.6425 0.309181 368 141 555 137 364 264 583 262 456 99 5.98091 397 504 3.12894
54.5321 0.51417 0.31052 169 -27 0.2 -0.2 0.6427 0.308981 368 141 555 137 364 264 583 262 457 99 5.96463 398 504 3.14159
54.5988 0.514941 0.310263 169 -27 0.2 -0.2 0.6429 0.308781 367 141 554 138 363 264 582 262 456 99 5.98091 397 504 3.12894
54.6675 0.514941 0.310263 169 -27 0.2 -0.2 0.6431 0.308581 367 141 554 138 363 264 582 262 455 99 5.94221 397 504 3.12894
54.7322 0.514941 0.310263 169 -27 0.2 -0.2 0.6433 0.308381 367 141 554 138 363 264 582 262 454 99 5.98091 397 504 3.12894
54.7989 0.515198 0.309235 170 -26 0.2 -0.2 0.6435 0.308181 365 141 553 138 362 264 581 262 454 99 5.94845 397 504 3.12894
54.8655 0.515198 0.309235 170 -26 0.2 -0.2 0.6437 0.307981 365 141 553 138 362 264 581 262 453 99 5.92919 397 504 3.12894
54.9322 0.515198 0.309235 170 -26 0.2 -0.2 0.6439 0.307781 365 141 552 138 362 264 581 262 452 99 5.98091 397 504 3.12894
54.9988 0.515969 0.309235 171 -31 0.2 -0.2 0.6441 0.307581 365 141 552 138 362 264 581 262 453 99 5.97114 397 504 3.12894
55.0655 0.515969 0.309235 171 -31 0.2 -0.2 0.6443 0.307381 364 141 551 138 362 264 580 262 452 100 5.99656 397 504 3.12894
55.1322 0.515969 0.309235 171 -31 0.2 -0.2 0.6445 0.307181 364 141 550 138 362 264 580 262 451 99 5.99772 397 504 3.12894
55.1988 0.515969 0.308463 162 -27 0.2 -0.2 0.6447 0.306981 363 141 550 138 361 264 580 262 451 100 6.00902 397 504 3.12894
55.2655 0.515969 0.308463 162 -27 0.2 -0.2 0.6449 0.306781 363 141 549 138 361 265 579 262 450 100 6.01334 397 504 3.12894
55.3322 0.515969 0.308463 162 -27 0.2 -0.2 0.6451 0.306581 363 141 549 138 361 265 579 262 450 99 5.98091 397 504 3.12894
55.3988 0.516741 0.307435 174 -27 0 0 0.6451 0.306581 361 142 548 138 360 265 579 262 448 99 5.98394 397 504 3.12894
55.4655 0.516741 0.307435 174 -27 0 0 0.6451 0.306581 361 142 548 138 359 265 578 262 448 99 5.99772 397 504 3.12894
55.5321 0.517769 0.307178 164 -27 0 0 0.6451 0.306581 360 142 547 138 359 265 578 262 447 100 6.02058 397 504 3.12894
55.5988 0.517769 0.307178 164 -27 0 0 0.6451 0.306581 360 142 546 139 359 264 578 262 447 100 6.01334 397 504 3.12894
55.6655 0.517769 0.307178 164 -27 0 0 0.6451 0.306581 360 142 546 139 359 264 578 262 446 100 6.01334 397 504 3.12894
55.7321 0.518026 0.306407 165 -33 0 0 0.6451 0.306581 359 142 545 139 358 265 577 262 445 100 6.00628 397 504 3.12894
55.7988 0.518026 0.306407 165 -33 0 0 0.6451 0.306581 359 142 545 139 358 265 577 262 445 100 6.00348 397 504 3.12894
55.8655 0.518026 0.306407 165 -33 0 0 0.6451 0.306581 358 142 545 139 358 265 577 262 445 100 6.01334 397 504 3.12894
55.9322 0.518283 0.306407 170 -30 0 0 0.6451 0.306581 358 142 545 139 358 264 577 262 444 100 6.02058 397 504 3.12894
55.9988 0.518283 0.306407 170 -30 0 0 0.6451 0.306581 358 142 545 139 358 264 577 262 444 101 6.01334 397 504 3.12894
56.0655 0.518283 0.306407 170 -30 0 0 0.6451 0.306581 357 141 544 139 357 265 576 262 444 100 6.01334 397 504 3.12894
56.1321 0.518283 0.30615 170 -27 0 0 0.6451 0.306581 357 141 544 139 357 265 576 262 444 100 6.02586 397 504 3.12894
56.1988 0.518283 0.30615 170 -27 0 0 0.6451 0.306581 357 142 544 139 357 265 576 262 444 101 6.00776 397 504 3.12894
56.2655 0.518283 0.30615 170 -27 0 0 0.6451 0.306581 357 142 544 139 357 265 576 262 444 100 6.02586 397 504 3.12894
56.3321 0.518283 0.305893 169 -27 0 0 0.6451 0.306581 357 142 544 139 357 265 576 262 444 101 6.03321 397 504 3.12894
56.3988 0.518283 0.305893 169 -27 0 0 0.6451 0.306581 357 142 544 139 357 265 576 262 444 101 6.03321 397 504 3.12894
56.4655 0.518283 0.305893 169 -27 0 0 0.6451 0.306581 357 142 544 139 357 265 576 262 444 101 6.03063 397 504 3.12894
56.5321 0.518283 0.305893 168 -24 0 0 0.6451 0.306581 357 142 544 139 357 265 576 262 444 100 6.04322 397 504 3.12894
56.5988 0.518283 0.305893 168 -24 0 0 0.6451 0.306581 357 142 544 139 357 265 576 262 444 101 6.03063 397 504 3.12894
56.6655 0.518283 0.305893 168 -24 0 0 0.6451 0.306581 357 142 544 139 357 265 576 262 444 101 6.01334 397 504 3.12894
56.7322 0.518283 0.305893 170 -27 0 0 0.6451 0.306581 357 142 544 139 357 265 576 262 444 101 6.01334 397 504 3.12894
56.7988 0.518283 0.305893 170 -27 0 0 0.6451 0.306581 357 142 544 139 357 265 576 262 443 101 6.02586 397 504 3.12894
56.8655 0.518283 0.305893 170 -27 0 0 0.6451 0.306581 357 142 544 139 357 265 576 262 444 101 5.99656 397 504 3.12894
56.9322 0.518283 0.305893 171 -26 0 0 0.6451 0.306581 357 142 543 139 357 265 576 262 444 101 6.01334 397 504 3.12894
56.9988 0.518283 0.305893 171 -26 0 0 0.6451 0.306581 357 142 543 139 357 265 576 262 444 100 6.01334 397 504 3.12894
57.0655 0.518283 0.305893 170 -27 0 0 0.6451 0.306581 357 142 543 139 357 265 576 262 444 101 6.01334 397 504 3.12894
57.1321 0.518283 0.305893 170 -27 0 0 0.6451 0.306581 357 142 543 139 357 265 576 262 444 100 6.02843 397 504 3.12894
57.1988 0.518283 0.305893 170 -27 0 0 0.6451 0.306581 357 142 543 139 357 265 576 262 443 101 6.02843 397 504 3.12894
57.2655 0.518283 0.305893 170 -27 0 0 0.6451 0.306581 357 142 543 139 357 265 576 262 443 100 6.01334 397 504 3.12894
57.3321 0.518283 0.305893 170 -27 0 0 0.6451 0.306581 357 142 543 139 357 265 576 262 443 100 6.04565 397 504 3.12894
57.3988 0.518283 0.305893 170 -27 0 0 0.6451 0.306581 357 142 544 139 357 265 576 262 443 100 6.04565 397 504 3.12894
57.4655 0.518283 0.305893 169 -27 0 0 0.6451 0.306581 357 142 544 139 357 265 576 262 443 100 6.01171 397 504 3.12894
57.5322 0.518283 0.305893 169 -27 0 0 0.6451 0.306581 357 142 543 139 357 265 576 262 443 101 6.02843 397 504 3.12894
57.5988 0.518283 0.305893 169 -27 0 0 0.6451 0.306581 357 142 544 139 357 265 576 262 443 100 6.01171 397 504 3.12894
57.6655 0.518283 0.305893 168 -27 0 0 0.6451 0.306581 357 142 544 139 357 265 576 262 443 100 6.01171 397 504 3.12894
57.7322 0.518283 0.305893 168 -27 0 0 0.6451 0.306581 357 142 543 139 357 265 576 262 444 100 6.02843 397 504 3.12894
57.7988 0.518283 0.305893 168 -27 0 0 0.6451 0.306581 357 142 543 139 357 265 576 262 443 100 6.04565 397 504 3.12894
57.8655 0.518283 0.305893 168 -26 0 0 0.6451 0.306581 357 142 543 139 357 265 576 262 444 100 6.02843 397 504 3.12894
57.9321 0.518283 0.305893 168 -26 0 0 0.6451 0.306581 357 142 543 139 357 265 576 262 444 100 6.01334 397 504 3.12894
57.9988 0.518283 0.305893 168 -26 0 0 0.6451 0.306581 357 142 543 139 357 265 576 262 443 100 6.03063 397 504 3.12894
58.0655 0.518283 0.305893 170 -27 0 0 0.6451 0.306581 357 142 543 139 357 265 576 262 444 100 6.02843 397 504 3.12894
58.1322 0.518283 0.305893 170 -27 0 0 0.6451 0.306581 357 142 543 139 357 265 576 262 444 100 6.02843 397 504 3.12894
58.1988 0.518283 0.305893 170 -27 0 0 0.6451 0.306581 357 142 544 139 357 265 576 262 443 100 6.01171 397 504 3.12894
58.2655 0.518283 0.30615 170 -27 0 0 0.6451 0.306581 357 142 543 139 357 265 576 262 443 100 6.04565 397 504 3.12894
58.3322 0.518283 0.30615 170 -27 0 0 0.6451 0.306581 357 142 543 139 357 265 576 262 443 100 6.01171 398 504 3.14159
58.3988 0.518283 0.30615 170 -27 0 0 0.6451 0.306581 357 142 543 139 357 265 576 262 444 100 6.02843 397 504 3.12894
58.4655 0.518283 0.305893 170 -26 0 0 0.6451 0.306581 357 142 543 139 357 265 576 262 444 101 6.01334 397 504 3.12894
58.5321 0.518283 0.305893 170 -26 0 0 0.6451 0.306581 357 142 543 139 357 265 576 262 443 100 6.04565 397 504 3.12894
58.5988 0.518283 0.305893 169 -27 0 0 0.6451 0.306581 357 142 543 139 357 265 576 262 443 100 6.01334 397 504 3.12894
58.6655 0.518283 0.305893 169 -27 0 0 0.6451 0.306581 357 142 543 139 357 265 576 262 444 100 5.99772 397 504 3.12894
58.7321 0.518283 0.305893 169 -27 0.4 0 0.6455 0.306581 357 142 543 139 357 265 576 262 444 100 6.02843 398 504 3.14159
58.7988 0.518283 0.305893 170 -26 0.4 0 0.6459 0.306581 357 142 543 139 357 265 576 262 443 100 6.01507 397 504 3.12894
58.8655 0.518283 0.305893 170 -26 0.4 0 0.6463 0.306581 357 142 544 139 357 265 576 262 443 100 6.04565 397 504 3.12894
58.9322 0.518283 0.305893 170 -26 0.4 0 0.6467 0.306581 357 142 543 139 357 265 576 262 443 101 5.99772 397 504 3.12894
58.9988 0.518283 0.305893 163 -27 0.4 0 0.6471 0.306581 357 142 543 139 357 265 576 262 444 100 6.02843 397 504 3.12894
59.0655 0.518283 0.305893 163 -27 0.4 0 0.6475 0.306581 357 142 543 139 357 265 576 262 444 100 6.02843 397 504 3.12894
59.1321 0.518283 0.305893 163 -27 0.4 0 0.6479 0.306581 357 142 543 139 357 265 576 262 443 101 6.03573 397 504 3.12894
59.1988 0.519054 0.305893 164 -27 0.4 0 0.6483 0.306581 357 142 543 139 357 265 576 262 443 100 6.0187 397 504 3.12894
59.2655 0.519054 0.305893 164 -27 0.4 0 0.6487 0.306581 357 142 543 139 357 265 576 263 443 101 6.04322 397 504 3.12894
59.3321 0.519054 0.305893 164 -27 0.4 0 0.6491 0.306581 357 142 543 139 357 265 576 262 443 101 6.01334 398 504 3.14159
59.3988 0.520082 0.305893 182 -27 0.4 0 0.6495 0.306581 356 142 542 139 357 265 576 262 442 100 6.00628 397 504 3.12894
59.4655 0.520082 0.305893 182 -27 0.4 0 0.6499 0.306581 356 142 542 139 357 265 576 262 442 101 6.04803 397 504 3.12894
59.5322 0.520082 0.305893 182 -27 0.4 0 0.6503 0.306581 356 142 542 139 356 265 576 262 442 101 6.03573 397 504 3.12894
59.5988 0.520082 0.305893 184 -25 0.4 0 0.6507 0.306581 356 142 542 139 356 265 575 262 442 101 6.04803 397 504 3.12894
59.6655 0.520082 0.305893 184 -25 0.4 0 0.6511 0.306581 356 142 542 139 356 265 576 262 442 101 6.03573 397 504 3.12894
59.7321 0.520082 0.305893 184 -25 0.4 0 0.6515 0.306581 354 142 541 139 356 265 575 262 440 101 6.03063 397 504 3.12894
59.7988 0.522139 0.305893 181 -27 0.4 0 0.6519 0.306581 354 142 541 140 355 266 575 262 439 101 6.03063 398 504 3.19283
59.8655 0.522139 0.305893 181 -27 0.4 0 0.6523 0.306581 354 142 541 140 355 266 575 262 440 101 6.04565 397 504 3.12894
59.9321 0.522139 0.305893 181 -27 0.4 0 0.6527 0.306581 354 142 540 140 355 265 575 262 439 101 6.03063 398 504 3.14159
59.9988 0.522139 0.305893 173 -27 0.4 0 0.6531 0.306581 354 142 540 140 355 266 574 262 440 101 6.01334 398 504 3.14159
60.0655 0.522139 0.305893 173 -27 0.4 0 0.6535 0.306581 353 142 540 140 355 265 574 263 440 101 6.05791 398 504 3.15409
60.1322 0.522139 0.305893 173 -27 0.4 0 0.6539 0.306581 353 142 540 140 355 265 574 263 438 101 6.04565 397 504 3.12894
60.1988 0.523424 0.305893 194 -27 0.4 0 0.6543 0.306581 353 142 540 140 355 265 574 263 438 101 6.04565 398 504 3.15409
60.2655 0.523424 0.305893 194 -27 0.4 0 0.6547 0.306581 353 142 539 140 355 265 574 263 438 101 6.05037 397 504 3.12894
60.3321 0.524195 0.305893 197 -27 0.4 0 0.6551 0.306581 353 143 539 140 355 265 574 262 438 101 6.04565 397 504 3.12894
60.3988 0.524195 0.305893 197 -27 0.4 0 0.6555 0.306581 353 142 539 140 355 265 574 263 438 102 6.03573 398 504 3.15409
60.4655 0.524195 0.305893 197 -27 0.4 0 0.6559 0.306581 352 143 539 140 354 266 574 263 437 102 6.04565 397 504 3.12894
60.5322 0.524709 0.305893 200 -32 0.4 0 0.6563 0.306581 352 143 539 140 354 266 574 263 438 101 6.02843 397 504 3.12894
60.5988 0.524709 0.305893 200 -32 0.4 0 0.6567 0.306581 352 142 539 140 354 266 574 263 438 102 6.08374 397 504 3.12894
60.6655 0.524709 0.305893 200 -32 0.4 0 0.6571 0.306581 352 143 538 140 354 266 574 263 437 102 6.05328 398 504 3.12894
60.7321 0.526252 0.305893 207 -34 0.4 0 0.6575 0.306581 352 143 538 140 354 266 574 263 437 102 6.05791 398 504 3.11596
60.7988 0.526252 0.305893 207 -34 0.4 0 0.6579 0.306581 351 143 538 140 354 266 574 263 437 102 6.07209 397 504 3.12894
60.8655 0.526252 0.305893 207 -34 0.4 0 0.6583 0.306581 351 143 538 140 354 266 574 263 436 102 6.05791 398 504 3.15409
60.9322 0.526509 0.305893 199 -32 0.4 0 0.6587 0.306581 351 143 538 140 354 266 574 263 436 102 6.05791 398 504 3.14159
60.9988 0.526509 0.305893 199 -32 0.4 0 0.6591 0.306581 351 143 538 141 354 266 574 263 436 102 6.07985 398 504 3.15409
61.0655 0.526509 0.305893 199 -32 0.4 0 0.6595 0.306581 351 143 538 141 353 266 574 263 435 103 6.07136 398 504 3.15409
61.1321 0.528051 0.305893 221 -33 0.4 0 0.6599 0.306581 350 143 537 141 353 266 574 263 436 103 6.05791 398 504 3.15409
61.1988 0.528051 0.305893 221 -33 0.4 0 0.6603 0.306581 350 143 537 141 353 266 574 263 436 103 6.06783 398 504 3.15409
61.2655 0.528051 0.305893 221 -33 0.4 0 0.6607 0.306581 350 143 537 141 353 266 574 263 435 103 6.09971 398 504 3.15409
61.3321 0.529593 0.305893 215 -32 0.4 0 0.6611 0.306581 349 143 537 141 353 266 574 262 435 103 6.07569 397 504 3.12909
61.3988 0.529593 0.305893 215 -32 0.4 0 0.6615 0.306581 349 143 537 141 353 266 574 262 435 103 6.09784 398 504 3.12894
61.4655 0.529593 0.305893 215 -32 0.4 0 0.6619 0.306581 349 143 537 141 352 266 574 262 434 103 6.07985 398 504 3.15409
61.5322 0.530107 0.305636 213 -32 0.4 0 0.6623 0.306581 349 143 537 141 352 266 574 263 434 103 6.08779 398 504 3.12894
61.5988 0.530107 0.305636 213 -32 0.4 0 0.6627 0.306581 349 143 536 141 352 266 574 262 434 103 6.08976 398 504 3.12894
61.6655 0.530107 0.305636 213 -32 0.4 0 0.6631 0.306581 349 143 536 141 352 266 574 262 433 103 6.08976 398 504 3.15409
61.7321 0.532164 0.305636 221 -34 0.4 0 0.6635 0.306581 348 143 536 141 352 266 574 262 433 103 6.10969 398 504 3.12894
61.7988 0.532164 0.305636 221 -34 0.4 0 0.6639 0.306581 348 143 535 141 352 266 574 262 432 104 6.11971 398 504 3.12909
61.8655 0.532164 0.305893 202 -34 0.4 0 0.6643 0.306581 348 143 535 142 352 266 574 262 432 104 6.12819 397 504 3.14159
61.9321 0.532164 0.305893 202 -34 0.4 0 0.6647 0.306581 348 143 535 142 352 266 574 262 432 104 6.10969 398 504 3.19283
61.9988 0.532164 0.305893 202 -34 0.4 0 0.6651 0.306581 347 143 535 142 351 266 574 262 432 104 6.12819 398 504 3.12894
62.0655 0.533706 0.305636 222 -30 0.4 0 0.6655 0.306581 347 143 534 142 351 266 574 262 432 104 6.11804 398 504 3.12894
62.1322 0.533706 0.305636 222 -30 0.4 0 0.6659 0.306581 347 143 535 142 351 266 574 262 431 104 6.1313 398 504 3.15409
62.1988 0.533706 0.305636 222 -30 0.4 0 0.6663 0.306581 347 143 534 142 351 266 574 262 431 104 6.1313 398 504 3.12894
62.2655 0.535248 0.305636 209 -29 0.4 0 0.6667 0.306581 347 143 534 142 351 267 575 262 431 105 6.12819 398 504 3.19283
62.3322 0.535248 0.305636 209 -29 0.4 0 0.6671 0.306581 346 143 533 142 350 267 574 262 430 105 6.14129 398 504 3.12894
62.4026 0.535248 0.305636 209 -29 0.4 0 0.6675 0.306581 346 143 533 142 350 267 575 262 430 105 6.13985 398 504 3.12894
62.4655 0.536277 0.305636 216 -29 0.4 0 0.6679 0.306581 346 144 533 142 350 267 575 262 430 105 6.14859 398 504 3.12894
62.5321 0.536277 0.305636 216 -29 0.4 0 0.6683 0.306581 346 144 533 142 351 267 575 262 430 105 6.14859 397 504 3.14159
62.5988 0.536277 0.305636 216 -29 0.4 0 0.6687 0.306581 345 144 533 143 350 266 574 263 429 106 6.13985 398 504 3.12894
62.6655 0.537819 0.305636 220 -31 0.4 0 0.6691 0.306581 345 144 533 143 350 267 575 262 429 106 6.1513 397 504 3.14159
62.7322 0.537819 0.305636 220 -31 0.4 0 0.6695 0.306581 345 144 532 143 350 267 575 262 428 106 6.17027 397 504 3.14159
62.7988 0.537819 0.305636 220 -31 0.4 0 0.6699 0.306581 345 144 532 143 350 267 574 263 428 106 6.1601 397 504 3.14159
62.8655 0.537819 0.305636 206 -30 0.4 0 0.6703 0.306581 345 144 532 143 350 267 574 263 428 105 6.15262 398 504 3.12909
62.9321 0.537819 0.305636 206 -30 0.4 0 0.6707 0.306581 344 144 532 143 349 267 575 263 428 106 6.16376 398 504 3.12909
62.9988 0.537819 0.305636 206 -30 0.4 0 0.6711 0.306581 343 144 531 143 349 267 575 263 427 106 6.19067 398 504 3.12909
63.0655 0.540132 0.305636 222 -33 0.4 0 0.6715 0.306581 343 144 531 143 349 267 575 263 427 106 6.19161 397 504 3.12894
63.1321 0.540132 0.305636 222 -33 0.4 0 0.6719 0.306581 343 144 531 144 349 267 574 263 427 107 6.17939 397 504 3.14159
63.1988 0.540132 0.305636 222 -33 0.4 0 0.6723 0.306581 342 144 531 143 349 267 575 263 427 107 6.17939 397 504 3.14159
63.2655 0.541675 0.305636 228 -34 0.4 0 0.6727 0.306581 342 144 530 144 348 267 575 263 426 107 6.18046 397 504 3.14159
63.3322 0.541675 0.305636 228 -34 0.4 0 0.6731 0.306581 342 144 530 144 348 267 575 263 425 107 6.19067 397 504 3.11596
63.3988 0.542189 0.305379 223 -31 0.4 0 0.6735 0.306581 342 144 530 144 348 267 575 263 425 107 6.20004 398 504 3.12909
63.4655 0.542189 0.305379 223 -31 0.4 0 0.6739 0.306581 342 144 530 144 348 267 575 263 425 107 6.20963 397 504 3.11596
63.5322 0.542189 0.305379 223 -31 0.4 0 0.6743 0.306581 341 144 530 144 348 267 575 263 425 108 6.21188 397 504 3.11596
63.5988 0.543731 0.305636 218 -34 0.4 0 0.6747 0.306581 341 145 529 145 347 268 575 263 424 108 6.21188 397 504 3.11596
63.6655 0.543731 0.305636 218 -34 0.4 0 0.6751 0.306581 341 144 529 145 347 268 575 263 424 108 6.24154 397 504 3.12894
63.7321 0.543731 0.305636 218 -34 0.4 0 0.6755 0.306581 341 144 529 145 347 268 575 263 424 108 6.22141 397 504 3.12894
63.7988 0.543731 0.305379 206 -33 0.4 0 0.6759 0.306581 340 144 529 145 347 268 575 262 423 109 6.22265 397 504 3.12894
63.8655 0.543731 0.305379 206 -33 0.4 0 0.6763 0.306581 340 145 528 145 347 267 575 263 423 108 6.23168 397 504 3.12894
63.9321 0.543731 0.305379 206 -33 0.4 0 0.6767 0.306581 340 144 528 145 347 268 575 262 422 108 6.23168 397 504 3.12894
63.9988 0.545788 0.305636 218 -37 0.4 0 0.6771 0.306581 339 144 528 145 346 268 575 263 422 109 6.2428 397 504 3.11596
64.0655 0.545788 0.305636 218 -37 0.4 0 0.6775 0.306581 339 145 528 146 346 268 575 263 422 109 0.0102037 397 504 3.12894
64.1322 0.545788 0.305636 218 -37 0.4 0 0.6779 0.306581 339 145 528 145 346 268 575 263 422 109 0.0302938 397 504 3.12894
64.1988 0.547073 0.305379 218 -34 0.4 0 0.6783 0.306581 339 145 527 146 346 268 575 263 421 109 6.25258 397 504 3.11596
64.2655 0.547073 0.305379 218 -34 0.4 0 0.6787 0.306581 339 145 527 146 346 268 575 262 421 110 6.26257 397 504 3.11596
64.3322 0.547073 0.305379 218 -34 0.4 0 0.6791 0.306581 338 145 527 146 346 268 575 262 420 110 0.0206156 397 504 3.12894
64.3988 0.547587 0.305379 222 -38 0.4 0 0.6795 0.306581 338 145 527 146 346 268 575 263 420 110 0.0504622 397 504 3.11596
64.4655 0.547587 0.305379 222 -38 0.4 0 0.6799 0.306581 338 145 527 146 346 268 575 262 420 110 0.0407937 397 504 3.12894
64.5321 0.547587 0.305379 222 -38 0.4 0 0.6803 0.306581 338 145 526 146 345 268 575 262 420 110 0.0206156 397 504 3.12894
64.5988 0.548872 0.305636 230 -36 0.4 0 0.6807 0.306581 337 145 526 146 345 268 575 262 419 110 0.0504622 397 504 3.12894
64.6655 0.548872 0.305636 230 -36 0.4 0 0.6811 0.306581 337 145 526 147 345 268 575 262 420 111 0.0504622 397 504 3.11596
64.7322 0.548872 0.305636 230 -36 0.4 0 0.6815 0.306581 337 145 526 147 345 268 575 262 420 110 0.0494646 397 504 3.12894
64.7988 0.548872 0.305636 200 -36 0.4 0 0.6819 0.306581 337 145 526 147 345 268 575 262 419 110 0.0504622 397 504 3.12894
64.8655 0.548872 0.305636 200 -36 0.4 0 0.6823 0.306581 336 145 525 147 345 268 575 262 418 111 0.061777 397 504 3.12894
64.9322 0.548872 0.305636 200 -36 0.4 0 0.6827 0.306581 336 146 525 147 345 268 575 262 418 111 0.081452 397 504 3.12894
64.9988 0.551186 0.305379 225 -36 0.4 0 0.6831 0.306581 335 145 525 147 345 268 575 262 418 111 0.0520363 397 504 3.12894
65.0655 0.551186 0.305379 225 -36 0.4 0 0.6835 0.306581 336 145 524 147 344 268 575 262 417 112 0.0705896 397 504 3.12894
65.1321 0.552471 0.305379 222 -39 0.4 0 0.6839 0.306581 335 145 524 147 344 268 575 263 417 112 0.0705896 397 504 3.12894
65.1988 0.552471 0.305379 222 -39 0.4 0 0.6843 0.306581 335 146 524 148 344 269 575 263 417 112 0.0705896 397 504 3.12894
65.2655 0.552471 0.305379 222 -39 0.4 0 0.6847 0.306581 335 146 524 148 344 269 575 263 417 112 0.0705896 397 504 3.12894
65.3322 0.552471 0.305379 224 -36 0.4 0 0.6851 0.306581 335 146 524 148 344 269 575 262 417 112 0.081452 397 504 3.12894
65.3988 0.552471 0.305379 224 -36 0.4 0 0.6855 0.306581 334 146 524 148 344 268 575 262 417 112 0.0986883 397 504 3.12894
65.4655 0.552471 0.305379 224 -36 0.4 0 0.6859 0.306581 334 146 524 148 344 268 575 263 416 112 0.0906599 397 504 3.12894
65.5322 0.554527 0.305636 237 -38 0.4 0 0.6863 0.306581 334 146 523 149 343 268 575 263 416 113 0.101689 397 504 3.12894
65.5988 0.554527 0.305636 237 -38 0.4 0 0.6867 0.306581 334 146 523 149 343 268 575 263 415 113 0.101689 397 504 3.12894
65.6655 0.554527 0.305636 237 -38 0.4 0 0.6871 0.306581 334 146 522 148 343 269 575 263 415 113 0.101689 397 504 3.12894
65.7321 0.55427 0.305379 219 -36 0.4 0 0.6875 0.306581 333 146 522 148 343 269 575 263 415 113 0.120624 397 504 3.12894
65.7988 0.55427 0.305379 219 -36 0.4 0 0.6879 0.306581 333 146 523 149 343 269 575 263 415 113 0.101689 397 504 3.12894
65.8655 0.55427 0.305379 219 -36 0.4 0 0.6883 0.306581 333 146 522 149 343 269 575 263 414 114 0.101689 397 504 3.12894
65.9321 0.556584 0.305379 224 -37 0.4 0 0.6887 0.306581 333 146 522 149 343 269 575 263 414 114 0.129275 397 504 3.12894
65.9988 0.556584 0.305379 224 -37 0.4 0 0.6891 0.306581 332 146 522 149 343 269 575 263 414 114 0.114086 397 504 3.12894
66.0655 0.556584 0.305379 224 -37 0.4 0 0.689501 0.306581 332 146 522 149 343 269 575 263 414 114 0.12565 397 504 3.12894
66.1322 0.558126 0.305379 229 -38 0.4 0 0.689901 0.306581 332 146 521 149 342 269 576 263 413 115 0.123086 397 504 3.12894
66.1988 0.558126 0.305379 229 -38 0.4 0 0.690301 0.306581 332 146 521 150 342 269 576 263 413 115 0.140483 397 504 3.12894
66.2655 0.558126 0.305379 229 -38 0.4 0 0.690701 0.306581 331 146 521 150 342 269 576 263 412 114 0.140483 397 504 3.12894
66.3321 0.558383 0.305379 229 -39 0.4 0 0.691101 0.306581 331 146 520 150 342 269 576 263 413 115 0.121842 397 504 3.12894
66.3988 0.558383 0.305379 229 -39 0.4 0 0.691501 0.306581 331 146 521 150 342 269 576 263 412 116 0.140483 397 504 3.12894
66.4655 0.558383 0.305379 229 -39 0.4 0 0.691901 0.306581 331 146 521 150 342 269 576 263 412 115 0.134598 397 504 3.12894
66.5321 0.559925 0.305379 236 -38 0.4 0 0.692301 0.306581 331 146 520 150 341 269 576 263 412 115 0.151882 397 504 3.12894
66.5988 0.559925 0.305379 236 -38 0.4 0 0.692701 0.306581 331 146 520 150 341 269 575 263 411 115 0.173496 397 504 3.12894
66.6655 0.559925 0.305379 215 -39 0.4 0 0.693101 0.306581 331 146 520 150 341 269 575 263 411 115 0.140483 397 504 3.12894
66.7322 0.559925 0.305379 215 -39 0.4 0 0.693501 0.306581 331 147 520 150 341 269 576 263 411 115 0.154997 397 504 3.12894
66.7988 0.559925 0.305379 215 -39 0.4 0 0.693901 0.306581 330 146 519 151 341 269 576 263 411 116 0.153424 397 504 3.12894
66.8655 0.561982 0.305379 229 -39 0.4 0 0.694301 0.306581 329 147 519 151 341 269 576 263 410 116 0.165149 397 504 3.12894
66.9321 0.561982 0.305379 229 -39 0.4 0 0.694701 0.306581 330 147 519 151 341 269 576 263 410 117 0.173496 397 504 3.12894
66.9988 0.561982 0.305379 229 -39 0.4 0 0.695101 0.306581 329 147 519 151 341 269 576 263 410 117 0.173496 397 504 3.12894
67.0655 0.563267 0.305379 230 -36 0.4 0 0.695501 0.306581 329 146 519 151 340 269 576 263 410 116 0.161837 397 504 3.12894
67.1321 0.563267 0.305379 230 -36 0.4 0 0.695901 0.306581 328 147 518 152 340 270 576 263 410 117 0.173496 397 504 3.12894
67.1989 0.563267 0.305379 230 -36 0.4 0 0.696301 0.306581 328 147 518 152 340 270 576 263 409 117 0.187254 397 504 3.12894
67.2655 0.563781 0.305379 230 -39 0.4 0 0.696701 0.306581 328 147 518 152 340 270 576 263 409 117 0.205395 397 504 3.12894
67.3321 0.563781 0.305379 230 -39 0.4 0 0.697101 0.306581 328 147 518 152 340 270 576 263 409 117 0.187254 397 504 3.12894
67.3988 0.563781 0.305379 230 -39 0.4 0 0.697501 0.306581 328 147 518 152 340 270 576 263 408 118 0.205395 397 504 3.12894
67.4655 0.565838 0.305379 233 -39 0.4 0 0.697901 0.306581 327 147 518 152 339 270 576 263 408 118 0.205395 397 504 3.12894
67.5322 0.565838 0.305379 233 -39 0.4 0 0.698301 0.306581 327 147 517 152 339 270 576 263 408 118 0.213205 397 504 3.12894
67.5988 0.565838 0.305379 233 -39 0.4 0 0.698701 0.306581 327 147 517 152 339 270 576 263 407 118 0.207496 397 504 3.12894
67.6655 0.565581 0.305379 235 -40 0.4 0 0.699101 0.306581 327 147 517 152 339 270 576 263 408 118 0.213205 397 504 3.12894
67.7321 0.565581 0.305379 235 -40 0.4 0 0.699501 0.306581 327 147 517 153 339 270 576 262 408 119 0.205395 397 504 3.12894
67.7988 0.565581 0.305379 235 -40 0.4 0 0.699901 0.306581 326 148 517 153 339 270 576 262 406 120 0.225277 397 504 3.12894
67.8655 0.567894 0.305379 236 -39 0.4 0 0.700301 0.306581 326 147 516 153 338 270 576 263 406 119 0.213205 397 504 3.12894
67.9321 0.567894 0.305379 236 -39 0.4 0 0.700701 0.306581 326 147 516 153 338 270 576 262 406 119 0.225277 397 504 3.12894
67.9988 0.567894 0.305379 236 -39 0.4 0 0.701101 0.306581 326 147 516 153 338 270 576 262 406 120 0.242551 397 504 3.12894
68.0655 0.569436 0.305379 246 -39 0.4 0 0.701501 0.306581 326 148 515 154 338 270 576 262 405 120 0.242551 397 504 3.12894
68.1322 0.569436 0.305379 246 -39 0.4 0 0.701901 0.306581 325 147 515 154 338 270 576 263 405 120 0.232814 397 504 3.12894
68.1988 0.569436 0.305379 247 -39 0.4 0 0.702301 0.306581 325 147 515 154 338 270 576 262 405 120 0.254758 397 504 3.12894
68.2655 0.569436 0.305379 247 -39 0.4 0 0.702701 0.306581 325 147 515 154 338 270 576 262 405 120 0.261885 397 504 3.12894
68.3321 0.569436 0.305379 247 -39 0.4 0 0.703101 0.306581 325 148 515 154 337 270 576 263 405 120 0.257324 397 504 3.12894
68.3988 0.571236 0.305379 234 -39 0.4 0 0.703501 0.306581 324 148 514 155 337 270 576 263 405 120 0.257324 397 504 3.12894
68.4655 0.571236 0.305379 234 -39 0.4 0 0.703901 0.306581 324 148 514 155 337 270 576 262 404 121 0.257324 397 504 3.12894
68.5321 0.571236 0.305379 234 -39 0.4 0 0.704301 0.306581 324 147 514 155 337 271 576 262 404 121 0.264488 397 504 3.12894
68.5988 0.571236 0.305379 232 -39 0.4 0 0.704701 0.306581 324 148 514 155 337 271 576 262 404 121 0.264488 397 504 3.12894
68.6655 0.571236 0.305379 232 -39 0.4 0 0.705101 0.306581 323 148 514 155 337 271 576 263 403 122 0.276909 397 504 3.12894
68.7322 0.571236 0.305379 232 -39 0.4 0 0.705501 0.306581 323 148 513 156 337 271 576 263 403 122 0.286621 397 504 3.12894
68.7988 0.573035 0.305379 241 -39 0.4 0 0.705901 0.306581 323 148 513 156 336 271 576 263 402 122 0.292443 397 504 3.12894
68.8655 0.573035 0.305379 241 -39 0.4 0 0.706301 0.306581 323 148 513 156 336 271 576 262 402 122 0.302272 397 504 3.12894
68.9322 0.573035 0.305379 241 -39 0.4 0 0.706701 0.306581 323 148 513 156 336 271 576 263 403 122 0.296278 397 504 3.12894
68.9988 0.574577 0.305379 241 -39 0.4 0 0.707101 0.306581 322 148 513 156 336 271 576 263 402 123 0.289504 397 504 3.12894
69.0655 0.574577 0.305379 241 -39 0.4 0 0.707501 0.306581 322 148 512 157 336 271 576 263 402 123 0.337622 397 504 3.12894
69.1321 0.574577 0.305379 241 -39 0.4 0 0.707901 0.306581 322 148 512 157 336 271 576 263 401 123 0.312042 397 504 3.12894
69.1988 0.574835 0.305379 242 -48 0.4 0 0.708301 0.306581 321 148 512 157 336 271 576 263 401 124 0.353997 397 504 3.12894
69.2655 0.574835 0.305379 242 -48 0.4 0 0.708701 0.306581 321 148 512 157 335 271 576 263 401 123 0.353997 397 504 3.12894
69.3321 0.574835 0.305379 242 -48 0.4 0 0.709101 0.306581 321 149 512 157 335 271 576 263 401 124 0.3444 397 504 3.12894
69.3988 0.576634 0.305379 245 -48 0.4 0 0.709501 0.306581 321 149 512 157 335 271 576 263 401 124 0.350497 397 504 3.12894
69.4655 0.576634 0.305379 245 -48 0.4 0 0.709901 0.306581 321 148 512 157 335 271 576 263 400 125 0.370891 397 504 3.12894
69.5321 0.576634 0.305379 245 -48 0.4 0 0.710301 0.306581 321 149 512 157 335 271 576 263 400 125 0.369334 397 504 3.12894
69.5988 0.576634 0.305379 219 -49 0.4 0 0.710701 0.306581 321 149 511 158 335 271 577 263 400 124 0.3444 397 504 3.12894
69.6655 0.576634 0.305379 219 -49 0.4 0 0.711101 0.306581 320 149 511 158 334 271 576 263 399 125 0.376711 397 504 3.12894
69.7321 0.576634 0.305379 219 -49 0.4 0 0.711501 0.306581 320 149 510 158 335 272 576 263 399 125 0.382379 397 504 3.12894
69.7988 0.578947 0.305379 241 -49 0.4 0 0.711901 0.306581 320 149 510 158 335 271 577 263 399 125 0.367174 397 504 3.12894
69.8655 0.578947 0.305379 241 -49 0.4 0 0.712301 0.306581 319 149 510 158 334 271 577 263 399 125 0.386177 397 504 3.12894
69.9322 0.58049 0.305379 240 -49 0.4 0 0.712701 0.306581 319 149 510 159 334 271 577 263 398 125 0.398014 397 504 3.12894
69.9988 0.58049 0.305379 240 -49 0.4 0 0.713101 0.306581 319 149 510 159 334 272 576 263 398 126 0.386177 397 504 3.12894
70.0655 0.58049 0.305379 240 -49 0.4 0 0.713501 0.306581 319 149 509 159 334 272 576 263 398 126 0.40095 397 504 3.12894
70.1322 0.58049 0.305636 238 -49 0.4 0 0.713901 0.306581 319 149 509 159 334 272 576 263 398 126 0.386177 397 504 3.12894
70.1989 0.58049 0.305636 238 -49 0.4 0 0.714301 0.306581 318 150 509 159 333 272 576 263 397 127 0.427464 397 504 3.12894
70.2655 0.58049 0.305636 238 -49 0.4 0 0.714701 0.306581 318 149 509 159 333 272 577 263 397 127 0.399515 397 504 3.12894
70.3321 0.58306 0.305379 236 -49 0.4 0 0.715101 0.306581 317 149 508 160 333 272 577 263 396 128 0.422387 397 504 3.12894
70.3988 0.58306 0.305379 236 -49 0.4 0 0.715501 0.306581 317 150 508 160 333 272 577 263 396 128 0.431695 397 504 3.12894
70.4655 0.58306 0.305379 236 -49 0.4 0 0.715901 0.306581 317 150 508 160 333 272 577 263 397 128 0.427464 397 504 3.12894
70.5322 0.58306 0.305379 214 -49 0.4 0 0.716301 0.306581 317 150 508 160 333 272 577 263 396 127 0.427464 397 504 3.12894
70.5988 0.58306 0.305379 214 -49 0.4 0 0.716701 0.306581 317 150 508 160 332 272 576 263 396 128 0.422387 397 504 3.12894
70.6655 0.58306 0.305379 214 -49 0.4 0 0.717101 0.306581 316 150 507 161 332 272 576 263 395 128 0.445712 397 504 3.12894
70.7322 0.58486 0.305379 237 -49 0.4 0 0.717501 0.306581 316 150 507 161 332 272 576 263 395 128 0.431695 397 504 3.12894
70.7988 0.58486 0.305379 237 -49 0.4 0 0.717901 0.306581 316 150 507 161 332 272 577 263 395 129 0.441429 397 504 3.12894
70.8655 0.58486 0.305379 237 -49 0.4 0 0.718301 0.306581 316 150 507 161 332 272 576 263 395 130 0.477345 397 504 3.12894
70.9321 0.586659 0.305379 235 -49 0.4 0 0.718701 0.306581 316 150 507 161 332 273 577 263 395 130 0.463648 397 504 3.12894
70.9988 0.586659 0.305379 235 -49 0.4 0 0.719101 0.306581 315 150 506 162 331 273 577 263 393 130 0.512935 397 504 3.12894
71.0655 0.586659 0.305379 235 -49 0.4 0 0.719501 0.306581 315 150 506 163 331 273 576 263 394 131 0.499347 397 504 3.12894
71.1321 0.587173 0.305379 234 -49 0.4 0 0.719901 0.306581 315 151 506 163 331 273 577 263 393 130 0.468235 397 504 3.12894
71.1988 0.587173 0.305379 234 -49 0.4 0 0.720301 0.306581 315 151 506 163 331 272 576 263 394 130 0.472697 397 504 3.12894
71.2655 0.587173 0.305379 234 -49 0.4 0 0.720701 0.306581 314 151 505 163 331 273 576 263 393 131 0.490547 397 504 3.12894
71.3321 0.588972 0.305379 228 -49 0.4 0 0.721101 0.306581 314 151 505 163 330 273 577 263 393 131 0.490547 397 504 3.12894
71.3988 0.588972 0.305379 228 -49 0.4 0 0.721501 0.306581 314 151 505 164 330 273 577 263 393 132 0.504166 397 504 3.12894
71.4655 0.588715 0.305379 217 -49 0.4 0 0.721901 0.306581 314 151 505 164 330 273 577 263 392 131 0.477345 397 504 3.12894
71.5322 0.588715 0.305379 217 -49 0.4 0 0.722301 0.306581 314 151 505 164 330 273 577 263 392 132 0.506075 397 504 3.12894
71.5988 0.588715 0.305379 217 -49 0.4 0 0.722701 0.306581 313 151 505 164 330 273 577 263 392 132 0.514064 397 504 3.12894
71.6655 0.590258 0.305379 236 -49 0.4 0 0.723101 0.306581 313 151 504 164 330 273 576 263 392 132 0.495311 397 504 3.12894
71.7321 0.590258 0.305379 236 -49 0.4 0 0.723501 0.306581 313 151 504 164 329 273 577 263 392 133 0.512935 397 504 3.12894
71.7988 0.590258 0.305379 236 -49 0.4 0 0.723901 0.306581 313 151 504 164 329 273 576 263 391 133 0.536911 397 504 3.12894
71.8655 0.591543 0.305379 237 -49 0.4 0 0.724301 0.306581 313 151 504 164 329 273 577 263 391 132 0.522939 397 504 3.12894
71.9321 0.591543 0.305379 237 -49 0.4 0 0.724701 0.306581 312 151 504 165 329 273 577 263 390 133 0.553031 397 504 3.12894
71.9988 0.591543 0.305379 237 -49 0.4 0 0.725101 0.306581 312 151 504 165 329 273 577 263 391 134 0.542189 397 504 3.12894
72.0655 0.592057 0.305379 240 -49 0.4 0 0.725501 0.306581 312 151 503 165 329 273 577 263 390 134 0.542189 397 504 3.12894
72.1322 0.592057 0.305379 240 -49 0.4 0 0.725901 0.306581 312 152 503 165 329 273 576 263 390 134 0.562868 397 504 3.12894
72.1988 0.592057 0.305379 240 -49 0.4 0 0.726301 0.306581 311 151 503 166 329 274 577 263 390 134 0.531724 397 504 3.12894
72.2655 0.593856 0.305379 240 -49 0.4 0 0.726701 0.306581 311 152 503 166 328 274 576 263 390 134 0.573799 397 504 3.12894
72.3321 0.593856 0.305379 240 -49 0.4 0 0.727101 0.306581 311 152 503 166 328 274 576 263 390 135 0.562868 397 504 3.12894
72.3988 0.593856 0.305379 240 -49 0.4 0 0.727501 0.306581 311 152 503 166 328 274 577 263 389 135 0.550982 397 504 3.12894
72.4655 0.594113 0.305379 234 -49 0.4 0 0.727901 0.306581 311 152 503 166 328 274 577 263 389 135 0.550982 397 504 3.12894
72.5322 0.594113 0.305379 234 -49 0.4 0 0.728301 0.306581 310 152 502 167 328 273 577 263 389 135 0.590812 397 504 3.12894
72.5988 0.594113 0.305379 234 -49 0.4 0 0.728701 0.306581 310 152 501 168 328 273 577 263 388 136 0.602287 397 504 3.12894
72.6655 0.595913 0.305379 243 -47 0.4 0 0.729101 0.306581 310 152 501 168 327 274 577 263 388 136 0.590918 397 504 3.12894
72.7322 0.595913 0.305379 243 -47 0.4 0 0.729501 0.306581 310 152 501 168 327 274 577 263 388 136 0.596501 397 504 3.12894
72.7988 0.595913 0.305379 243 -47 0.4 0 0.729901 0.306581 310 152 501 168 327 274 577 263 388 136 0.596501 397 504 3.12894
72.8655 0.597712 0.305379 245 -50 0.4 0 0.730301 0.306581 309 152 501 168 327 274 577 263 387 138 0.610726 397 504 3.12894
72.9322 0.597712 0.305379 245 -50 0.4 0 0.730701 0.306581 309 152 500 169 327 274 577 263 387 137 0.619066 397 504 3.12894
72.9988 0.598226 0.305379 246 -49 0.4 0 0.731101 0.306581 309 152 500 169 327 274 577 263 386 138 0.645576 397 504 3.12894
73.0655 0.598226 0.305379 246 -49 0.4 0 0.731501 0.306581 308 152 500 170 327 274 577 263 386 138 0.622671 397 504 3.12894
73.1322 0.598226 0.305379 246 -49 0.4 0 0.731901 0.306581 308 152 500 170 326 274 577 263 386 138 0.625023 397 504 3.12894
73.1988 0.600026 0.305379 241 -49 0.4 0 0.732301 0.306581 308 153 499 170 326 275 577 263 385 139 0.674741 397 504 3.12894
73.2655 0.600026 0.305379 241 -49 0.4 0 0.732701 0.306581 308 153 499 170 326 274 577 263 385 139 0.645576 397 504 3.12894
73.3322 0.600026 0.305379 241 -49 0.4 0 0.733101 0.306581 307 153 499 170 326 274 577 263 386 139 0.639386 397 504 3.12894
73.3988 0.600026 0.305379 254 -49 0.4 0 0.733501 0.306581 307 152 499 171 326 274 577 263 386 139 0.647591 397 504 3.12894
73.4655 0.600026 0.305379 254 -49 0.4 0 0.733901 0.306581 307 153 499 171 326 274 577 263 386 140 0.647591 397 504 3.12894
73.5321 0.600026 0.305379 254 -49 0.4 0 0.734301 0.306581 307 153 498 172 326 274 577 263 385 140 0.661942 397 504 3.12894
73.5988 0.602339 0.305379 230 -49 0.4 0 0.734701 0.306581 307 153 498 172 326 274 577 263 385 140 0.661942 397 504 3.12894
73.6655 0.602339 0.305379 230 -49 0.4 0 0.735101 0.306581 307 153 498 172 325 275 577 263 384 141 0.689398 397 504 3.12894
73.7321 0.602339 0.305379 230 -49 0.4 0 0.735501 0.306581 307 153 498 172 325 275 577 263 384 141 0.702879 397 504 3.12894
73.7988 0.603367 0.305379 229 -49 0.4 0 0.735901 0.306581 306 153 498 172 325 275 577 263 384 141 0.6779 397 504 3.12894
73.8655 0.603367 0.305379 229 -49 0.4 0 0.736301 0.306581 306 153 497 173 325 275 577 263 384 141 0.676344 397 504 3.12894
73.9322 0.603367 0.305379 229 -49 0.4 0 0.736701 0.306581 306 153 497 173 325 275 577 263 384 142 0.71883 397 504 3.12894
73.9988 0.603881 0.305379 232 -48 0.4 0 0.737101 0.306581 306 153 497 173 324 275 577 263 384 142 0.712001 397 504 3.12894
74.0655 0.603881 0.305379 232 -48 0.4 0 0.737501 0.306581 306 153 497 173 324 275 577 263 383 142 0.69866 397 504 3.12894
74.1321 0.603881 0.305379 232 -48 0.4 0 0.737901 0.306581 305 153 497 174 324 275 577 263 383 143 0.734348 397 504 3.12894
74.1988 0.605681 0.305379 235 -48 0.4 0 0.738301 0.306581 305 153 497 174 324 275 577 263 383 143 0.741947 397 504 3.12894
74.2655 0.605681 0.305379 235 -48 0.4 0 0.738701 0.306581 305 154 497 174 324 275 577 263 383 143 0.734348 397 504 3.12894
74.3321 0.605681 0.305379 235 -48 0.4 0 0.739101 0.306581 305 154 497 174 324 275 577 263 383 143 0.705278 397 504 3.12894
74.3988 0.605681 0.305379 203 -48 0.4 0 0.739501 0.306581 305 154 496 175 323 275 577 263 383 143 0.705278 397 504 3.12909
74.4655 0.605681 0.305379 203 -48 0.4 0 0.739901 0.306581 304 154 496 175 323 275 577 263 382 145 0.735081 397 504 3.12894
74.5322 0.605681 0.305379 203 -48 0.4 0 0.740301 0.306581 304 154 495 175 323 275 577 263 382 145 0.755995 397 504 3.12894
74.5988 0.607994 0.305379 232 -48 0.4 0 0.740701 0.306581 304 154 495 175 323 276 577 263 381 145 0.870903 397 504 3.12894
74.6655 0.607994 0.305379 232 -48 0.4 0 0.741101 0.306581 304 154 495 176 323 276 577 263 381 145 0.850997 397 504 3.12894
74.7321 0.60928 0.305379 236 -47 0.4 0 0.741501 0.306581 304 154 495 176 323 276 577 263 381 146 0.851966 397 504 3.12894
74.7988 0.60928 0.305379 236 -47 0.4 0 0.741901 0.306581 304 154 495 176 323 276 577 263 381 145 0.858795 397 504 3.12894
74.8655 0.60928 0.305379 236 -47 0.4 0 0.742301 0.306581 303 154 494 177 322 276 577 263 380 146 0.885067 397 504 3.12894
74.9321 0.609537 0.305379 229 -48 0.4 0 0.742701 0.306581 303 154 494 177 322 276 577 263 380 146 0.894453 397 504 3.12894
74.9988 0.609537 0.305379 229 -48 0.4 0 0.743101 0.306581 303 154 494 177 322 276 577 263 380 146 0.894453 397 504 3.12894
75.0655 0.609537 0.305379 229 -48 0.4 0 0.743501 0.306581 303 155 494 177 322 276 577 263 380 147 0.873406 397 504 3.12894
75.1322 0.611593 0.305379 230 -48 0.4 0 0.743901 0.306581 302 154 493 178 322 276 577 263 380 147 0.882833 397 504 3.12894
75.1988 0.611593 0.305379 230 -48 0.4 0 0.744301 0.306581 302 154 494 178 321 276 577 263 379 147 0.925221 397 504 3.12894
75.2655 0.611593 0.305379 230 -48 0.4 0 0.744701 0.306581 302 155 493 178 321 276 577 263 379 148 0.93141 397 504 3.12894
75.3322 0.611593 0.305379 205 -48 0.4 0 0.745101 0.306581 302 155 493 178 321 276 577 263 380 148 0.905386 397 504 3.12894
75.3988 0.611593 0.305379 205 -48 0.4 0 0.745501 0.306581 302 155 493 179 321 276 577 263 379 149 0.910665 397 504 3.12894
75.4655 0.611593 0.305379 205 -48 0.4 0 0.745901 0.306581 302 155 493 179 321 276 577 263 379 150 0.939717 397 504 3.12894
75.5321 0.613907 0.305379 230 -48 0.4 0 0.746301 0.306581 301 155 493 179 321 276 577 263 378 150 0.939717 397 504 3.12894
75.5988 0.613907 0.305379 230 -48 0.4 0 0.746701 0.306581 301 155 493 179 321 276 577 263 378 149 0.945774 397 504 3.12894
75.6655 0.613907 0.305379 230 -48 0.4 0 0.747101 0.306581 301 155 492 180 320 276 577 263 378 149 0.954148 397 504 3.12894
75.7321 0.615449 0.305379 238 -47 0.4 0 0.747501 0.306581 301 155 492 180 320 276 577 263 378 150 0.925221 397 504 3.12894
75.7988 0.615449 0.305379 238 -47 0.4 0 0.747901 0.306581 301 155 492 181 320 276 577 263 377 151 0.962624 397 504 3.12894
75.8655 0.615449 0.305379 238 -47 0.4 0 0.748302 0.306581 301 155 492 181 320 277 577 263 377 151 0.96007 397 504 3.12894
75.9321 0.615706 0.305379 239 -39 0.4 0 0.748702 0.306581 301 155 491 181 320 277 577 263 377 151 0.979878 397 504 3.12894
75.9988 0.615706 0.305379 239 -39 0.4 0 0.749102 0.306581 301 155 491 181 320 277 577 263 378 151 0.96007 397 504 3.12894
76.0655 0.615706 0.305379 239 -39 0.4 0 0.749502 0.306581 300 156 491 182 320 277 577 263 377 152 1.01981 397 504 3.12894
76.1321 0.617762 0.305379 231 -64 0.4 0 0.749902 0.306581 300 156 491 182 319 277 577 263 377 153 0.982794 397 504 3.12894
76.1988 0.617762 0.305379 231 -64 0.4 0 0.750302 0.306581 299 156 490 182 319 277 576 263 376 152 0.982794 397 504 3.12894
76.2655 0.617762 0.304351 208 -61 0.4 0 0.750702 0.306581 299 156 490 183 319 277 576 263 376 153 1.00565 397 504 3.12894
76.3321 0.617762 0.304351 208 -61 0.4 0 0.751102 0.306581 299 156 490 183 319 277 576 263 376 153 1.02861 397 504 3.12894
76.3988 0.617762 0.304351 208 -61 0.4 0 0.751502 0.306581 299 156 490 183 318 277 576 263 376 154 1.00887 397 504 3.12894
76.4655 0.619305 0.304351 229 -61 0.4 0 0.751902 0.306581 299 156 490 183 318 277 576 263 375 154 1.02861 397 504 3.12894
76.5322 0.619305 0.304351 229 -61 0.4 0 0.752302 0.306581 299 156 489 184 318 277 576 263 376 155 1.00793 397 504 3.12894
76.5988 0.619305 0.304351 229 -61 0.4 0 0.752702 0.306581 299 156 489 185 318 277 576 263 375 155 1.00793 397 504 3.12894
76.6655 0.621104 0.304351 235 -61 0.4 0 0.753102 0.306581 299 156 489 185 318 277 576 263 375 155 1.05165 397 504 3.12894
76.7321 0.621104 0.304351 235 -61 0.4 0 0.753502 0.306581 298 156 489 185 318 277 576 263 375 155 1.03389 397 504 3.12894
76.7988 0.621104 0.304351 235 -61 0.4 0 0.753902 0.306581 298 156 488 186 318 277 576 263 375 155 1.05555 397 504 3.12894
76.8655 0.621104 0.304351 233 -61 0.4 0 0.754302 0.306581 298 156 488 186 318 277 576 263 375 156 1.05786 397 504 3.12894
76.9322 0.621104 0.304351 233 -61 0.4 0 0.754702 0.306581 298 156 488 186 318 277 576 263 375 156 1.06663 397 504 3.12894
76.9988 0.621104 0.304351 233 -61 0.4 0 0.755102 0.306581 298 156 488 186 318 278 576 263 375 156 1.07963 397 504 3.12894
77.0655 0.62316 0.304351 233 -61 0.4 0 0.755502 0.306581 298 156 488 187 318 278 576 263 375 157 1.03907 397 504 3.12894
77.1322 0.62316 0.304351 233 -61 0.4 0 0.755902 0.306581 297 157 488 187 318 278 576 263 374 157 1.06067 397 504 3.12894
77.1988 0.62316 0.304351 233 -61 0.4 0 0.756302 0.306581 297 157 488 187 318 278 576 263 374 158 1.08443 397 504 3.12894
77.2655 0.62316 0.304351 200 -60 0.4 0 0.756702 0.306581 297 157 488 187 317 278 576 263 374 158 1.09345 397 504 3.12894
77.3321 0.62316 0.304351 200 -60 0.4 0 0.757102 0.306581 297 157 488 187 318 278 576 263 375 158 1.08443 397 504 3.12894
77.3988 0.62316 0.304351 200 -60 0.4 0 0.757502 0.306581 297 157 486 189 317 278 576 263 374 158 1.09345 397 504 3.12894
77.4655 0.625474 0.304351 223 -61 0.4 0 0.757902 0.306581 297 157 487 189 317 278 576 263 374 159 1.1255 397 504 3.12894
77.5321 0.625474 0.304351 223 -61 0.4 0 0.758302 0.306581 297 157 487 189 317 278 576 263 374 159 1.1255 397 504 3.12894
77.5988 0.625474 0.304351 223 -61 0.4 0 0.758702 0.306581 297 157 487 189 317 278 576 263 373 159 1.1255 397 504 3.12894
77.6655 0.627273 0.304351 221 -61 0.4 0 0.759102 0.306581 297 157 486 190 317 278 576 263 373 160 1.12987 397 504 3.12894
77.7322 0.627273 0.304351 221 -61 0.4 0 0.759502 0.306581 296 157 486 190 317 278 576 263 373 161 1.16189 397 504 3.12894
77.7988 0.627787 0.304351 220 -60 0.4 0 0.759902 0.306581 296 157 486 190 317 278 576 263 373 161 1.16189 397 504 3.12894
77.8655 0.627787 0.304351 220 -60 0.4 0 0.760302 0.306581 296 157 486 190 317 278 576 263 373 161 1.17128 397 504 3.12894
77.9322 0.627787 0.304351 220 -60 0.4 0 0.760702 0.306581 296 157 485 191 316 278 576 263 373 161 1.17128 397 504 3.12894
77.9988 0.62933 0.304351 220 -61 0 0 0.760702 0.306581 296 157 485 191 316 278 576 263 373 161 1.18642 397 504 3.12894
78.0655 0.62933 0.304351 220 -61 0 0 0.760702 0.306581 296 157 485 192 316 278 576 263 373 161 1.16189 397 504 3.12894
78.1321 0.62933 0.304351 220 -61 0 0 0.760702 0.306581 296 157 485 192 316 278 576 263 373 161 1.16189 397 504 3.12894
78.1988 0.62933 0.304351 194 -60 0 0 0.760702 0.306581 296 157 485 192 316 278 576 263 373 162 1.19408 397 504 3.12894
78.2655 0.62933 0.304351 194 -60 0 0 0.760702 0.306581 296 157 485 192 316 278 576 263 372 162 1.20362 397 504 3.12894
78.3322 0.62933 0.304351 194 -60 0 0 0.760702 0.306581 296 157 485 192 316 278 576 263 372 162 1.22291 397 504 3.12894
78.3988 0.6319 0.304351 216 -60 0 0 0.760702 0.306581 295 157 484 193 316 278 576 263 372 163 1.22982 397 504 3.12894
78.4655 0.6319 0.304351 216 -60 0 0 0.760702 0.306581 295 157 484 194 316 278 576 263 373 164 1.21436 397 504 3.12894
78.5322 0.6319 0.304351 216 -60 0 0 0.760702 0.306581 295 157 484 194 316 279 576 263 372 163 1.22982 397 504 3.12894
78.5988 0.6319 0.304351 214 -61 0 0 0.760702 0.306581 295 157 484 194 316 279 576 263 372 164 1.21085 397 504 3.12894
78.6655 0.6319 0.304351 214 -61 0 0 0.760702 0.306581 295 157 484 194 316 279 576 263 372 164 1.21436 397 504 3.12894
78.7321 0.6319 0.304351 214 -61 0 0 0.760702 0.306581 295 158 484 194 316 279 576 263 372 164 1.23606 397 504 3.12894
78.7988 0.6319 0.304351 216 -60 0 0 0.760702 0.306581 295 158 484 194 316 279 576 262 372 164 1.2203 397 504 3.12894
78.8655 0.6319 0.304351 216 -60 0 0 0.760702 0.306581 295 158 484 194 315 279 576 262 372 164 1.2264 397 504 3.12894
78.9322 0.6319 0.304351 216 -60 0 0 0.760702 0.306581 295 158 484 194 315 279 576 263 372 164 1.2264 397 504 3.12894
78.9988 0.6319 0.304351 211 -61 0 0 0.760702 0.306581 295 158 484 194 315 279 576 263 371 164 1.24905 397 504 3.12894
79.0655 0.6319 0.304351 211 -61 0 0 0.760702 0.306581 295 158 484 194 315 279 576 263 373 165 1.19781 397 504 3.12894
79.1322 0.6319 0.304351 211 -61 0 0 0.760702 0.306581 295 158 484 194 315 279 576 263 371 164 1.23265 397 504 3.12894
79.1988 0.6319 0.304351 211 -61 0 0 0.760702 0.306581 295 158 484 194 315 279 576 263 372 165 1.2168 397 504 3.12894
79.2655 0.6319 0.304351 211 -61 0 0 0.760702 0.306581 295 158 484 194 315 279 576 262 372 165 1.2168 397 504 3.12894
79.3321 0.6319 0.304351 214 -61 0 0 0.760702 0.306581 295 158 484 194 315 279 576 262 372 164 1.22291 397 504 3.12894
79.3988 0.6319 0.304351 214 -61 -0.4 0 0.760302 0.306581 295 158 484 194 315 279 576 262 372 165 1.2168 397 504 3.12894
79.4655 0.6319 0.304351 214 -61 -0.4 0 0.759902 0.306581 295 158 484 194 315 279 576 262 372 164 1.21323 397 504 3.12894
79.5321 0.6319 0.304351 212 -61 -0.4 0 0.759502 0.306581 295 158 484 194 315 279 576 262 372 164 1.21323 397 504 3.12894
79.5988 0.6319 0.304351 212 -61 -0.4 0 0.759102 0.306581 295 158 484 194 315 279 576 262 372 164 1.21323 397 504 3.12894
79.6655 0.6319 0.304351 212 -61 -0.4 0 0.758702 0.306581 295 158 484 194 315 279 576 262 372 165 1.19781 397 504 3.12894
79.7322 0.6319 0.304351 214 -61 -0.4 0 0.758302 0.306581 295 158 484 194 315 279 576 262 372 165 1.19781 397 504 3.12894
79.7989 0.6319 0.304351 214 -61 -0.4 0 0.757902 0.306581 295 158 483 194 315 279 576 262 372 165 1.19781 397 504 3.12894
79.8655 0.6319 0.304351 214 -61 -0.4 0 0.757502 0.306581 295 158 484 194 315 279 576 263 372 165 1.19781 397 504 3.12894
79.9321 0.6319 0.304351 182 -62 -0.4 0 0.757102 0.306581 295 158 483 194 315 278 576 262 371 165 1.2264 397 504 3.12894
79.9988 0.6319 0.304351 182 -62 -0.4 0 0.756702 0.306581 295 158 483 195 315 279 576 262 371 165 1.2264 397 504 3.12894
80.0655 0.6319 0.304351 182 -62 -0.4 0 0.756302 0.306581 295 158 484 194 315 279 576 262 371 165 1.2264 397 504 3.12894
80.1321 0.6319 0.304351 135 -61 -0.4 0 0.755902 0.306581 295 158 483 195 315 279 576 262 371 165 1.2394 397 504 3.12894
80.1988 0.6319 0.304351 135 -61 -0.4 0 0.755502 0.306581 295 158 483 195 315 279 576 263 371 164 1.22291 397 504 3.12894
80.2655 0.6319 0.304351 135 -61 -0.4 0 0.755102 0.306581 295 158 483 195 315 279 575 262 372 165 1.21436 397 504 3.12894
80.3322 0.6319 0.304351 133 -62 -0.4 0 0.754702 0.306581 295 158 483 195 315 279 576 263 371 164 1.22291 397 504 3.12894
80.3989 0.6319 0.304351 133 -62 -0.4 0 0.754302 0.306581 295 158 483 195 315 279 576 263 372 165 1.20727 397 504 3.12894
80.4655 0.6319 0.304351 133 -62 -0.4 0 0.753902 0.306581 295 158 483 195 315 279 576 262 371 165 1.22982 397 504 3.12894
80.5321 0.6319 0.304351 88 -60 -0.4 0 0.753502 0.306581 295 158 483 195 315 279 576 262 371 165 1.22982 397 504 3.12894
80.5988 0.6319 0.304351 88 -60 -0.4 0 0.753102 0.306581 295 158 483 195 315 279 575 262 371 165 1.22982 397 504 3.12894
80.6655 0.6319 0.304351 88 -60 -0.4 0 0.752702 0.306581 295 158 483 195 315 279 576 262 371 165 1.21436 397 504 3.12894
80.7321 0.6319 0.304351 85 -62 -0.4 0 0.752302 0.306581 295 158 483 195 315 279 576 263 371 165 1.22982 397 504 3.12894
80.7988 0.6319 0.304351 85 -62 -0.4 0 0.751902 0.306581 295 158 483 194 314 279 576 263 371 165 1.26229 397 504 3.12894
80.8655 0.6319 0.304351 85 -62 -0.4 0 0.751502 0.306581 295 158 483 195 315 279 575 262 371 165 1.22982 397 504 3.12894
80.9322 0.631129 0.304351 69 -62 -0.4 0 0.751102 0.306581 295 158 483 194 315 279 576 263 371 165 1.22982 397 504 3.12894
80.9988 0.631129 0.304351 69 -62 -0.4 0 0.750702 0.306581 295 158 483 195 315 279 576 263 371 165 1.26229 397 504 3.12894
81.0655 0.631386 0.304351 53 -62 -0.4 0 0.750302 0.306581 295 158 483 194 314 279 576 262 371 165 1.26229 397 504 3.12894
81.1322 0.631386 0.304351 53 -62 -0.4 0 0.749902 0.306581 295 158 483 195 315 279 576 262 371 165 1.21436 397 504 3.12894
81.1988 0.631386 0.304351 53 -62 -0.4 0 0.749502 0.306581 295 158 484 195 315 279 576 262 372 165 1.20146 397 504 3.12894
81.2655 0.62933 0.304608 68 -62 -0.4 0 0.749102 0.306581 295 158 484 194 315 279 576 262 372 165 1.21436 397 504 3.12894
81.3321 0.62933 0.304608 68 -62 -0.4 0 0.748702 0.306581 295 158 484 194 315 279 576 262 372 165 1.21436 397 504 3.12894
81.3988 0.62933 0.304608 68 -62 -0.4 0 0.748302 0.306581 295 158 484 194 315 279 576 262 372 165 1.21436 397 504 3.12894
81.4655 0.628559 0.304351 40 -62 -0.4 0 0.747901 0.306581 295 158 484 194 315 278 576 262 372 164 1.22982 397 504 3.12894
81.5321 0.628559 0.304351 40 -62 -0.4 0 0.747501 0.306581 295 158 484 194 315 278 576 262 373 165 1.20146 397 504 3.12894
81.5988 0.628559 0.304351 40 -62 -0.4 0 0.747101 0.306581 295 158 484 194 315 278 576 262 373 165 1.21085 397 504 3.12894
81.6655 0.628302 0.304351 38 -62 -0.4 0 0.746701 0.306581 295 158 484 194 315 278 576 263 372 164 1.21323 397 504 3.12894
81.7322 0.628302 0.304351 38 -62 -0.4 0 0.746301 0.306581 295 158 484 194 315 279 576 262 372 165 1.23606 397 504 3.12894
81.7988 0.628302 0.304351 38 -62 -0.4 0 0.745901 0.306581 296 158 484 194 315 279 577 262 374 165 1.19781 397 504 3.12894
81.8655 0.626502 0.304351 30 -62 -0.4 0 0.745501 0.306581 296 158 484 194 315 279 577 262 374 165 1.21436 397 504 3.12894
81.9321 0.626502 0.304351 30 -62 -0.4 0 0.745101 0.306581 296 158 484 194 315 279 577 262 374 165 1.21436 397 504 3.12894
81.9988 0.626502 0.304351 30 -62 -0.4 0 0.744701 0.306581 296 158 484 194 315 279 577 262 374 165 1.21436 397 504 3.12894
82.0655 0.626502 0.304351 42 -61 -0.4 0 0.744301 0.306581 296 158 484 194 315 278 577 262 373 164 1.22982 397 504 3.12894
82.1322 0.626502 0.304351 42 -61 -0.4 0 0.743901 0.306581 297 158 486 194 315 278 578 262 374 164 1.19781 397 504 3.12894
82.1988 0.626502 0.304351 42 -61 -0.4 0 0.743501 0.306581 297 157 486 193 316 278 578 262 375 163 1.19408 397 504 3.12894
82.2655 0.624703 0.304351 24 -61 -0.4 0 0.743101 0.306581 297 157 486 193 316 278 578 262 374 164 1.20727 397 504 3.12894
82.3322 0.624703 0.304351 24 -61 -0.4 0 0.742701 0.306581 297 157 486 193 316 278 578 262 374 163 1.20362 397 504 3.12894
82.3989 0.624703 0.304351 24 -61 -0.4 0 0.742301 0.306581 297 157 486 193 316 278 578 262 375 164 1.19781 397 504 3.12894
82.4655 0.62316 0.304351 20 -61 -0.4 0 0.741901 0.306581 299 157 488 193 316 278 579 262 375 163 1.19781 397 504 3.11596
82.5321 0.62316 0.304351 20 -61 -0.4 0 0.741501 0.306581 299 156 488 193 316 278 579 262 376 163 1.1829 397 504 3.11596
82.5988 0.622646 0.304351 20 -61 -0.4 0 0.741101 0.306581 299 157 488 193 316 278 579 262 376 163 1.1829 397 504 3.12894
82.6656 0.622646 0.304351 20 -61 -0.4 0 0.740701 0.306581 299 157 488 193 316 278 579 262 376 164 1.19781 397 504 3.11596
82.7321 0.622646 0.304351 20 -61 -0.4 0 0.740301 0.306581 299 157 489 192 316 278 580 262 376 163 1.1659 397 504 3.12894
82.7988 0.621361 0.304608 17 -62 -0.4 0 0.739901 0.306581 300 157 489 192 317 278 580 262 377 163 1.19029 397 504 3.12894
82.8655 0.621361 0.304608 17 -62 -0.4 0 0.739501 0.306581 300 157 489 192 317 278 580 262 377 163 1.18642 397 504 3.12894
82.9322 0.621361 0.304608 17 -62 -0.4 0 0.739101 0.306581 300 157 489 192 317 278 580 262 377 163 1.1768 397 504 3.11596
82.9988 0.621104 0.304351 34 -61 -0.4 0 0.738701 0.306581 300 157 489 192 317 278 580 262 377 163 1.1659 397 504 3.12894
83.0655 0.621104 0.304351 34 -61 -0.4 0 0.738301 0.306581 302 156 491 191 317 277 581 262 378 163 1.16189 397 504 3.12894
83.1322 0.621104 0.304351 34 -61 -0.4 0 0.737901 0.306581 302 156 491 191 317 277 582 262 379 162 1.16189 397 504 3.12894
83.1988 0.619305 0.304608 21 -61 -0.4 0 0.737501 0.306581 302 156 491 191 317 277 582 262 379 162 1.16189 397 504 3.12894
83.2655 0.619305 0.304608 21 -61 -0.4 0 0.737101 0.306581 302 156 491 191 317 277 582 262 379 162 1.16189 397 504 3.11596
83.3321 0.619305 0.304608 21 -61 -0.4 0 0.736701 0.306581 302 156 491 191 317 277 582 262 379 162 1.16189 397 504 3.11596
83.3988 0.618019 0.304351 19 -61 -0.4 0 0.736301 0.306581 303 156 491 191 318 277 583 262 380 162 1.16189 397 504 3.11596
83.4655 0.618019 0.304351 19 -61 -0.4 0 0.735901 0.306581 303 156 491 191 318 277 583 262 380 161 1.14417 398 504 3.12909
83.5322 0.618019 0.304351 19 -61 -0.4 0 0.735501 0.306581 304 156 492 191 318 277 583 262 380 161 1.15363 397 504 3.11596
83.5988 0.617505 0.304351 19 -61 -0.4 0 0.735101 0.306581 303 156 492 191 318 277 583 262 380 162 1.16189 397 504 3.11596
83.6655 0.617505 0.304351 19 -61 -0.4 0 0.734701 0.306581 303 156 492 191 319 277 583 262 380 161 1.15363 398 504 3.12909
83.7322 0.617505 0.304351 19 -61 -0.4 0 0.734301 0.306581 305 155 494 190 319 276 584 262 381 161 1.16189 397 504 3.14159
83.7988 0.615449 0.304351 18 -59 -0.4 0 0.733901 0.306581 305 155 495 190 319 276 585 261 382 161 1.14417 398 504 3.12894
83.8655 0.615449 0.304351 18 -59 -0.4 0 0.733501 0.306581 305 155 495 190 319 276 585 261 382 161 1.14417 397 504 3.14159
83.9321 0.615449 0.304351 18 -59 -0.4 0 0.733101 0.306581 306 155 495 190 319 276 585 261 383 161 1.1255 397 504 3.12894
83.9988 0.615449 0.304608 30 -59 -0.4 0 0.732701 0.306581 306 155 495 190 320 276 585 262 383 161 1.12987 397 504 3.14159
84.0655 0.615449 0.304608 30 -59 -0.4 0 0.732301 0.306581 307 155 496 190 320 276 586 262 384 160 1.13479 397 504 3.14159
84.1321 0.613135 0.304608 18 -59 -0.4 0 0.731901 0.306581 307 155 497 189 320 276 586 262 384 160 1.12987 397 504 3.14159
84.1988 0.613135 0.304608 18 -59 -0.4 0 0.731501 0.306581 307 155 497 189 320 276 586 262 384 159 1.13985 398 504 3.15409
84.2655 0.613135 0.304608 18 -59 -0.4 0 0.731101 0.306581 307 154 497 189 320 276 586 262 384 160 1.11628 398 504 3.18004
84.3322 0.612364 0.304608 15 -61 -0.4 0 0.730701 0.306581 308 154 497 189 321 276 586 262 385 160 1.12987 398 504 3.19283
84.3988 0.612364 0.304608 15 -61 -0.4 0 0.730301 0.306581 308 154 498 189 321 275 586 262 386 160 1.1255 398 504 3.15409
84.4655 0.612364 0.304608 15 -61 -0.4 0 0.729901 0.306581 308 154 498 189 321 275 587 261 385 159 1.13985 398 504 3.18004
84.5321 0.612107 0.304351 15 -59 -0.4 0 0.729501 0.306581 308 154 498 189 321 275 587 261 385 159 1.13985 398 504 3.15409
84.5988 0.612107 0.304351 15 -59 -0.4 0 0.729101 0.306581 308 154 498 189 321 275 587 261 385 159 1.13985 397 504 3.14159
84.6655 0.612107 0.304351 15 -59 -0.4 0 0.728701 0.306581 310 154 500 188 322 275 588 262 387 159 1.1255 397 504 3.12909
84.7321 0.610051 0.304608 15 -58 -0.4 0 0.728301 0.306581 310 154 500 188 322 275 588 261 387 159 1.09789 398 504 3.15409
84.7988 0.610051 0.304608 15 -58 -0.4 0 0.727901 0.306581 310 154 500 188 322 275 588 261 387 158 1.11165 398 504 3.11596
84.8655 0.610051 0.304608 15 -58 -0.4 0 0.727501 0.306581 310 154 500 188 322 275 588 261 387 159 1.11628 398 504 3.11596
84.9322 0.610051 0.304608 27 -59 -0.4 0 0.727101 0.306581 310 154 500 188 322 275 588 261 387 159 1.11628 398 504 3.14159
84.9989 0.610051 0.304608 27 -59 -0.4 0 0.726701 0.306581 312 154 501 188 323 275 589 262 389 158 1.07963 398 504 3.19283
85.0655 0.610051 0.304608 27 -59 -0.4 0 0.726301 0.306581 312 154 502 187 323 275 589 262 389 158 1.07549 398 504 3.11596
85.1321 0.607994 0.304608 21 -58 -0.4 0 0.725901 0.306581 312 154 502 188 323 275 590 261 390 159 1.07963 397 504 3.12894
85.1988 0.607994 0.304608 21 -58 -0.4 0 0.725501 0.306581 312 153 502 188 323 275 590 261 390 159 1.07963 398 504 3.11596
85.2655 0.607994 0.304608 21 -58 -0.4 0 0.725101 0.306581 312 153 502 188 323 275 589 262 389 158 1.10245 397 504 3.12894
85.3321 0.606452 0.304351 16 -58 -0.4 0 0.724701 0.306581 314 153 504 187 324 274 591 261 391 157 1.07963 397 504 3.12894
85.3988 0.606452 0.304351 16 -58 -0.4 0 0.724301 0.306581 314 153 504 186 324 274 591 261 391 158 1.07963 397 504 3.12894
85.4655 0.606452 0.304351 16 -58 -0.4 0 0.723901 0.306581 314 153 504 187 324 274 591 262 391 158 1.07064 397 504 3.12894
85.5321 0.605938 0.304608 14 -58 -0.4 0 0.723501 0.306581 314 153 504 187 324 274 591 262 391 158 1.07064 397 504 3.12894
85.5989 0.605938 0.304608 14 -58 -0.4 0 0.723101 0.306581 314 153 504 187 325 274 591 262 391 158 1.0657 397 504 3.12894
85.6655 0.605938 0.304608 14 -58 -0.4 0 0.722701 0.306581 316 152 506 186 325 274 592 262 393 157 1.07963 397 504 3.12894
85.7321 0.604139 0.304608 15 -58 -0.4 0 0.722301 0.306581 316 152 506 186 325 274 592 262 393 157 1.07963 397 504 3.12894
85.7988 0.604139 0.304608 15 -58 -0.4 0 0.721901 0.306581 316 152 506 186 325 274 592 262 393 157 1.07064 397 504 3.12894
85.8655 0.604139 0.304608 -3 -57 -0.4 0 0.721501 0.306581 316 152 506 185 325 274 592 262 393 157 1.07963 397 504 3.12894
85.9322 0.604139 0.304608 -3 -57 -0.4 0 0.721101 0.306581 316 152 507 185 326 273 593 262 394 156 1.07064 397 504 3.12894
85.9988 0.604139 0.304608 -3 -57 -0.4 0 0.720701 0.306581 317 152 507 185 326 273 594 261 395 156 1.0529 397 504 3.12894
86.0655 0.602339 0.304608 15 -57 -0.4 0 0.720301 0.306581 317 152 508 186 326 273 594 261 395 156 1.0529 397 504 3.12894
86.1322 0.602339 0.304608 15 -57 -0.4 0 0.719901 0.306581 317 152 508 186 326 273 594 261 395 156 1.0529 397 504 3.12894
86.1988 0.602339 0.304608 15 -57 -0.4 0 0.719501 0.306581 317 152 508 186 326 273 594 261 395 156 1.0529 397 504 3.12894
86.2655 0.601311 0.304608 14 -58 -0.4 0 0.719101 0.306581 319 152 510 185 327 273 595 261 396 155 1.03749 397 504 3.12894
86.3322 0.601311 0.304608 14 -58 -0.4 0 0.718701 0.306581 320 151 510 185 327 273 595 262 397 155 1.05673 397 504 3.12894
86.3988 0.601311 0.304608 14 -58 -0.4 0 0.718301 0.306581 320 151 510 185 327 273 595 261 397 154 1.02861 397 504 3.12894
86.4655 0.60054 0.304608 13 -57 -0.4 0 0.717901 0.306581 320 151 510 185 327 273 595 261 397 155 1.03389 397 504 3.12894
86.5321 0.60054 0.304608 13 -57 -0.4 0 0.717501 0.306581 320 151 510 185 327 273 595 261 397 155 1.03389 397 504 3.12894
86.5988 0.60054 0.304608 13 -57 -0.4 0 0.717101 0.306581 321 151 512 184 328 273 596 261 398 154 1.03907 397 504 3.12894
86.6655 0.59874 0.304608 13 -57 -0.4 0 0.716701 0.306581 321 151 512 184 328 273 597 261 399 154 1.01981 397 504 3.12894
86.7321 0.59874 0.304608 13 -57 -0.4 0 0.716301 0.306581 321 151 512 184 328 273 597 261 399 154 1.01439 397 504 3.12894
86.7988 0.59874 0.304608 13 -57 -0.4 0 0.715901 0.306581 321 151 512 184 328 273 597 261 399 154 1.01439 398 504 3.14159
86.8655 0.598483 0.304608 -2 -56 -0.4 0 0.715501 0.306581 321 151 512 184 328 273 597 261 399 154 1.01439 397 504 3.12894
86.9322 0.598483 0.304608 -2 -56 -0.4 0 0.715101 0.306581 323 151 513 184 329 272 597 262 401 154 1.00565 398 503 3.15441
86.9988 0.598483 0.304608 -2 -56 -0.4 0 0.714701 0.306581 324 150 513 184 329 272 598 262 402 154 0.996997 397 504 3.12894
87.0655 0.596427 0.304608 10 -57 -0.4 0 0.714301 0.306581 324 150 514 183 329 272 598 262 401 153 1.01111 397 504 3.12894
87.1321 0.596427 0.304608 10 -57 -0.4 0 0.713901 0.306581 324 150 514 183 329 272 598 262 401 153 1.00251 397 504 3.12894
87.1988 0.596427 0.304608 10 -57 -0.4 0 0.713501 0.306581 324 150 514 183 330 272 598 262 401 153 1.00251 397 504 3.12894
87.2655 0.595142 0.304865 9 -53 -0.4 0 0.713101 0.306581 325 150 516 183 330 272 599 261 403 153 1.00565 398 503 3.10411
87.3321 0.595142 0.304865 9 -53 -0.4 0 0.712701 0.306581 325 150 516 183 331 272 600 262 403 153 0.993998 397 504 3.11628
87.3988 0.594628 0.304865 12 -52 -0.4 0 0.712301 0.306581 326 150 517 183 331 272 600 262 403 153 0.968509 398 504 3.12909
87.4655 0.594628 0.304865 12 -52 -0.4 0 0.711901 0.306581 326 150 517 183 331 272 600 262 404 153 0.979878 397 504 3.11628
87.5321 0.594628 0.304865 12 -52 -0.4 0 0.711501 0.306581 326 150 518 182 332 271 600 261 404 153 0.988443 398 504 3.14159
87.5988 0.593342 0.304865 10 -50 -0.4 0 0.711101 0.306581 327 150 518 182 331 271 601 262 405 153 0.96007 398 503 3.15425
87.6655 0.593342 0.304865 10 -50 -0.4 0 0.710701 0.306581 327 149 518 182 331 271 601 262 405 152 1.00008 398 504 3.14159
87.7321 0.593342 0.304865 10 -50 -0.4 0 0.710301 0.306581 327 149 518 182 331 271 601 262 405 152 1.00008 398 503 3.1166
87.7988 0.592828 0.304865 -3 -46 -0.4 0 0.709901 0.306581 327 149 518 182 331 271 601 262 405 152 1.00008 397 504 3.12894
87.8655 0.592828 0.304865 -3 -46 -0.4 0 0.709501 0.306581 329 149 520 182 333 271 602 262 407 151 0.974295 398 503 3.11628
87.9321 0.592828 0.304865 -3 -46 -0.4 0 0.709101 0.306581 329 149 520 181 333 271 603 262 408 151 0.954148 398 503 3.11628
87.9988 0.591029 0.305122 7 -47 -0.4 0 0.708701 0.306581 329 149 521 181 333 270 603 262 408 152 0.962624 398 503 3.10411
88.0655 0.591029 0.305122 7 -47 -0.4 0 0.708301 0.306581 330 149 521 181 333 271 603 262 408 151 0.979985 398 503 3.12894
88.1321 0.591029 0.305122 7 -47 -0.4 0 0.707901 0.306581 330 149 521 181 333 270 603 262 409 151 0.971621 398 503 3.1166
88.1988 0.589744 0.305122 -1 -46 -0.4 0 0.707501 0.306581 331 149 522 181 334 270 603 262 409 150 0.954148 398 503 3.12909
88.2655 0.589744 0.305122 -1 -46 -0.4 0 0.707101 0.306581 331 149 522 181 334 270 604 262 409 151 0.939717 398 503 3.15458
88.3321 0.589744 0.305122 -1 -46 -0.4 0 0.706701 0.306581 331 149 522 181 334 270 604 262 410 151 0.948126 398 503 3.14159
88.3988 0.589229 0.305122 6 -44 -0.4 0 0.706301 0.306581 332 149 523 181 334 270 604 262 410 150 0.965894 398 503 3.14159
88.4655 0.589229 0.305122 6 -44 -0.4 0 0.705901 0.306581 332 149 523 181 334 270 604 262 410 150 0.974295 398 503 3.15425
88.5322 0.589229 0.305122 6 -44 -0.4 0 0.705501 0.306581 333 148 525 180 335 270 605 262 412 149 0.965894 398 503 3.10457
88.5988 0.589229 0.305122 6 -44 -0.4 0 0.705101 0.306581 334 149 525 180 336 270 606 262 412 149 0.925221 398 503 3.1166
88.6655 0.589229 0.305122 6 -44 -0.4 0 0.704701 0.306581 334 149 526 180 336 270 606 262 412 150 0.939717 398 503 3.12909
88.7321 0.589229 0.305122 6 -44 -0.4 0 0.704301 0.306581 334 148 526 180 336 270 606 262 413 150 0.925221 398 503 3.12894
88.7988 0.587173 0.305122 7 -42 -0.4 0 0.703901 0.306581 334 148 526 180 336 270 606 262 413 150 0.925221 398 503 3.15425
88.8655 0.587173 0.305122 7 -42 -0.4 0 0.703501 0.306581 334 148 526 180 336 270 606 262 413 150 0.925221 398 503 3.12909
88.9322 0.585888 0.305379 7 -41 -0.4 0 0.703101 0.306581 335 148 527 180 336 269 607 262 414 149 0.954148 398 503 3.10411
88.9988 0.585888 0.305379 7 -41 -0.4 0 0.702701 0.306581 336 148 527 179 336 269 607 262 415 148 0.908855 398 503 3.14159
89.0655 0.585888 0.305379 7 -41 -0.4 0 0.702301 0.306581 336 148 527 179 336 269 607 262 414 149 0.927295 398 503 3.10457
89.1321 0.585374 0.305122 -1 -40 -0.4 0 0.701901 0.306581 336 148 527 179 336 269 607 262 414 148 0.916986 398 503 3.12909
89.1988 0.585374 0.305122 -1 -40 -0.4 0 0.701501 0.306581 337 148 528 179 337 269 608 262 416 149 0.902507 398 503 3.12909
89.2655 0.585374 0.305122 -1 -40 -0.4 0 0.701101 0.306581 337 148 529 179 338 269 608 262 416 148 0.894453 398 503 3.10457
89.3321 0.583317 0.305379 6 -40 -0.4 0 0.700701 0.306581 337 148 529 179 338 269 608 262 416 148 0.896055 398 503 3.1166
89.3988 0.583317 0.305379 6 -40 -0.4 0 0.700301 0.306581 337 148 530 178 338 269 608 262 416 148 0.896055 398 503 3.12909
89.4655 0.583317 0.305379 6 -40 -0.4 0 0.699901 0.306581 337 148 530 178 338 269 608 262 416 148 0.896055 398 503 3.12909
89.5322 0.581775 0.305379 1 -39 -0.4 0 0.699501 0.306581 339 147 531 178 338 269 609 262 418 147 0.852964 398 503 3.12894
89.5988 0.581775 0.305379 1 -39 -0.4 0 0.699101 0.306581 339 147 531 178 339 269 609 262 418 147 0.863255 398 503 3.12909
89.6655 0.581775 0.305379 1 -39 -0.4 0 0.698701 0.306581 339 147 531 178 339 268 609 262 419 147 0.870903 398 503 3.12909
89.7322 0.581518 0.305379 0 -40 -0.4 0 0.698301 0.306581 339 147 531 178 339 268 609 262 419 147 0.870903 398 503 3.12909
89.7988 0.581518 0.305379 0 -40 -0.4 0 0.697901 0.306581 339 147 531 178 339 269 609 262 418 146 0.887978 398 503 3.12909
89.8655 0.581518 0.305379 0 -40 -0.4 0 0.697501 0.306581 340 147 532 177 339 269 610 263 420 147 0.873406 398 503 3.14159
89.9321 0.579719 0.305636 0 -34 -0.4 0 0.697101 0.306581 340 147 532 177 339 269 610 263 420 147 0.873406 398 503 3.12909
89.9988 0.579719 0.305636 0 -34 -0.4 0 0.696701 0.306581 340 147 532 177 339 269 610 263 420 146 0.858795 398 503 3.12909
90.0655 0.579719 0.305636 0 -34 -0.4 0 0.696301 0.306581 340 147 532 177 339 269 610 263 420 147 0.858795 398 503 3.12909
90.1321 0.579719 0.305636 -1 -32 -0.4 0 0.695901 0.306581 340 147 532 177 339 268 610 262 420 147 0.858795 398 503 3.12909
90.1988 0.579719 0.305636 -1 -32 -0.4 0 0.695501 0.306581 341 147 534 176 340 268 611 262 422 145 0.741309 398 503 3.12909
90.2655 0.579719 0.305636 -1 -32 -0.4 0 0.695101 0.306581 341 147 534 176 340 268 611 263 422 145 0.755995 398 503 3.12909
90.3321 0.577405 0.305636 5 -29 -0.4 0 0.694701 0.306581 341 147 534 176 340 268 611 263 422 145 0.755995 398 503 3.14159
90.3988 0.577405 0.305636 5 -29 -0.4 0 0.694301 0.306581 341 147 534 176 340 269 611 263 422 145 0.748378 398 503 3.12909
90.4655 0.577405 0.305636 5 -29 -0.4 0 0.693901 0.306581 342 147 534 176 341 268 611 262 422 145 0.835715 398 503 3.12894
90.5321 0.575863 0.305636 0 -30 -0.4 0 0.693501 0.306581 343 147 535 176 341 268 612 263 424 145 0.726642 398 503 3.12909
90.5988 0.575863 0.305636 0 -30 -0.4 0 0.693101 0.306581 343 147 535 175 341 268 612 263 424 145 0.726642 398 503 3.12909
90.6655 0.575606 0.305636 2 -33 -0.4 0 0.692701 0.306581 343 147 535 175 341 268 612 263 424 145 0.726642 398 503 3.12894
90.7322 0.575606 0.305636 2 -33 -0.4 0 0.692301 0.306581 343 147 535 175 341 268 612 263 424 144 0.734348 398 503 3.12909
90.7988 0.575606 0.305636 2 -33 -0.4 0 0.691901 0.306581 343 146 536 175 341 268 613 263 423 144 0.755556 398 503 3.12894
90.8655 0.574063 0.305636 4 -30 -0.4 0 0.691501 0.306581 344 146 537 174 341 268 613 263 425 143 0.705278 398 503 3.12909
90.9321 0.574063 0.305636 4 -30 -0.4 0 0.691101 0.306581 344 146 537 175 341 268 613 263 425 143 0.712001 398 503 3.12894
90.9988 0.574063 0.305636 4 -30 -0.4 0 0.690701 0.306581 344 146 537 175 341 268 613 263 425 143 0.712001 398 503 3.12909
91.0655 0.573806 0.305379 -1 -30 -0.4 0 0.690301 0.306581 344 146 537 175 341 268 613 263 425 143 0.705278 398 503 3.12909
91.1321 0.573806 0.305379 -1 -30 -0.4 0 0.689901 0.306581 345 146 538 174 342 268 613 263 426 143 0.690791 398 503 3.14159
91.1988 0.573806 0.305379 -1 -30 -0.4 0 0.689501 0.306581 345 146 538 174 342 267 613 263 426 142 0.682818 398 503 3.12894
91.2655 0.572007 0.305636 0 -29 -0.4 0 0.6891 0.306581 345 146 538 174 342 267 613 263 426 142 0.689398 398 503 3.14159
91.3322 0.572007 0.305636 0 -29 -0.4 0 0.6887 0.306581 345 146 538 174 342 267 613 263 426 142 0.690791 398 503 3.12894
91.3988 0.572007 0.305636 0 -29 -0.4 0 0.6883 0.306581 345 146 538 174 342 267 613 263 426 142 0.697391 398 503 3.16723
91.4655 0.570465 0.305636 0 -29 -0.4 0 0.6879 0.306581 345 146 540 173 343 267 613 263 427 141 0.668289 398 503 3.12909
91.5321 0.570465 0.305636 0 -29 -0.4 0 0.6875 0.306581 346 146 539 173 343 267 614 263 427 141 0.660132 398 503 3.12909
91.5988 0.570465 0.305636 0 -29 -0.4 0 0.6871 0.306581 346 146 540 173 343 268 614 263 427 142 0.674741 398 503 3.12894
91.6655 0.569693 0.305636 2 -29 -0.4 0 0.6867 0.306581 346 146 540 173 343 268 614 263 427 142 0.668289 398 503 3.12894
91.7321 0.569693 0.305636 2 -29 -0.4 0 0.6863 0.306581 346 146 540 173 343 268 614 263 427 142 0.674741 398 503 3.12894
91.7988 0.569693 0.305636 2 -29 -0.4 0 0.6859 0.306581 346 146 541 172 343 267 614 263 428 140 0.637238 398 503 3.12894
91.8655 0.568151 0.305636 4 -29 -0.4 0 0.6855 0.306581 346 146 540 172 344 267 613 263 428 141 0.645576 398 503 3.12894
91.9322 0.568151 0.305636 4 -29 -0.4 0 0.6851 0.306581 346 146 540 172 344 267 613 263 428 140 0.660132 398 503 3.12894
91.9988 0.568151 0.305636 4 -29 -0.4 0 0.6847 0.306581 346 146 540 172 344 267 614 263 429 140 0.619066 398 503 3.12894
92.0655 0.567894 0.305636 -1 -29 -0.4 0 0.6843 0.306581 346 146 540 172 344 267 613 263 429 140 0.613207 398 503 3.12894
92.1322 0.567894 0.305636 -1 -29 -0.4 0 0.6839 0.306581 347 146 541 171 344 267 613 263 429 139 0.628796 398 503 3.14159
92.1988 0.566095 0.305636 0 -30 -0.4 0 0.6835 0.306581 347 146 541 171 344 267 613 263 430 139 0.604902 398 503 3.12894
92.2655 0.566095 0.305636 0 -30 -0.4 0 0.6831 0.306581 347 146 541 171 344 267 613 263 430 139 0.604902 398 503 3.12894
92.3321 0.566095 0.305636 0 -30 -0.4 0 0.6827 0.306581 347 146 541 171 344 267 613 263 430 139 0.604902 398 503 3.12894
92.3988 0.564809 0.305636 0 -30 -0.4 0 0.6823 0.306581 348 146 542 170 344 267 613 263 429 139 0.604902 398 503 3.12894
92.4655 0.564809 0.305636 0 -30 -0.4 0 0.6819 0.306581 348 145 542 170 344 267 613 263 430 138 0.608173 398 503 3.14159
92.5322 0.564809 0.305636 0 -30 -0.4 0 0.6815 0.306581 348 145 542 170 344 267 613 263 430 138 0.579407 398 503 3.12894
92.5988 0.564552 0.305636 0 -30 -0.4 0 0.6811 0.306581 348 145 542 170 344 267 614 263 430 138 0.579407 398 503 3.12894
92.6655 0.564552 0.305636 0 -30 -0.4 0 0.6807 0.306581 348 145 542 170 344 267 613 263 430 138 0.579407 398 503 3.12894
92.7321 0.564552 0.305636 0 -30 -0.4 0 0.6803 0.306581 349 146 543 169 345 267 613 263 431 138 0.579407 398 503 3.12894
92.7988 0.562496 0.305636 0 -29 -0.4 0 0.6799 0.306581 349 145 543 169 345 267 613 263 432 137 0.565149 398 503 3.12909
92.8655 0.562496 0.305636 0 -29 -0.4 0 0.6795 0.306581 349 145 543 169 345 267 613 263 432 137 0.565149 398 503 3.12894
92.9321 0.562496 0.305636 0 -29 -0.4 0 0.6791 0.306581 349 145 543 169 345 266 613 263 432 137 0.565149 398 503 3.14159
92.9988 0.562239 0.305893 0 -29 -0.4 0 0.6787 0.306581 349 145 543 169 345 266 613 263 432 137 0.565149 398 503 3.12894
93.0655 0.562239 0.305893 0 -29 -0.4 0 0.6783 0.306581 350 145 544 168 345 267 613 263 432 136 0.536911 398 503 3.12894
93.1321 0.562239 0.305893 0 -29 -0.4 0 0.6779 0.306581 350 145 544 168 345 267 613 263 432 136 0.545655 398 503 3.12894
93.1988 0.56044 0.305893 0 -25 -0.4 0 0.6775 0.306581 350 145 544 168 345 267 613 263 433 136 0.538624 398 503 3.14159
93.2655 0.56044 0.305893 0 -25 -0.4 0 0.6771 0.306581 350 145 544 168 345 267 613 263 433 136 0.588003 398 503 3.14159
93.3321 0.56044 0.305893 0 -25 -0.4 0 0.6767 0.306581 350 145 544 168 345 267 613 263 433 137 0.559682 398 503 3.12894
93.3988 0.558897 0.30615 0 -24 -0.4 0 0.6763 0.306581 351 145 545 167 346 266 613 263 433 135 0.514064 398 503 3.12894
93.4655 0.558897 0.30615 0 -24 -0.4 0 0.6759 0.306581 351 145 545 167 346 266 613 263 434 135 0.54042 398 503 3.12909
93.5321 0.558897 0.30615 0 -24 -0.4 0 0.6755 0.306581 351 145 545 167 346 266 613 263 434 135 0.550982 398 503 3.12909
93.5988 0.558383 0.305893 3 -26 -0.4 0 0.6751 0.306581 351 145 545 167 346 266 613 263 434 135 0.528074 398 503 3.12894
93.6655 0.558383 0.305893 3 -26 -0.4 0 0.6747 0.306581 351 145 546 166 347 266 613 263 434 134 0.517893 398 503 3.12894
93.7321 0.556327 0.305893 0 -19 -0.4 0 0.6743 0.306581 351 145 546 166 347 266 613 263 434 134 0.486371 398 503 3.14159
93.7988 0.556327 0.305893 0 -19 -0.4 0 0.6739 0.306581 351 145 546 166 346 266 613 263 435 133 0.472697 398 503 3.12894
93.8655 0.556327 0.305893 0 -19 -0.4 0 0.6735 0.306581 351 145 546 166 347 266 613 263 435 133 0.472697 398 503 3.12894
93.9322 0.55607 0.30615 0 -21 -0.4 0 0.6731 0.306581 351 145 546 166 347 266 613 263 435 134 0.468235 398 503 3.12894
93.9988 0.55607 0.30615 0 -21 -0.4 0 0.6727 0.306581 352 145 546 165 347 266 613 263 436 134 0.491164 398 503 3.14159
94.0655 0.55607 0.30615 0 -21 -0.4 0 0.6723 0.306581 352 145 547 165 347 266 613 263 436 133 0.463648 398 503 3.14159
94.1322 0.554784 0.30615 0 -19 -0.4 0 0.6719 0.306581 352 145 547 165 347 266 613 263 435 133 0.491164 398 503 3.12894
94.1988 0.554784 0.30615 0 -19 -0.4 0 0.6715 0.306581 352 145 547 165 347 266 614 263 436 133 0.459039 398 503 3.12894
94.2655 0.554784 0.30615 0 -19 -0.4 0 0.6711 0.306581 352 145 547 165 347 266 613 263 436 133 0.459039 398 503 3.12894
94.3321 0.553242 0.30615 0 -19 -0.4 0 0.6707 0.306581 353 145 547 165 347 266 613 263 436 132 0.482079 398 503 3.12894
94.3988 0.553242 0.30615 0 -19 -0.4 0 0.6703 0.306581 353 145 548 164 348 266 613 263 437 132 0.445301 398 503 3.12894
94.4655 0.553242 0.30615 0 -19 -0.4 0 0.6699 0.306581 353 145 548 164 348 266 613 263 437 132 0.44976 398 503 3.12894
94.5321 0.552728 0.30615 0 -20 -0.4 0 0.6695 0.306581 353 145 548 164 348 266 613 263 437 132 0.445301 398 503 3.12894
94.5988 0.552728 0.30615 0 -20 -0.4 0 0.6691 0.306581 353 145 548 164 348 266 613 263 437 132 0.445301 398 503 3.12894
94.6655 0.552728 0.30615 0 -20 -0.4 0 0.6687 0.306581 353 145 548 164 348 266 613 263 437 131 0.422387 398 503 3.12894
94.7322 0.550929 0.30615 0 -20 -0.4 0 0.6683 0.306581 353 145 549 163 348 266 613 263 438 131 0.427464 398 503 3.12894
94.7989 0.550929 0.30615 0 -20 -0.4 0 0.6679 0.306581 353 145 549 163 348 266 613 263 437 131 0.430949 398 503 3.12894
94.8655 0.550929 0.30615 0 -20 -0.4 0 0.6675 0.306581 354 145 549 163 348 266 613 263 438 131 0.445301 398 503 3.12894
94.9321 0.550929 0.30615 -1 -20 -0.4 0 0.6671 0.306581 354 144 549 163 348 266 613 263 438 131 0.436005 398 503 3.12894
94.9988 0.550929 0.30615 -1 -20 -0.4 0 0.6667 0.306581 354 145 549 162 349 266 613 263 439 130 0.3917 398 503 3.12894
95.0655 0.550929 0.30615 -1 -20 -0.4 0 0.6663 0.306581 354 144 549 162 349 266 613 263 438 130 0.432408 398 503 3.12894
95.1321 0.548872 0.30615 0 -19 -0.4 0 0.6659 0.306581 355 144 550 162 349 266 613 263 439 130 0.407632 398 503 3.12894
95.1988 0.548872 0.30615 0 -19 -0.4 0 0.6655 0.306581 355 144 550 162 349 266 613 263 439 130 0.398014 398 503 3.14159
95.2655 0.548872 0.30615 0 -19 -0.4 0 0.6651 0.306581 355 144 550 162 349 266 613 263 439 130 0.398014 398 503 3.12894
95.3321 0.54733 0.30615 0 -19 -0.4 0 0.6647 0.306581 355 144 550 162 350 266 614 263 440 131 0.388319 398 503 3.12894
95.3989 0.54733 0.30615 0 -19 -0.4 0 0.6643 0.306581 355 144 551 161 349 266 614 262 441 135 0.382487 398 503 3.15425
95.4655 0.546816 0.30615 0 -19 -0.4 0 0.6639 0.306581 355 145 551 161 350 266 613 263 442 135 0.378546 398 503 3.15425
95.5321 0.546816 0.30615 0 -19 -0.4 0 0.6635 0.306581 355 144 551 161 350 266 613 263 442 135 0.382487 398 503 3.12909
95.5988 0.546816 0.30615 0 -19 -0.4 0 0.6631 0.306581 356 144 551 160 350 266 613 263 442 135 0.366394 398 503 3.12894
95.6655 0.545273 0.30615 0 -19 -0.4 0 0.6627 0.306581 356 144 551 160 350 266 613 263 442 135 0.362544 398 503 3.12894
95.7321 0.545273 0.30615 0 -19 -0.4 0 0.6623 0.306581 356 144 552 160 350 266 613 263 442 135 0.360059 398 503 3.19283
95.7988 0.545273 0.30615 0 -19 -0.4 0 0.6619 0.306581 356 144 552 160 350 266 614 262 443 136 0.372554 398 503 3.12894
95.8655 0.545273 0.30615 -1 -19 -0.4 0 0.6615 0.306581 356 144 552 160 350 266 613 263 443 136 0.37649 398 503 3.12894
95.9321 0.545273 0.30615 -1 -19 -0.4 0 0.6611 0.306581 356 144 552 160 350 266 613 263 443 135 0.332059 398 503 3.12894
95.9988 0.545273 0.30615 -1 -19 -0.4 0 0.6607 0.306581 356 144 553 159 350 266 613 263 443 135 0.308053 398 503 3.12909
96.0655 0.54296 0.30615 2 -19 -0.4 0 0.6603 0.306581 356 144 553 159 350 266 613 263 444 136 0.335639 398 503 3.12909
