18.5319 0.24992 0.160401 4 6 0 0 0 0 85 418 883 437 202 445 769 459 491 97 0.53221 396 511 3.19349
18.5985 0.24992 0.160401 5 5 0 0 0 0 85 418 883 437 202 445 769 459 491 97 0.53221 396 511 3.19349
18.6652 0.24992 0.160401 5 5 0 0 0.36992 0.160401 85 418 883 437 202 445 770 459 491 97 0.53221 396 511 3.14159
18.7318 0.24992 0.160401 5 5 0 0 0.36992 0.160401 85 418 883 437 202 445 770 459 491 97 0.53221 396 511 3.14159
18.7985 0.24992 0.160401 5 5 0 0 0.36992 0.160401 85 418 883 437 202 445 769 459 491 97 0.53221 397 511 3.14159
18.8652 0.24992 0.160401 5 6 0 0 0.36992 0.160401 85 418 883 437 202 445 769 459 491 97 0.53221 396 510 3.12861
18.9318 0.24992 0.160401 5 6 0 0 0.36992 0.160401 85 418 883 437 202 445 770 459 491 97 0.53221 396 511 3.20644
18.9985 0.24992 0.160401 5 6 0 0 0.36992 0.160401 85 418 883 437 202 445 770 459 491 97 0.53221 397 511 3.14159
19.0652 0.24992 0.160401 0 5 0 0 0.36992 0.160401 85 418 883 437 202 445 769 459 491 97 0.53221 397 511 3.14159
19.1318 0.24992 0.160401 0 5 0 0 0.36992 0.160401 85 418 883 437 202 445 769 459 491 97 0.53221 396 511 3.19349
19.1985 0.24992 0.160401 0 5 0 0 0.36992 0.160401 85 418 883 437 202 445 769 459 491 97 0.53221 396 511 3.19349
19.2652 0.24992 0.160401 0 5 0 0 0.36992 0.160401 85 418 883 437 202 445 769 459 491 97 0.53221 396 511 3.11596
19.3318 0.24992 0.160401 0 5 0 0 0.36992 0.160401 85 418 883 437 202 445 770 459 491 97 0.53221 397 511 3.12909
19.3985 0.24992 0.160401 0 5 0 0 0.36992 0.160401 85 418 883 437 202 445 769 459 491 97 0.53221 396 511 3.19349
19.4652 0.24992 0.160401 0 5 0 0 0.36992 0.160401 85 418 883 437 202 445 769 459 491 97 0.53221 397 511 3.14159
19.5318 0.24992 0.160401 0 5 0 0 0.36992 0.160401 85 418 883 437 202 445 770 459 491 97 0.53221 396 510 3.12861
19.5985 0.24992 0.160401 0 5 0 0 0.36992 0.160401 85 418 883 437 202 445 770 459 491 97 0.53221 396 511 3.12894
19.6651 0.24992 0.160401 0 5 0 0 0.36992 0.160401 85 418 883 437 202 445 769 459 491 97 0.53221 396 511 3.20644
19.7318 0.24992 0.160401 0 5 0 0 0.36992 0.160401 85 418 883 437 202 445 769 459 491 97 0.53221 397 511 3.14159
19.7985 0.24992 0.160401 0 5 0 0 0.36992 0.160401 85 418 883 437 202 445 770 459 491 97 0.53221 397 511 3.14159
19.8652 0.24992 0.160401 0 5 0 0 0.36992 0.160401 85 418 883 437 202 445 769 459 491 97 0.53221 396 510 3.12861
19.9318 0.24992 0.160401 0 5 0 0 0.36992 0.160401 85 418 883 437 202 445 769 459 491 97 0.53221 397 511 3.12909
19.9985 0.24992 0.160401 0 5 0 0 0.36992 0.160401 85 418 883 437 202 445 769 459 491 97 0.53221 397 511 3.12909
20.0652 0.24992 0.160401 0 5 0 0 0.36992 0.160401 85 418 883 437 202 445 770 459 491 97 0.53221 396 511 3.20644
20.1318 0.24992 0.160401 0 5 0 0 0.36992 0.160401 85 418 883 437 202 445 769 459 491 97 0.53221 397 511 3.14159
20.1985 0.24992 0.160401 0 5 0 0 0.36992 0.160401 85 418 883 437 202 445 769 459 491 97 0.53221 396 511 3.11596
20.2652 0.24992 0.160401 0 5 0 0 0.36992 0.160401 85 418 883 437 202 445 769 459 491 97 0.53221 396 511 3.19349
20.3318 0.24992 0.160401 0 5 0 0 0.36992 0.160401 85 418 883 437 202 445 769 459 491 97 0.53221 397 511 3.14159
20.3985 0.24992 0.160401 0 5 0 0 0.36992 0.160401 85 418 883 437 202 445 769 459 491 97 0.53221 396 511 3.12877
20.4652 0.24992 0.160401 0 5 0 0 0.36992 0.160401 85 418 883 437 202 445 769 459 491 97 0.53221 396 510 3.12861
20.5318 0.24992 0.160401 0 5 0 0 0.36992 0.160401 85 418 883 437 202 445 770 459 491 97 0.53221 396 510 3.12861
20.5985 0.24992 0.160401 0 5 0 0 0.36992 0.160401 85 418 883 437 202 445 769 459 491 97 0.53221 396 511 3.20644
20.6651 0.24992 0.160401 0 5 0 0 0.36992 0.160401 85 418 883 437 202 445 769 459 491 97 0.53221 397 511 3.12909
20.7318 0.24992 0.160401 0 5 0 0 0.37992 0.170401 85 418 883 437 202 445 769 459 491 97 0.53221 397 511 3.14159
20.7985 0.24992 0.160401 0 5 0 0 0.37992 0.170401 85 418 883 437 202 445 769 459 491 97 0.53221 397 511 3.14159
20.8652 0.24992 0.160401 0 5 0 0 0.37992 0.170401 85 418 883 437 202 445 769 459 491 97 0.53221 397 511 3.14159
20.9318 0.24992 0.160401 0 5 0 0 0.37992 0.170401 85 418 883 437 202 445 769 459 491 97 0.53221 397 511 3.14159
20.9985 0.24992 0.160401 0 5 0 0 0.37992 0.170401 85 418 883 437 202 445 770 459 491 97 0.53221 397 511 3.12909
21.0651 0.24992 0.160401 0 5 0 0 0.37992 0.170401 85 418 883 421 202 445 770 449 491 97 0.53221 396 511 3.14159
21.1318 0.253518 0.160401 11 5 0 0 0.37992 0.170401 85 418 883 419 202 445 770 448 491 97 0.53221 397 511 3.12909
21.1985 0.253518 0.160401 11 5 0 0 0.38992 0.180401 85 418 883 419 202 445 770 448 491 97 0.53221 396 511 3.14159
21.2652 0.253518 0.160401 11 5 0 0 0.38992 0.180401 85 409 883 418 203 439 770 448 491 97 0.53221 396 511 3.14159
21.3318 0.253518 0.160401 11 5 0 0 0.38992 0.180401 87 400 883 418 203 434 770 448 491 97 0.537108 397 511 3.14159
21.3985 0.259431 0.169655 7 -16 0 0 0.38992 0.180401 87 400 883 418 203 434 770 448 491 97 0.537108 397 511 3.14159
21.4652 0.259431 0.169655 7 -16 0 0 0.38992 0.180401 87 399 883 419 203 433 770 448 491 97 0.53221 397 511 3.12909
21.5318 0.259431 0.169655 7 -16 0 0 0.38992 0.180401 87 399 881 396 203 433 769 433 491 97 0.537108 396 511 3.11596
21.5985 0.259431 0.169655 7 -16 0 0 0.38992 0.180401 87 399 880 395 203 433 769 433 491 97 0.53221 397 511 3.12909
21.6652 0.259431 0.169655 7 -16 0 0 0.39992 0.190401 88 399 880 395 203 433 769 433 491 97 0.53221 397 511 3.14159
21.7318 0.269199 0.169912 10 -1 0 0 0.39992 0.190401 88 396 880 395 203 433 769 433 491 97 0.53221 396 511 3.20644
21.7985 0.269199 0.169912 10 -1 0 0 0.39992 0.190401 91 379 880 395 203 433 769 433 491 97 0.53221 397 511 3.14159
21.8652 0.269199 0.169912 10 -1 0 0 0.39992 0.190401 92 377 880 395 205 419 769 433 491 97 0.53221 396 511 3.14159
21.9318 0.269199 0.169912 10 -1 0 0 0.39992 0.190401 92 376 880 395 205 419 769 433 491 97 0.53221 397 511 3.14159
21.9985 0.269456 0.179937 2 -17 0 0 0.39992 0.190401 92 376 880 395 205 419 768 422 491 97 0.53221 397 511 3.14159
22.0651 0.269456 0.179937 2 -17 0 0 0.39992 0.190401 92 376 876 372 205 419 767 419 491 97 0.53221 397 511 3.14159
22.1318 0.269456 0.179937 2 -17 0 0 0.40992 0.200401 92 376 876 371 205 419 767 419 491 97 0.53221 396 511 3.14159
22.1985 0.269456 0.179937 2 -17 0 0 0.40992 0.200401 92 376 876 371 205 419 767 418 491 97 0.53221 396 511 3.14159
22.2652 0.279224 0.183793 12 -13 0 0 0.40992 0.200401 98 355 876 371 205 419 767 418 491 97 0.53221 396 511 3.14159
22.3318 0.279224 0.183793 12 -13 0 0 0.40992 0.200401 98 353 876 371 205 419 767 418 491 97 0.53221 396 511 3.19349
22.3985 0.279224 0.183793 12 -13 0 0 0.40992 0.200401 99 353 876 371 205 419 767 419 491 97 0.53221 397 511 3.14159
22.4652 0.279224 0.183793 12 -13 0 0 0.40992 0.200401 98 352 876 371 205 419 766 412 491 97 0.53221 396 511 3.14159
22.5318 0.279224 0.183793 12 -13 0 0 0.40992 0.200401 99 352 870 350 205 419 764 405 491 97 0.537108 396 511 3.15425
22.5985 0.28308 0.189962 13 -17 0 0 0.40992 0.200401 98 353 870 349 205 419 764 405 491 97 0.537108 396 511 3.14159
22.6652 0.28308 0.189962 13 -17 0 0 0.41992 0.210401 99 352 870 349 205 419 764 405 491 97 0.53221 397 511 3.15441
22.7318 0.28308 0.189962 13 -17 0 0 0.41992 0.210401 105 334 870 349 205 419 764 405 491 97 0.537108 396 511 3.19349
22.7985 0.28308 0.189962 13 -17 0 0 0.41992 0.210401 107 330 870 349 205 419 764 405 491 97 0.53221 396 511 3.12894
22.8652 0.289506 0.19973 9 -20 0 0 0.41992 0.210401 108 329 870 348 205 419 764 404 491 97 0.53221 396 511 3.14159
22.9318 0.289506 0.19973 9 -20 0 0 0.41992 0.210401 107 330 870 347 214 390 763 402 491 97 0.53221 396 511 3.20644
22.9985 0.289506 0.19973 9 -20 0 0 0.41992 0.210401 107 330 862 327 214 390 760 392 491 97 0.53221 397 511 3.12909
23.0652 0.289506 0.19973 9 -20 0 0 0.41992 0.210401 107 330 862 326 214 390 760 391 491 97 0.53221 396 510 3.12861
23.1318 0.299274 0.199987 16 -1 0 0 0.42992 0.220401 107 329 862 326 214 390 760 390 491 97 0.53221 396 511 3.14159
23.1985 0.299274 0.199987 16 -1 0 0 0.42992 0.220401 113 317 862 326 214 390 760 391 491 97 0.53221 396 511 3.14159
23.2652 0.299274 0.199987 16 -1 0 0 0.42992 0.220401 117 308 861 326 214 390 760 390 491 97 0.53221 397 511 3.15441
23.3318 0.299274 0.199987 16 -1 0 0 0.42992 0.220401 118 308 861 326 214 390 760 390 491 97 0.53221 397 511 3.12909
23.3985 0.299274 0.199987 16 -1 0 0 0.42992 0.220401 118 307 861 326 214 390 760 391 491 97 0.53221 397 511 3.12909
23.4652 0.299531 0.210012 9 -18 0 0 0.42992 0.220401 118 307 861 326 214 390 760 391 491 97 0.53221 397 511 3.12909
23.5318 0.299531 0.210012 9 -18 0 0 0.42992 0.220401 117 307 852 306 214 390 754 377 491 97 0.53221 397 511 3.15441
23.5985 0.299531 0.210012 9 -18 0 0 0.43992 0.230401 118 308 851 305 214 390 754 377 491 97 0.537108 397 510 3.18004
23.6652 0.299531 0.210012 9 -18 0 0 0.43992 0.230401 120 304 851 305 214 390 754 377 491 97 0.53221 396 511 3.15425
23.7318 0.309299 0.213868 17 -18 0 0 0.43992 0.230401 129 289 852 305 214 390 754 377 491 97 0.537108 396 511 3.12877
23.7985 0.309299 0.213868 17 -18 0 0 0.43992 0.230401 130 287 851 305 227 363 754 377 491 97 0.53221 397 511 3.12909
23.8652 0.309299 0.213868 17 -18 0 0 0.43992 0.230401 130 287 852 305 226 363 754 377 491 97 0.53221 397 511 3.15441
23.9318 0.309299 0.213868 17 -18 0 0 0.43992 0.230401 130 287 852 305 227 363 749 366 491 97 0.53221 396 511 3.11596
23.9985 0.313155 0.220037 21 -18 0 0 0.43992 0.230401 130 287 840 285 227 363 748 364 491 97 0.537108 397 511 3.12909
24.0652 0.313155 0.220037 21 -18 0 0 0.44992 0.240401 130 287 840 284 227 363 748 364 491 97 0.528773 397 510 3.18004
24.1318 0.313155 0.220037 21 -18 0 0 0.44992 0.240401 130 286 840 284 227 363 747 364 491 97 0.53221 397 511 3.12909
24.1985 0.313155 0.220037 21 -18 0 0 0.44992 0.240401 140 272 840 284 227 363 748 364 491 97 0.53221 397 511 3.14159
24.2652 0.313155 0.220037 21 -18 0 0 0.44992 0.240401 142 269 840 284 227 363 748 364 491 97 0.53221 396 511 3.14159
24.3318 0.319324 0.229548 17 -19 0 0 0.44992 0.240401 142 269 840 284 233 352 748 364 491 97 0.53221 397 511 3.14159
24.3985 0.319324 0.229548 17 -19 0 0 0.44992 0.240401 143 268 840 284 233 352 743 356 491 97 0.53221 397 511 3.14159
24.4652 0.319324 0.229548 17 -19 0 0 0.44992 0.240401 143 268 840 284 233 352 741 352 491 97 0.53221 396 511 3.14159
24.5318 0.319324 0.229548 17 -19 0 0 0.45992 0.250401 143 268 840 284 234 352 741 352 491 97 0.528773 396 511 3.11596
24.5985 0.329092 0.230062 21 -1 0 0 0.45992 0.250401 143 269 840 284 234 352 740 352 491 97 0.53221 396 511 3.14159
24.6652 0.329092 0.230062 21 -1 0 0 0.45992 0.250401 154 255 827 265 234 352 740 351 491 97 0.53221 397 511 3.15441
24.7318 0.329092 0.230062 21 -1 0 0 0.45992 0.250401 157 251 827 265 234 352 741 352 491 97 0.53221 397 511 3.14159
24.7985 0.329092 0.230062 21 -1 0 0 0.45992 0.250401 157 251 827 265 242 341 740 352 491 97 0.53221 397 511 3.14159
24.8652 0.329349 0.23983 6 -25 0 0 0.45992 0.250401 157 251 827 265 242 341 738 348 491 97 0.53221 396 511 3.14159
24.9318 0.329349 0.23983 6 -25 0 0 0.45992 0.250401 157 251 813 247 242 341 732 340 491 97 0.53221 397 511 3.14159
24.9985 0.329349 0.23983 6 -25 0 0 0.45992 0.250401 157 251 811 245 242 341 732 339 491 97 0.53221 396 511 3.14159
25.0652 0.329349 0.23983 6 -25 0 0 0.46992 0.260401 157 251 811 245 242 341 732 340 491 97 0.53221 396 510 3.12861
25.1318 0.329349 0.23983 6 -25 0 0 0.46992 0.260401 169 239 812 245 242 341 732 340 491 97 0.53221 397 511 3.12909
25.1985 0.339374 0.243686 18 -17 0 0 0.46992 0.260401 173 234 811 245 242 341 732 339 491 97 0.53221 397 511 3.14159
25.2652 0.339374 0.243686 18 -17 0 0 0.46992 0.260401 174 234 811 245 242 341 732 339 491 97 0.53221 397 511 3.15441
25.3318 0.339374 0.243686 18 -17 0 0 0.46992 0.260401 174 234 811 245 252 330 731 339 491 97 0.53221 397 511 3.12909
25.3985 0.339374 0.243686 18 -17 0 0 0.46992 0.260401 174 233 796 229 252 330 723 329 491 98 0.54042 396 511 3.14159
25.4652 0.34323 0.249855 27 -26 0 0 0.46992 0.260401 174 234 796 229 252 330 722 329 491 97 0.53221 397 511 3.14159
25.5318 0.34323 0.249855 27 -26 0 0 0.47992 0.270401 174 234 796 228 252 330 722 329 491 97 0.53221 396 511 3.14159
25.5985 0.34323 0.249855 27 -26 0 0 0.47992 0.270401 174 234 795 228 258 322 723 329 491 97 0.53221 397 511 3.14159
25.6652 0.34323 0.249855 27 -26 0 0 0.47992 0.270401 192 218 795 228 258 322 722 328 491 97 0.53221 396 511 3.14159
25.7318 0.349142 0.259623 20 -26 0 0 0.47992 0.270401 193 216 795 228 263 319 722 329 491 97 0.537108 397 511 3.12909
25.7985 0.349142 0.259623 20 -26 0 0 0.47992 0.270401 193 216 795 227 263 319 722 329 491 97 0.528773 397 511 3.14159
25.8652 0.349142 0.259623 20 -26 0 0 0.47992 0.270401 193 217 780 214 263 319 713 319 491 97 0.53221 397 511 3.15425
25.9318 0.349142 0.259623 20 -26 0 0 0.47992 0.270401 193 216 780 214 263 319 712 318 491 97 0.53221 396 511 3.14159
25.9985 0.349142 0.259623 20 -26 0 0 0.48992 0.280401 193 216 780 214 263 319 712 318 491 97 0.53221 397 511 3.12909
26.0652 0.35891 0.25988 20 -6 0 0 0.48992 0.280401 194 216 776 212 263 319 712 318 491 97 0.53221 396 511 3.14159
26.1318 0.35891 0.25988 20 -6 0 0 0.48992 0.280401 210 203 776 212 263 319 712 319 491 97 0.523919 396 511 3.11628
26.1985 0.35891 0.25988 20 -6 0 0 0.48992 0.280401 213 201 776 212 274 309 712 318 491 97 0.53221 396 511 3.12894
26.2652 0.35891 0.25988 20 -6 0 0 0.48992 0.280401 213 202 777 212 274 309 712 318 491 97 0.53221 396 511 3.15425
26.3318 0.359167 0.269648 9 -26 0 0 0.48992 0.280401 213 201 777 212 274 309 702 311 491 97 0.537108 397 510 3.14159
26.3985 0.359167 0.269648 9 -26 0 0 0.48992 0.280401 213 201 758 197 274 309 701 309 491 97 0.537108 396 510 3.12861
26.4652 0.359167 0.269648 9 -26 0 0 0.49992 0.290401 213 202 757 197 274 309 701 309 491 97 0.53221 396 511 3.15425
26.5318 0.359167 0.269648 9 -26 0 0 0.49992 0.290401 213 202 757 197 274 309 701 309 491 97 0.53221 397 511 3.12909
26.5985 0.369192 0.273247 21 -20 0 0 0.49992 0.290401 231 190 757 197 285 301 700 308 491 97 0.53221 397 511 3.14159
26.6652 0.369192 0.273247 21 -20 0 0 0.49992 0.290401 234 189 757 197 285 301 701 308 491 97 0.53221 396 511 3.15425
26.7318 0.369192 0.273247 21 -20 0 0 0.49992 0.290401 235 187 757 197 287 300 701 309 491 97 0.537108 396 511 3.11628
26.7985 0.369192 0.273247 21 -20 0 0 0.49992 0.290401 235 187 757 197 287 299 695 304 491 97 0.53221 396 511 3.14159
26.8652 0.369192 0.273247 21 -20 0 0 0.49992 0.290401 235 188 757 197 287 300 689 300 491 97 0.53221 396 511 3.14159
26.9319 0.372791 0.279674 21 -18 0 0 0.50992 0.300401 235 187 757 197 288 300 689 300 491 97 0.537108 397 510 3.18004
26.9985 0.372791 0.279674 21 -18 0 0 0.50992 0.300401 235 187 737 184 287 299 688 300 491 97 0.53221 396 511 3.12894
27.0652 0.372791 0.279674 21 -18 0 0 0.50992 0.300401 253 178 737 184 299 293 688 300 491 97 0.53221 396 511 3.14159
27.1318 0.372791 0.279674 21 -18 0 0 0.50992 0.300401 258 175 737 184 300 292 689 300 491 97 0.523919 396 511 3.11628
27.1985 0.379217 0.289442 21 -26 0 0 0.50992 0.300401 258 176 737 184 301 291 688 300 491 97 0.53221 396 511 3.14159
27.2652 0.379217 0.289442 21 -26 0 0 0.50992 0.300401 258 176 737 184 301 292 687 299 491 97 0.53221 396 511 3.14159
27.3318 0.379217 0.289442 21 -26 0 0 0.50992 0.300401 259 175 718 174 301 292 677 294 491 97 0.537108 396 511 3.11628
27.3985 0.379217 0.289442 21 -26 0 0 0.50992 0.300401 258 176 716 173 301 291 676 292 491 98 0.54042 396 511 3.14159
27.4652 0.388728 0.289699 39 -4 0 0 0.51992 0.310401 259 175 716 173 301 291 676 293 491 97 0.53221 396 511 3.14159
27.5319 0.388728 0.289699 39 -4 0 0 0.51992 0.310401 259 175 716 172 311 286 676 293 491 97 0.53221 396 511 3.14159
27.5985 0.388728 0.289699 39 -4 0 0 0.51992 0.310401 280 167 716 173 311 286 676 292 491 98 0.550386 397 511 3.14159
27.6651 0.388728 0.289699 39 -4 0 0 0.51992 0.310401 281 166 716 173 315 285 676 293 491 97 0.53221 396 511 3.15425
27.7318 0.388985 0.299724 14 -26 0 0 0.51992 0.310401 281 166 716 173 314 285 676 293 491 97 0.537108 397 511 3.12909
27.7985 0.388985 0.299724 14 -26 0 0 0.51992 0.310401 281 166 698 165 315 284 665 286 491 97 0.53221 396 511 3.15425
27.8652 0.388985 0.299724 14 -26 0 0 0.51992 0.310401 282 166 695 164 315 285 664 287 491 97 0.53221 396 511 3.14159
27.9318 0.388985 0.299724 14 -26 0 0 0.52992 0.320401 282 165 695 164 315 285 664 287 491 97 0.537108 397 511 3.12909
27.9985 0.388985 0.299724 14 -26 0 0 0.52992 0.320401 285 165 695 164 322 282 664 287 491 98 0.523919 396 511 3.12909
28.0652 0.39901 0.303837 32 -21 0 0 0.52992 0.320401 285 165 695 164 328 280 663 287 491 97 0.545362 396 511 3.12894
28.1318 0.39901 0.303837 32 -21 0 0 0.52992 0.320401 305 158 695 163 329 280 663 287 491 97 0.537108 396 511 3.11628
28.1985 0.39901 0.303837 32 -21 0 0 0.52992 0.320401 305 158 695 164 329 279 663 287 491 98 0.53221 397 511 3.14159
28.2652 0.39901 0.303837 32 -21 0 0 0.52992 0.320401 305 158 695 164 328 280 651 282 491 97 0.53221 397 511 3.15409
28.3318 0.403123 0.309492 24 -28 0 0 0.52992 0.320401 306 157 672 155 329 280 649 281 491 97 0.537108 396 511 3.11628
28.3985 0.403123 0.309492 24 -28 0 0 0.53992 0.330401 306 158 672 156 329 280 650 281 491 98 0.53221 397 511 3.15441
28.4652 0.403123 0.309492 24 -28 0 0 0.53992 0.330401 306 158 671 156 331 279 649 281 491 97 0.53221 396 511 3.12894
28.5318 0.403123 0.309492 24 -28 0 0 0.53992 0.330401 327 152 671 155 343 276 649 281 491 97 0.537108 396 510 3.15425
28.5985 0.409035 0.31926 33 -25 0 0 0.53992 0.330401 330 152 671 156 343 276 650 281 491 98 0.523919 397 511 3.14159
28.6652 0.409035 0.31926 33 -25 0 0 0.53992 0.330401 331 152 671 156 343 276 650 281 491 97 0.53221 396 511 3.15425
28.7318 0.409035 0.31926 33 -25 0 0 0.53992 0.330401 330 152 671 156 344 275 640 278 491 97 0.537108 396 510 3.12909
28.7985 0.409035 0.31926 33 -25 0 0 0.53992 0.330401 331 152 649 151 344 274 636 276 491 98 0.537108 396 511 3.12894
28.8652 0.409035 0.31926 33 -25 0 0 0.54992 0.343 331 152 648 150 344 275 636 277 491 97 0.53221 396 511 3.14159
28.9319 0.418546 0.319774 29 -5 0 0 0.54992 0.343 330 152 648 149 344 275 636 277 491 97 0.537108 396 510 3.12909
28.9985 0.418546 0.319774 29 -5 0 0 0.54992 0.343 352 148 648 150 357 271 636 277 491 98 0.550386 397 511 3.15441
29.0652 0.418546 0.319774 29 -5 0 0 0.54992 0.343 355 148 648 150 359 272 636 277 491 97 0.53221 396 511 3.14159
29.1318 0.418546 0.319774 29 -5 0 0 0.54992 0.343 356 147 648 149 360 272 636 277 491 97 0.537108 396 511 3.11628
29.1985 0.418803 0.329542 11 -28 0 0 0.54992 0.343 356 148 646 150 359 272 630 275 491 98 0.54042 396 511 3.12894
29.2652 0.418803 0.329542 11 -28 0 0 0.54992 0.343 356 148 646 150 360 272 622 274 491 97 0.550386 396 511 3.12894
29.3318 0.418803 0.329542 11 -28 0 0 0.568 0.343 356 148 624 145 359 272 621 274 491 97 0.537108 397 511 3.12909
29.3985 0.418803 0.329542 11 -28 0 0 0.568 0.343 356 148 624 145 359 272 622 273 491 97 0.53221 396 511 3.12894
29.4652 0.428828 0.334683 34 -45 0 0 0.568 0.343 373 147 624 146 372 270 622 274 498 96 0.53221 396 512 3.12894
29.5318 0.428828 0.334683 34 -45 0 0 0.568 0.343 376 146 624 146 372 270 622 274 504 97 0.533708 396 511 3.12894
29.5985 0.428828 0.334683 34 -45 0 0 0.568 0.343 376 147 626 146 372 270 623 274 504 97 0.533708 397 511 3.12909
29.6652 0.428828 0.334683 34 -45 0 0 0.568 0.343 377 147 626 146 372 270 622 274 503 97 0.520355 397 511 3.14159
29.7318 0.428828 0.334683 34 -45 0 0 0.568 0.343 373 147 623 147 372 270 622 274 499 98 0.54042 396 512 3.14159
29.7985 0.435512 0.341366 79 -47 0 0 0.568 0.343 373 148 623 147 372 270 622 275 498 98 0.555494 397 512 3.12909
29.8652 0.435512 0.341366 79 -47 0 0 0.538803 0.329542 373 147 622 146 370 271 621 275 498 97 0.53221 396 511 3.14159
29.9318 0.435512 0.341366 79 -47 0 0 0.555512 0.341366 372 147 622 147 369 271 622 274 498 97 0.537108 396 511 3.14159
29.9985 0.444509 0.341366 83 -47 0 0 0.555512 0.341366 372 147 623 147 369 271 622 275 498 98 0.545362 396 511 3.15425
30.0652 0.444509 0.341366 83 -47 0 0 0.555512 0.341366 372 147 623 147 369 271 621 275 498 97 0.53221 396 511 3.14159
30.1318 0.444509 0.341366 83 -47 0 0 0.555512 0.341366 372 147 622 147 369 271 622 274 498 97 0.53221 396 511 3.14159
30.1985 0.444509 0.341366 85 -47 0 0 0.555512 0.341366 372 147 622 147 369 271 622 275 498 97 0.53221 396 511 3.14159
30.2651 0.444509 0.341366 85 -47 0 0 0.555512 0.341366 372 147 622 147 369 271 621 275 498 97 0.53221 396 511 3.14159
30.3318 0.444509 0.341366 85 -47 0 0 0.555512 0.341366 372 147 622 147 369 271 621 275 498 97 0.53221 396 511 3.14159
30.3985 0.445023 0.341366 -3 -46 0 0 0.555512 0.341366 372 147 623 147 369 271 622 274 498 97 0.53221 396 511 3.14159
30.4652 0.445023 0.341366 -3 -46 0 0 0.555512 0.341366 374 147 625 147 371 271 623 275 500 97 0.53221 397 511 3.15441
30.5318 0.445023 0.341366 -3 -46 0 0 0.555512 0.341366 375 147 625 147 371 270 624 275 501 97 0.528773 396 511 3.12894
30.5985 0.435512 0.341366 3 -4 0 0 0.555512 0.341366 375 147 625 147 371 270 623 275 501 97 0.528773 396 511 3.14159
30.6651 0.435512 0.341366 3 -4 0 0 0.555512 0.341366 375 147 625 147 371 270 623 275 501 97 0.528773 397 511 3.14159
30.7318 0.435512 0.341366 3 -4 0 0 0.555512 0.341366 375 147 626 147 371 270 623 275 501 97 0.528773 396 511 3.11596
30.7985 0.435512 0.340852 5 -9 0 0 0.555512 0.341366 375 147 626 147 371 270 623 275 502 97 0.533708 396 511 3.12894
30.8652 0.435512 0.340852 5 -9 0 0 0.555512 0.341366 375 147 626 147 371 270 623 275 502 97 0.537108 396 511 3.14159
30.9318 0.435512 0.341109 5 -7 0 0 0.555512 0.341366 375 147 626 147 371 270 623 275 501 97 0.528773 397 511 3.14159
30.9985 0.435512 0.341109 5 -7 0 0 0.555512 0.341366 375 147 626 147 371 270 624 275 502 97 0.537108 396 511 3.12894
31.0651 0.435512 0.341109 5 -7 0 0 0.555512 0.341366 375 147 626 147 371 270 624 275 502 97 0.537108 396 511 3.12894
31.1319 0.435512 0.341109 5 -3 0 0 0.555512 0.341366 375 147 626 147 371 270 624 275 502 97 0.537108 396 511 3.12894
31.1985 0.435512 0.341109 5 -3 0 0 0.555512 0.341366 375 147 626 147 371 270 623 275 502 97 0.537108 397 511 3.14159
31.2652 0.435512 0.341109 5 -3 0 0 0.555512 0.341366 375 147 626 147 371 270 623 275 502 97 0.537108 397 511 3.14159
31.3318 0.435512 0.340852 5 -12 0 0 0.555512 0.341366 375 147 626 147 371 270 623 275 502 97 0.537108 397 511 3.14159
31.3985 0.435512 0.340852 5 -12 0 0 0.555512 0.341366 375 147 626 147 371 270 623 275 502 97 0.537108 397 511 3.14159
31.4652 0.435512 0.340852 5 -12 0 0 0.555512 0.341366 375 147 626 147 371 270 623 275 502 97 0.537108 396 511 3.14159
31.5318 0.435512 0.340852 5 -16 0 0 0.555512 0.341366 375 147 626 147 371 270 623 275 502 97 0.537108 396 511 3.14159
31.5985 0.435512 0.340852 5 -16 0 0 0.555512 0.341366 375 147 626 147 371 270 624 275 502 97 0.537108 397 511 3.14159
31.6652 0.435512 0.340852 5 -16 0 0 0.555512 0.341366 375 147 626 147 371 270 624 275 502 97 0.537108 396 511 3.14159
31.7318 0.435512 0.341109 5 -7 0 0 0.555512 0.341366 375 147 626 147 371 270 624 275 502 97 0.537108 397 511 3.14159
31.7985 0.435512 0.341109 5 -7 0 0 0.555512 0.341366 375 147 626 147 371 270 623 275 502 97 0.537108 397 511 3.14159
31.8652 0.435512 0.341109 5 -7 0 0 0.555512 0.341366 375 147 626 147 371 270 623 275 502 97 0.537108 397 511 3.14159
31.9318 0.435512 0.340852 5 -16 0 0 0.555512 0.341366 375 147 626 147 371 270 624 275 502 97 0.537108 396 510 3.12861
31.9985 0.435512 0.340852 5 -16 0 0 0.555512 0.341366 375 147 626 147 371 270 624 275 502 97 0.537108 396 511 3.12894
32.0652 0.435512 0.340852 5 -16 0 0 0.555512 0.341366 375 147 626 147 371 270 624 275 502 97 0.537108 397 511 3.14159
32.1319 0.435512 0.341109 5 -9 0 0 0.555512 0.341366 375 147 626 147 371 270 624 275 502 97 0.537108 397 511 3.14159
32.1985 0.435512 0.341109 5 -9 0 0 0.555512 0.341366 375 147 626 147 371 270 624 275 502 97 0.537108 397 511 3.14159
32.2652 0.435512 0.341109 5 -9 0 0 0.555512 0.341366 375 147 626 147 371 270 624 275 502 97 0.537108 396 511 3.14159
32.3319 0.435512 0.340852 5 -16 0 0 0.555512 0.341366 375 147 626 147 371 270 624 275 502 97 0.537108 396 511 3.14159
32.3985 0.435512 0.340852 5 -16 0 0 0.555512 0.341366 375 147 626 147 371 270 623 275 502 97 0.537108 396 511 3.11596
32.4652 0.435512 0.340852 5 -16 0 0 0.555512 0.341366 375 147 626 147 371 270 623 275 502 97 0.537108 396 511 3.14159
32.5319 0.435512 0.340852 5 -12 0 0 0.555512 0.341366 375 147 626 147 371 270 624 275 502 97 0.537108 396 511 3.14159
32.5985 0.435512 0.340852 5 -12 0 0 0.555512 0.341366 375 147 626 147 371 270 624 275 502 97 0.537108 396 511 3.12894
32.6652 0.435512 0.340852 5 -15 0 0 0.555512 0.341366 375 147 626 147 371 270 624 275 502 97 0.537108 397 511 3.14159
32.7318 0.435512 0.340852 5 -15 0 0 0.555512 0.341366 375 147 626 147 371 270 624 275 502 97 0.537108 397 511 3.15441
32.7985 0.435512 0.340852 5 -15 0 0 0.555512 0.341366 375 147 626 147 371 270 624 275 502 97 0.537108 396 511 3.14159
32.8652 0.435512 0.341109 5 -6 0 0 0.555512 0.341366 375 147 626 147 371 270 624 275 502 97 0.537108 397 511 3.14159
32.9318 0.435512 0.341109 5 -6 0 0 0.555512 0.341366 375 147 626 147 371 270 623 275 502 97 0.537108 397 511 3.14159
32.9985 0.435512 0.341109 5 -6 0 0 0.555512 0.341366 375 147 626 147 371 270 623 275 502 97 0.537108 397 511 3.14159
33.0652 0.435512 0.340852 4 -13 0.06 0.06 0.555712 0.341566 375 147 626 147 371 270 623 275 502 97 0.537108 397 511 3.14159
33.1318 0.435512 0.340852 4 -13 0.06 0.06 0.555912 0.341766 375 147 626 147 371 270 624 275 502 97 0.537108 397 511 3.14159
33.1985 0.435512 0.340852 4 -13 0.06 0.06 0.556112 0.341966 375 147 626 147 371 270 623 275 502 97 0.537108 397 511 3.14159
33.2652 0.435512 0.340852 4 -11 0.06 0.06 0.556312 0.342166 375 147 626 147 371 270 623 275 502 97 0.537108 397 511 3.14159
33.3318 0.435512 0.340852 4 -11 0.06 0.06 0.556512 0.342366 375 147 626 147 371 270 623 275 502 97 0.537108 397 511 3.14159
33.3985 0.435512 0.340852 4 -11 0.06 0.06 0.556712 0.342566 375 147 626 147 371 270 624 275 502 97 0.537108 396 511 3.14159
33.4652 0.435512 0.340852 4 -8 0.06 0.06 0.556912 0.342766 375 147 626 147 371 270 624 275 502 97 0.537108 396 511 3.19349
33.5319 0.435512 0.340852 4 -8 0.06 0.06 0.557112 0.342966 375 147 626 147 371 270 624 275 502 97 0.537108 397 511 3.14159
33.5985 0.435512 0.340852 4 -8 0.06 0.06 0.557312 0.343166 375 147 626 147 371 270 623 275 502 97 0.537108 396 511 3.12894
33.6652 0.435769 0.341109 23 -16 0.06 0.06 0.557512 0.343366 375 147 626 147 371 270 623 275 502 97 0.537108 397 511 3.14159
33.7318 0.435769 0.341109 23 -16 0.06 0.06 0.557712 0.343566 375 147 626 147 371 270 624 275 502 97 0.537108 396 511 3.14159
33.7985 0.435769 0.341109 23 -16 0.06 0.06 0.557912 0.343766 375 147 626 147 371 270 624 275 502 97 0.537108 396 511 3.12894
33.8652 0.435769 0.341109 18 -37 0.06 0.06 0.558112 0.343966 375 147 626 147 371 270 624 275 502 97 0.545362 396 511 3.12894
33.9318 0.435769 0.341109 18 -37 0.06 0.06 0.558312 0.344166 375 147 626 147 371 270 624 275 502 97 0.545362 396 511 3.12894
33.9985 0.435769 0.341109 18 -37 0.06 0.06 0.558512 0.344366 375 147 626 147 371 270 623 275 502 97 0.537108 397 511 3.14159
34.0652 0.436283 0.341366 27 -35 0.06 0.06 0.558712 0.344566 375 147 626 147 371 270 623 275 502 97 0.537108 397 511 3.15441
34.1319 0.436283 0.341366 27 -35 0.06 0.06 0.558912 0.344766 375 147 626 147 371 270 623 275 502 97 0.537108 396 511 3.14159
34.1985 0.436283 0.34188 38 -42 0.06 0.06 0.559112 0.344966 375 147 626 147 371 270 623 275 502 97 0.537108 396 511 3.14159
34.2652 0.436283 0.34188 38 -42 0.06 0.06 0.559312 0.345166 375 147 626 147 371 270 623 275 502 97 0.53221 396 511 3.14159
34.3318 0.436283 0.34188 38 -42 0.06 0.06 0.559512 0.345366 375 147 626 147 371 270 623 275 502 97 0.537108 397 511 3.14159
34.3985 0.437054 0.342394 32 -46 0.06 0.06 0.559712 0.345566 375 147 626 147 371 270 623 275 502 97 0.537108 396 511 3.14159
34.4652 0.437054 0.342394 32 -46 0.06 0.06 0.559912 0.345766 375 147 626 147 371 270 624 275 502 97 0.533708 396 510 3.12861
34.5318 0.437054 0.342394 32 -46 0.06 0.06 0.560112 0.345966 375 147 626 147 371 270 624 275 502 97 0.53221 396 511 3.14159
34.5985 0.437568 0.342651 52 -45 0.06 0.06 0.560312 0.346166 375 147 625 147 371 270 624 275 502 97 0.53221 396 511 3.14159
34.6652 0.437568 0.342651 52 -45 0.06 0.06 0.560512 0.346366 375 147 625 147 371 270 624 275 502 97 0.53221 397 511 3.14159
34.7319 0.437568 0.342651 52 -45 0.06 0.06 0.560712 0.346566 375 147 626 147 371 270 624 275 502 97 0.537108 397 511 3.14159
34.7985 0.437568 0.343423 51 -47 0.06 0.06 0.560912 0.346766 375 147 626 147 371 270 623 275 502 98 0.528773 396 511 3.14159
34.8651 0.437568 0.343423 51 -47 0.06 0.06 0.561112 0.346966 375 147 626 147 371 270 623 275 502 97 0.528773 396 511 3.14159
34.9318 0.437568 0.343423 51 -47 0.06 0.06 0.561312 0.347166 376 147 626 147 371 270 623 275 502 97 0.53221 397 511 3.15441
34.9985 0.438339 0.343423 42 -48 0.06 0.06 0.561512 0.347366 375 147 626 147 371 270 623 275 502 97 0.53221 396 511 3.14159
35.0652 0.438339 0.343423 42 -48 0.06 0.06 0.561712 0.347566 376 147 626 147 371 270 623 275 502 97 0.528773 396 511 3.14159
35.1318 0.438339 0.343423 42 -48 0.06 0.06 0.561912 0.347766 375 147 626 147 371 270 623 275 502 97 0.520355 396 511 3.14159
35.1985 0.438339 0.344194 49 -49 0.06 0.06 0.562112 0.347966 376 147 626 147 371 270 623 275 502 97 0.520355 396 511 3.14159
35.2652 0.438339 0.344194 49 -49 0.06 0.06 0.562312 0.348166 375 147 626 147 371 271 623 275 502 98 0.528773 396 511 3.14159
35.3319 0.438339 0.344194 49 -49 0.06 0.06 0.562512 0.348366 375 147 626 147 371 270 623 275 502 98 0.528773 396 511 3.14159
35.3985 0.439111 0.344965 53 -55 0.06 0.06 0.562712 0.348566 375 147 626 147 371 270 623 275 502 97 0.520355 396 511 3.14159
35.4652 0.439111 0.344965 53 -55 0.06 0.06 0.562912 0.348766 376 147 626 147 371 270 623 275 503 97 0.525244 396 511 3.14159
35.5319 0.439111 0.344965 53 -55 0.06 0.06 0.563112 0.348966 375 147 626 147 370 271 623 275 503 97 0.525244 397 511 3.14159
35.5985 0.439882 0.345222 54 -56 0.06 0.06 0.563312 0.349166 375 147 626 147 371 271 623 275 502 97 0.53221 397 511 3.15441
35.6652 0.439882 0.345222 54 -56 0.06 0.06 0.563512 0.349366 375 147 626 147 370 271 623 275 502 97 0.53221 396 511 3.14159
35.7318 0.440139 0.345993 48 -56 0.06 0.06 0.563712 0.349566 375 147 626 147 370 271 623 275 502 97 0.53221 396 511 3.14159
35.7985 0.440139 0.345993 48 -56 0.06 0.06 0.563912 0.349766 375 147 626 147 370 271 623 275 503 98 0.523919 396 511 3.14159
35.8652 0.440139 0.345993 48 -56 0.06 0.06 0.564112 0.349966 375 147 626 147 370 271 623 275 502 98 0.528773 396 511 3.14159
35.9318 0.44091 0.34625 59 -55 0.06 0.06 0.564312 0.350166 375 147 626 147 370 271 623 275 502 97 0.53221 396 511 3.14159
35.9985 0.44091 0.34625 59 -55 0.06 0.06 0.564512 0.350366 375 147 626 147 370 271 623 275 502 97 0.53221 396 511 3.14159
36.0652 0.44091 0.34625 59 -55 0.06 0.06 0.564712 0.350566 375 147 626 147 370 271 623 275 503 98 0.533708 396 511 3.14159
36.1319 0.44091 0.347021 65 -59 0.06 0.06 0.564912 0.350766 375 147 626 147 370 271 623 275 503 98 0.528773 397 511 3.15441
36.1985 0.44091 0.347021 65 -59 0.06 0.06 0.565112 0.350966 375 147 626 147 370 271 623 275 503 98 0.523919 396 511 3.14159
36.2652 0.44091 0.347021 65 -59 0.06 0.06 0.565312 0.351166 375 147 626 147 370 271 623 275 502 98 0.528773 396 511 3.14159
36.3319 0.441424 0.347535 64 -64 0.06 0.06 0.565512 0.351366 375 147 626 147 370 271 623 275 503 98 0.523919 396 511 3.14159
36.3985 0.441424 0.347535 64 -64 0.06 0.06 0.565712 0.351566 375 147 626 147 370 271 623 275 503 98 0.528773 396 511 3.15425
36.4652 0.441424 0.347535 64 -64 0.06 0.06 0.565912 0.351766 375 147 626 147 370 271 623 275 503 98 0.528773 396 511 3.14159
36.5318 0.441938 0.347535 78 -62 0.06 0.06 0.566112 0.351966 375 147 626 147 370 271 623 275 503 98 0.528773 396 511 3.15425
36.5985 0.441938 0.347535 78 -62 0.06 0.06 0.566312 0.352166 375 147 626 147 370 271 623 275 503 98 0.533708 396 511 3.14159
36.6652 0.441938 0.347535 78 -62 0.06 0.06 0.566512 0.352366 375 147 626 147 370 271 624 275 503 98 0.528773 396 511 3.15425
36.7319 0.441938 0.348564 77 -62 0.06 0.06 0.566712 0.352566 375 147 626 147 370 271 623 275 503 98 0.528773 396 511 3.14159
36.7985 0.441938 0.348564 77 -62 0.06 0.06 0.566912 0.352766 375 147 626 147 370 271 624 275 503 98 0.528773 396 511 3.14159
36.8652 0.441938 0.348564 77 -62 0.06 0.06 0.567112 0.352966 375 147 626 147 370 271 624 275 503 98 0.528773 396 511 3.14159
36.9318 0.442966 0.348821 76 -60 0.06 0.06 0.567312 0.353166 375 147 626 147 370 271 623 275 503 98 0.515549 396 511 3.15425
36.9985 0.442966 0.348821 76 -60 0.06 0.06 0.567512 0.353366 375 147 626 147 370 271 624 275 503 98 0.528773 396 511 3.14159
37.0652 0.442966 0.348821 76 -60 0.06 0.06 0.567712 0.353566 375 147 626 147 370 271 624 275 503 98 0.528773 396 511 3.14159
37.1318 0.442966 0.349335 71 -69 0.06 0.06 0.567912 0.353766 375 147 626 147 370 271 624 275 503 98 0.528773 396 511 3.12909
37.1986 0.442966 0.349335 71 -69 0.06 0.06 0.568112 0.353966 375 147 626 147 370 271 624 275 503 97 0.515549 396 512 3.11628
37.2651 0.442966 0.349335 71 -69 0.06 0.06 0.568312 0.354166 375 147 626 147 370 271 624 275 502 97 0.520355 396 511 3.14159
37.3318 0.443995 0.350363 76 -71 0.06 0.06 0.568512 0.354366 375 147 626 147 370 271 624 275 503 98 0.515549 396 511 3.14159
37.3985 0.443995 0.350363 76 -71 0.06 0.06 0.568712 0.354566 375 147 626 148 370 271 624 275 503 98 0.542089 397 511 3.14159
37.4652 0.444509 0.350363 78 -71 0.06 0.06 0.568912 0.354766 375 147 626 147 370 271 624 275 503 97 0.520355 396 511 3.14159
37.5319 0.444509 0.350363 78 -71 0.06 0.06 0.569112 0.354966 375 147 626 147 370 271 624 275 503 98 0.515549 397 511 3.15441
37.5985 0.444509 0.350363 78 -71 0.06 0.06 0.569312 0.355166 375 147 626 147 370 271 624 275 502 98 0.528773 396 511 3.15425
37.6652 0.445023 0.351648 80 -72 0.06 0.06 0.569512 0.355366 376 147 626 147 370 271 624 275 503 98 0.528773 396 511 3.15425
37.7318 0.445023 0.351648 80 -72 0.06 0.06 0.569712 0.355566 376 147 626 147 370 271 624 275 503 98 0.533708 396 511 3.14159
37.7985 0.445023 0.351648 80 -72 0.06 0.06 0.569912 0.355766 376 147 626 148 370 271 624 275 503 98 0.528773 396 511 3.14159
37.8652 0.445537 0.351648 86 -75 0.06 0.06 0.570112 0.355966 376 147 626 147 370 271 624 275 503 98 0.533708 396 511 3.14159
37.9318 0.445537 0.351648 86 -75 0.06 0.06 0.570312 0.356166 375 147 626 147 370 271 624 275 502 98 0.528773 396 511 3.15425
37.9985 0.445537 0.351648 86 -75 0.06 0.06 0.570512 0.356366 376 147 626 147 370 271 624 275 503 98 0.523919 396 511 3.14159
38.0652 0.445537 0.352162 86 -78 0.06 0.06 0.570712 0.356566 375 148 626 147 370 271 624 275 503 98 0.53221 396 511 3.14159
38.1319 0.445537 0.352162 86 -78 0.06 0.06 0.570912 0.356766 375 147 626 147 370 271 624 275 503 98 0.528773 396 511 3.14159
38.1985 0.445537 0.352162 86 -78 0.06 0.06 0.571112 0.356966 375 147 626 148 369 271 624 275 503 98 0.53221 396 511 3.15425
38.2652 0.446565 0.352934 93 -82 0.06 0.06 0.571312 0.357166 375 148 626 147 369 271 624 275 503 99 0.523919 396 511 3.14159
38.3318 0.446565 0.352934 93 -82 0.06 0.06 0.571512 0.357367 375 148 626 148 369 271 624 275 503 98 0.53221 396 511 3.15425
38.3985 0.446565 0.352934 93 -82 0.06 0.06 0.571712 0.357567 375 148 627 148 369 271 624 275 503 98 0.53221 396 511 3.15425
38.4651 0.446822 0.352934 100 -82 0.06 0.06 0.571912 0.357767 376 147 626 148 369 271 624 275 503 98 0.53221 396 511 3.15425
38.5318 0.446822 0.352934 100 -82 0.06 0.06 0.572112 0.357967 376 147 626 148 369 271 624 275 503 98 0.53221 396 511 3.14159
38.5985 0.446822 0.352934 100 -82 0.06 0.06 0.572312 0.358167 375 148 626 147 369 271 624 275 503 98 0.53221 396 511 3.12894
38.6652 0.447079 0.353448 100 -84 0.06 0.06 0.572512 0.358367 376 147 626 147 369 271 624 275 503 98 0.53221 396 511 3.14159
38.7318 0.447079 0.353448 100 -84 0.06 0.06 0.572712 0.358567 375 148 626 148 369 271 624 275 503 98 0.53221 396 511 3.14159
38.7985 0.447079 0.353448 100 -84 0.06 0.06 0.572912 0.358767 375 148 626 148 369 271 624 275 503 99 0.523919 396 511 3.14159
38.8652 0.44785 0.353448 104 -78 0.06 0.06 0.573112 0.358967 376 147 626 148 370 271 624 275 503 98 0.53221 396 511 3.14159
38.9318 0.44785 0.353448 104 -78 0.06 0.06 0.573312 0.359167 375 148 627 148 370 271 624 275 503 98 0.53221 396 511 3.15425
38.9985 0.44785 0.354219 106 -89 0.06 0.06 0.573512 0.359367 376 147 627 147 369 271 624 276 503 98 0.520355 396 511 3.15425
39.0652 0.44785 0.354219 106 -89 0.06 0.06 0.573712 0.359567 375 148 627 147 369 271 624 276 503 99 0.523919 396 511 3.14159
39.1318 0.44785 0.354219 106 -89 0.06 0.06 0.573912 0.359767 375 148 627 148 369 271 624 276 503 98 0.53221 397 511 3.14159
39.1985 0.448622 0.35499 116 -89 0.06 0.06 0.574112 0.359967 375 148 627 147 369 271 624 276 503 98 0.53221 396 511 3.14159
39.2652 0.448622 0.35499 116 -89 0.06 0.06 0.574312 0.360167 375 148 627 147 369 271 624 276 504 99 0.523919 396 511 3.14159
39.3318 0.448622 0.35499 116 -89 0.06 0.06 0.574512 0.360367 375 148 627 148 369 271 624 276 504 99 0.523919 396 511 3.15425
39.3985 0.449136 0.355247 116 -89 0.06 0.06 0.574712 0.360567 375 148 627 147 369 271 624 276 504 99 0.523919 396 511 3.14159
39.4652 0.449136 0.355247 116 -89 0.06 0.06 0.574912 0.360767 375 148 627 147 370 271 624 276 504 99 0.523919 396 511 3.14159
39.5318 0.449136 0.355247 116 -89 0.06 0.06 0.575112 0.360967 375 148 627 148 369 271 624 276 504 99 0.523919 396 511 3.14159
39.5985 0.449136 0.355761 113 -94 0.06 0.06 0.575312 0.361167 375 148 627 148 369 271 624 276 504 99 0.523919 396 511 3.15425
39.6652 0.449136 0.355761 113 -94 0.06 0.06 0.575512 0.361367 375 148 627 148 369 271 624 276 504 99 0.523919 396 511 3.12894
39.7318 0.449136 0.355761 113 -94 0.06 0.06 0.575712 0.361567 375 148 627 148 369 271 624 276 504 99 0.523919 396 511 3.15425
39.7985 0.449907 0.355761 115 -83 0.06 0.06 0.575912 0.361767 375 148 627 148 369 271 624 276 504 99 0.523919 396 511 3.12894
39.8652 0.449907 0.355761 115 -83 0.06 0.06 0.576112 0.361967 375 148 627 148 369 271 624 276 504 99 0.523919 396 511 3.14159
39.9318 0.449907 0.355761 115 -83 0.06 0.06 0.576312 0.362167 375 148 627 148 369 271 624 276 504 99 0.528773 396 511 3.12909
39.9985 0.449907 0.356789 110 -94 0.06 0.06 0.576512 0.362367 375 148 627 148 369 271 624 276 504 99 0.528773 397 511 3.14159
40.0652 0.449907 0.356789 110 -94 0.06 0.06 0.576712 0.362567 375 148 627 148 369 271 624 276 504 99 0.515549 396 511 3.15425
40.1318 0.449907 0.356789 110 -94 0.06 0.06 0.576912 0.362767 375 148 627 148 369 271 624 276 504 99 0.520355 396 511 3.12894
40.1985 0.450935 0.357561 119 -95 0.06 0.06 0.577112 0.362967 375 148 627 148 369 271 624 276 504 99 0.515549 396 511 3.15425
40.2652 0.450935 0.357561 119 -95 0.06 0.06 0.577312 0.363167 375 148 627 148 369 271 624 276 504 99 0.507099 396 511 3.12894
40.3318 0.450935 0.357561 119 -95 0.06 0.06 0.577512 0.363367 375 148 627 148 369 271 624 276 503 99 0.528773 397 511 3.14159
40.3985 0.451706 0.357818 120 -95 0.06 0.06 0.577712 0.363567 375 148 627 148 369 271 624 276 503 99 0.528773 396 512 3.11628
40.4652 0.451706 0.357818 120 -95 0.06 0.06 0.577912 0.363767 375 148 627 148 369 271 625 276 503 99 0.520355 396 511 3.12894
40.5318 0.451963 0.358589 120 -102 0.06 0.06 0.578112 0.363967 375 148 627 148 369 271 624 276 503 99 0.520355 397 511 3.14159
40.5985 0.451963 0.358589 120 -102 0.06 0.06 0.578312 0.364167 375 148 627 148 369 271 625 276 503 99 0.520355 396 512 3.11628
40.6652 0.451963 0.358589 120 -102 0.06 0.06 0.578512 0.364367 375 148 627 148 369 271 625 276 503 99 0.520355 397 511 3.14159
40.7318 0.452477 0.358589 129 -91 0.06 0.06 0.578712 0.364567 375 148 627 148 369 271 624 276 503 99 0.520355 396 511 3.12894
40.7985 0.452477 0.358589 129 -91 0.06 0.06 0.578912 0.364767 375 148 627 148 369 271 625 276 503 99 0.520355 396 511 3.12894
40.8652 0.452477 0.358589 129 -91 0.06 0.06 0.579112 0.364967 375 148 627 148 369 271 625 276 504 99 0.515549 396 511 3.12909
40.9318 0.452477 0.359617 126 -102 0.06 0.06 0.579312 0.365167 375 148 627 148 369 271 625 276 504 99 0.515549 396 511 3.12894
40.9985 0.452477 0.359617 126 -102 0.06 0.06 0.579512 0.365367 375 148 627 148 369 271 625 276 504 99 0.515549 396 511 3.12894
41.0652 0.452477 0.359617 126 -102 0.06 0.06 0.579712 0.365567 375 148 627 148 369 271 625 276 504 99 0.515549 396 511 3.12894
41.1318 0.453249 0.359874 133 -111 0.06 0.06 0.579912 0.365767 375 148 627 148 369 271 624 276 504 99 0.515549 397 511 3.14159
41.1985 0.453249 0.359874 133 -111 0.06 0.06 0.580112 0.365967 375 148 627 148 369 271 624 276 504 99 0.515549 396 511 3.12894
41.2652 0.453249 0.359874 133 -111 0.06 0.06 0.580312 0.366167 375 148 627 148 369 271 624 276 504 99 0.515549 396 512 3.11628
41.3319 0.453763 0.359874 145 -110 0.06 0.06 0.580512 0.366367 375 148 627 148 369 271 624 276 504 99 0.515549 396 512 3.11628
41.3985 0.453763 0.359874 145 -110 0.06 0.06 0.580712 0.366567 375 148 627 148 369 271 624 276 504 99 0.515549 396 512 3.11628
41.4652 0.453763 0.359874 145 -110 0.06 0.06 0.580912 0.366767 375 148 627 148 369 271 624 276 504 99 0.515549 396 511 3.12894
41.5319 0.453763 0.361159 143 -108 0.06 0.06 0.581112 0.366967 375 148 627 148 369 272 624 276 504 99 0.515549 397 511 3.14159
41.5985 0.453763 0.361159 143 -108 0.06 0.06 0.581312 0.367167 375 148 627 148 369 272 624 276 504 99 0.515549 396 512 3.11628
41.6652 0.453763 0.361159 143 -108 0.06 0.06 0.581512 0.367367 375 148 627 148 369 272 625 276 504 99 0.515549 396 511 3.12894
41.7319 0.455048 0.361159 141 -109 0.06 0.06 0.581712 0.367567 375 148 627 148 368 272 625 276 504 99 0.515549 396 511 3.12894
41.7985 0.455048 0.361159 141 -109 0.06 0.06 0.581912 0.367767 375 148 627 148 368 272 624 276 504 100 0.519146 396 512 3.11596
41.8652 0.455048 0.361159 141 -109 0.06 0.06 0.582112 0.367967 375 148 627 148 368 272 625 276 504 99 0.515549 397 512 3.12909
41.9318 0.455048 0.361673 156 -118 0.06 0.06 0.582312 0.368167 375 148 627 148 368 271 625 276 504 99 0.515549 396 512 3.11628
41.9985 0.455048 0.361673 156 -118 0.06 0.06 0.582512 0.368367 375 148 627 148 368 272 625 276 504 99 0.515549 396 511 3.12894
42.0652 0.455048 0.361673 156 -118 0.06 0.06 0.582712 0.368567 375 148 627 148 368 272 625 276 504 99 0.515549 396 511 3.12894
42.1318 0.455305 0.362445 158 -118 0.06 0.06 0.582912 0.368767 375 148 627 148 368 272 625 276 504 100 0.523919 396 512 3.11628
42.1985 0.455305 0.362445 158 -118 0.06 0.06 0.583112 0.368967 375 148 627 148 368 272 625 276 504 100 0.523919 397 511 3.15425
42.2652 0.456076 0.362702 158 -118 0.06 0.06 0.583312 0.369167 375 148 627 148 368 272 625 276 504 100 0.519146 396 511 3.12894
42.3319 0.456076 0.362702 158 -118 0.06 0.06 0.583512 0.369367 375 148 627 148 368 272 625 276 504 100 0.519146 396 511 3.12894
42.3985 0.456076 0.362702 158 -118 0.06 0.06 0.583712 0.369567 375 148 627 148 368 272 625 276 504 100 0.523919 396 512 3.11596
42.4652 0.456333 0.36373 160 -116 0.06 0.06 0.583912 0.369767 375 148 627 148 368 272 625 276 504 100 0.519146 396 512 3.11596
42.5319 0.456333 0.36373 160 -116 0.06 0.06 0.584112 0.369967 375 148 628 148 368 272 625 276 504 100 0.519146 397 512 3.12909
42.5985 0.456333 0.36373 160 -116 0.06 0.06 0.584312 0.370167 375 148 628 148 368 271 625 276 504 100 0.519146 396 512 3.11596
42.6652 0.456847 0.36373 165 -120 0.06 0.06 0.584512 0.370367 375 148 628 148 368 271 625 276 504 100 0.519146 396 511 3.12894
42.7319 0.456847 0.36373 165 -120 0.06 0.06 0.584712 0.370567 375 148 628 148 368 271 625 276 504 100 0.519146 396 512 3.11596
42.7985 0.456847 0.36373 165 -120 0.06 0.06 0.584912 0.370767 375 148 628 148 368 271 626 276 505 100 0.515549 396 512 3.11596
42.8652 0.456847 0.364244 152 -121 0.06 0.06 0.585112 0.370967 375 148 628 148 368 271 625 276 505 100 0.515549 397 512 3.14159
42.9318 0.456847 0.364244 152 -121 0.06 0.06 0.585312 0.371167 375 148 628 148 368 271 625 276 504 100 0.519146 396 512 3.11596
42.9985 0.456847 0.364244 152 -121 0.06 0.06 0.585512 0.371367 375 148 628 148 368 271 625 276 504 100 0.519146 396 512 3.11596
43.0652 0.458133 0.365272 164 -123 0.06 0.06 0.585712 0.371567 375 148 628 148 368 271 625 276 504 100 0.519146 396 512 3.11596
43.1319 0.458133 0.365272 164 -123 0.06 0.06 0.585912 0.371767 375 148 628 148 368 272 625 276 504 100 0.502421 396 512 3.11596
43.1985 0.458133 0.365272 164 -123 0.06 0.06 0.586112 0.371967 375 148 628 148 368 272 625 276 504 100 0.515549 396 512 3.11596
43.2652 0.458647 0.365529 167 -122 0.06 0.06 0.586312 0.372167 375 148 628 148 368 271 625 276 504 100 0.502421 396 512 3.11628
43.3318 0.458647 0.365529 167 -122 0.06 0.06 0.586512 0.372367 375 148 628 148 368 272 625 276 504 100 0.515549 396 512 3.11596
43.3985 0.458647 0.365529 167 -122 0.06 0.06 0.586712 0.372567 375 148 628 148 368 272 625 276 504 100 0.502421 396 512 3.11596
43.4652 0.458647 0.366557 166 -118 0.06 0.06 0.586912 0.372767 375 148 628 148 368 272 625 276 504 100 0.520355 396 512 3.11596
43.5319 0.458647 0.366557 166 -118 0.06 0.06 0.587112 0.372967 375 148 628 148 368 271 625 276 504 100 0.520355 396 512 3.11596
43.5985 0.458647 0.366557 166 -118 0.06 0.06 0.587312 0.373167 375 148 628 148 368 272 625 276 504 100 0.520355 396 512 3.11596
43.6652 0.459675 0.366557 170 -120 0.06 0.06 0.587512 0.373367 375 148 628 148 368 272 625 276 504 100 0.520355 396 512 3.11596
43.7319 0.459675 0.366557 170 -120 0.06 0.06 0.587712 0.373567 375 149 628 148 368 272 625 276 504 100 0.520355 396 512 3.11596
43.7985 0.459418 0.367072 174 -130 0.06 0.06 0.587912 0.373767 375 149 628 148 368 271 625 276 504 100 0.520355 396 512 3.11596
43.8652 0.459418 0.367072 174 -130 0.06 0.06 0.588112 0.373967 375 149 628 148 368 272 625 276 504 100 0.520355 396 512 3.11596
43.9318 0.459418 0.367072 174 -130 0.06 0.06 0.588312 0.374167 375 149 628 148 368 271 625 276 504 100 0.520355 396 512 3.11596
43.9985 0.460446 0.367843 183 -130 0.06 0.06 0.588512 0.374367 375 148 628 148 368 271 625 276 504 100 0.520355 396 512 3.11596
44.0651 0.460446 0.367843 183 -130 0.06 0.06 0.588712 0.374567 375 149 628 148 368 272 625 276 504 100 0.520355 396 512 3.11596
44.1318 0.460446 0.367843 183 -130 0.06 0.06 0.588912 0.374767 375 149 628 148 368 271 625 276 505 100 0.515549 396 512 3.11596
44.1985 0.46096 0.3681 185 -130 0.06 0.06 0.589112 0.374967 375 149 628 148 368 271 625 276 505 100 0.515549 396 512 3.11596
44.2652 0.46096 0.3681 185 -130 0.06 0.06 0.589312 0.375167 375 149 628 148 368 272 625 276 504 100 0.520355 396 512 3.11596
44.3318 0.46096 0.3681 185 -130 0.06 0.06 0.589512 0.375367 375 149 628 148 368 271 625 276 505 100 0.515549 396 511 3.12877
44.3985 0.460703 0.368357 187 -140 0.06 0.06 0.589712 0.375567 375 149 628 148 368 271 626 276 505 100 0.515549 396 512 3.11596
44.4651 0.460703 0.368357 187 -140 0.06 0.06 0.589912 0.375767 375 149 628 148 368 271 626 276 505 100 0.515549 396 512 3.11596
44.5319 0.460703 0.368357 187 -140 0.06 0.06 0.590112 0.375967 375 149 628 148 368 271 626 276 505 100 0.515549 396 511 3.12877
44.5985 0.461731 0.368357 187 -121 0.06 0.06 0.590312 0.376167 375 149 628 148 367 272 625 276 505 100 0.515549 396 512 3.11596
44.6651 0.461731 0.368357 187 -121 0.06 0.06 0.590512 0.376367 375 149 628 148 367 272 626 276 505 100 0.515549 396 512 3.11596
44.7319 0.461731 0.368357 187 -121 0.06 0.06 0.590712 0.376567 375 149 628 148 367 272 626 276 505 100 0.515549 396 512 3.12894
44.7985 0.461731 0.369642 182 -136 0.06 0.06 0.590912 0.376767 375 149 628 148 367 272 625 276 505 100 0.515549 396 512 3.11596
44.8652 0.461731 0.369642 182 -136 0.06 0.06 0.591112 0.376967 375 149 628 148 367 272 625 276 505 100 0.515549 396 512 3.11596
44.9318 0.461731 0.369642 182 -136 0.06 0.06 0.591312 0.377167 375 149 628 148 367 272 626 276 505 100 0.515549 396 512 3.11596
44.9985 0.462759 0.369899 190 -139 0.06 0.06 0.591512 0.377367 375 149 628 148 367 272 625 276 505 100 0.515549 396 511 3.12877
45.0652 0.462759 0.369899 190 -139 0.06 0.06 0.591712 0.377567 375 149 628 148 367 272 626 276 505 100 0.515549 396 512 3.11596
45.1319 0.462759 0.369899 190 -139 0.06 0.06 0.591912 0.377767 375 149 628 148 367 272 625 276 505 100 0.515549 396 511 3.12877
45.1985 0.463274 0.370413 198 -137 0.06 0.06 0.592112 0.377967 375 149 628 148 367 272 625 276 505 100 0.515549 396 512 3.11596
45.2652 0.463274 0.370413 198 -137 0.06 0.06 0.592312 0.378167 375 149 628 148 367 272 625 276 505 100 0.515549 396 512 3.11628
45.3318 0.463531 0.371184 194 -141 0.06 0.06 0.592512 0.378367 375 149 628 148 367 272 626 276 505 100 0.510823 396 512 3.14159
45.3985 0.463531 0.371184 194 -141 0.06 0.06 0.592712 0.378567 375 149 628 148 367 272 625 276 505 100 0.510823 396 512 3.12894
45.4652 0.463531 0.371184 194 -141 0.06 0.06 0.592912 0.378767 375 149 628 148 367 272 626 276 505 100 0.515549 396 512 3.11596
45.5319 0.464302 0.371184 206 -135 0.06 0.06 0.593112 0.378967 375 149 628 148 367 272 625 276 505 100 0.510823 396 512 3.11596
45.5985 0.464302 0.371184 206 -135 0.06 0.06 0.593312 0.379167 375 149 629 148 367 272 625 276 505 101 0.502421 396 512 3.12909
45.6652 0.464302 0.371184 206 -135 0.06 0.06 0.593513 0.379367 375 149 629 148 367 272 625 276 505 101 0.514451 396 512 3.12909
45.7319 0.464302 0.372213 200 -144 0.06 0.06 0.593713 0.379567 375 149 629 148 367 272 626 276 505 101 0.514451 396 512 3.11596
45.7985 0.464302 0.372213 200 -144 0.06 0.06 0.593913 0.379767 375 149 629 148 367 272 626 277 505 101 0.506175 396 511 3.12877
45.8652 0.464302 0.372213 200 -144 0.06 0.06 0.594113 0.379967 375 149 629 148 367 272 626 277 505 101 0.514451 396 512 3.12909
45.9318 0.464816 0.37247 207 -152 0.06 0.06 0.594313 0.380167 375 149 629 148 367 272 626 277 505 101 0.507099 396 512 3.12909
45.9985 0.464816 0.37247 207 -152 0.06 0.06 0.594513 0.380367 375 149 629 148 367 272 626 277 505 101 0.510823 396 512 3.11628
46.0652 0.464816 0.37247 207 -152 0.06 0.06 0.594713 0.380567 375 149 629 148 367 272 626 277 505 101 0.502421 396 512 3.12894
46.1318 0.465844 0.37247 206 -152 0.06 0.06 0.594913 0.380767 375 149 629 148 367 272 626 277 505 101 0.502421 396 512 3.12909
46.1985 0.465844 0.37247 206 -152 0.06 0.06 0.595113 0.380967 375 149 629 148 367 272 626 277 505 101 0.493941 396 512 3.11596
46.2652 0.465844 0.37247 206 -152 0.06 0.06 0.595313 0.381167 375 149 629 148 367 272 626 277 505 101 0.493941 396 512 3.11596
46.3319 0.465844 0.373498 206 -152 0.06 0.06 0.595513 0.381367 375 149 629 148 367 272 626 277 505 101 0.510823 396 512 3.12909
46.3985 0.465844 0.373498 206 -152 0.06 0.06 0.595713 0.381567 375 149 629 148 367 272 626 277 505 101 0.519146 396 512 3.14159
46.4652 0.465844 0.373498 206 -152 0.06 0.06 0.595913 0.381767 375 149 629 148 366 272 626 277 505 101 0.519146 396 512 3.11628
46.5318 0.466872 0.373498 205 -152 0.06 0.06 0.596113 0.381967 375 149 629 149 366 272 626 277 505 101 0.510823 396 512 3.12909
46.5985 0.466872 0.373498 205 -152 0.06 0.06 0.596313 0.382167 375 149 629 148 367 272 626 277 505 101 0.510823 396 512 3.12909
46.6652 0.466872 0.373498 205 -152 0.06 0.06 0.596513 0.382367 375 149 629 148 366 272 626 277 505 101 0.510823 396 512 3.12909
46.7319 0.466872 0.374269 207 -159 0.06 0.06 0.596713 0.382567 375 149 629 148 366 272 626 277 505 101 0.510823 396 512 3.11628
46.7985 0.466872 0.374269 207 -159 0.06 0.06 0.596913 0.382767 375 149 629 148 366 272 626 277 505 101 0.510823 396 512 3.11628
46.8652 0.466872 0.374269 207 -159 0.06 0.06 0.597113 0.382967 375 149 629 148 366 272 626 277 505 101 0.510823 396 512 3.12909
46.9318 0.467386 0.37504 215 -163 0.06 0.06 0.597313 0.383167 375 149 629 149 366 272 626 277 505 101 0.510823 396 512 3.12909
46.9985 0.467386 0.37504 215 -163 0.06 0.06 0.597513 0.383367 375 149 629 148 366 272 626 277 505 101 0.510823 396 512 3.12909
47.0652 0.468158 0.37504 217 -162 0.06 0.06 0.597713 0.383567 375 149 629 148 366 272 626 276 505 101 0.510823 396 512 3.12909
47.1318 0.468158 0.37504 217 -162 0.06 0.06 0.597913 0.383767 375 150 629 149 366 272 626 276 505 101 0.510823 396 512 3.12909
47.1985 0.468158 0.37504 217 -162 0.06 0.06 0.598113 0.383967 375 150 629 149 366 272 626 277 505 101 0.510823 396 512 3.11628
47.2652 0.468415 0.376068 218 -163 0.06 0.06 0.598313 0.384167 375 150 629 149 366 272 626 277 505 101 0.506175 396 512 3.12909
47.3319 0.468415 0.376068 218 -163 0.06 0.06 0.598513 0.384367 375 150 629 149 366 272 626 276 505 102 0.502421 396 512 3.12909
47.3985 0.468415 0.376068 218 -163 0.06 0.06 0.598713 0.384567 375 150 629 149 366 272 626 277 505 102 0.502421 396 512 3.12909
47.4652 0.468929 0.376068 221 -168 0.06 0.06 0.598913 0.384767 375 150 629 149 366 272 626 276 505 101 0.506175 396 512 3.12909
47.5319 0.468929 0.376068 221 -168 0.06 0.06 0.599113 0.384967 375 150 629 149 366 272 626 277 505 101 0.506175 396 512 3.12909
47.5985 0.468929 0.376068 221 -168 0.06 0.06 0.599313 0.385167 375 150 629 149 366 272 626 277 505 102 0.502421 396 512 3.12909
47.6652 0.468929 0.376582 206 -170 0.06 0.06 0.599513 0.385367 375 150 629 149 366 272 626 277 505 102 0.502421 396 512 3.12909
47.7318 0.468929 0.376582 206 -170 0.06 0.06 0.599713 0.385567 375 150 629 149 366 272 627 277 506 102 0.507099 396 512 3.12909
47.7985 0.468929 0.376582 206 -170 0.06 0.06 0.599913 0.385767 375 150 629 149 366 272 627 277 506 102 0.507099 396 512 3.12909
47.8652 0.4697 0.377611 220 -169 0.06 0.06 0.600113 0.385967 375 150 629 149 366 272 627 277 506 102 0.507099 396 512 3.12909
47.9318 0.4697 0.377611 220 -169 0.06 0.06 0.600313 0.386167 375 150 630 149 366 272 627 277 506 102 0.507099 396 512 3.12909
47.9985 0.4697 0.377611 220 -169 0.06 0.06 0.600513 0.386367 375 150 629 149 366 272 627 277 506 102 0.507099 396 512 3.12909
48.0652 0.469957 0.377611 243 -169 0.06 0.06 0.600713 0.386567 375 150 629 149 366 272 627 277 506 102 0.502421 396 512 3.12909
48.1319 0.469957 0.377611 243 -169 0.06 0.06 0.600913 0.386767 375 150 629 149 366 272 626 276 506 102 0.502421 396 512 3.12909
48.1985 0.469957 0.377611 243 -169 0.06 0.06 0.601113 0.386967 375 150 629 149 366 272 627 277 506 102 0.502421 396 512 3.12909
48.2652 0.469957 0.378639 241 -162 0.06 0.06 0.601313 0.387167 375 150 629 149 365 273 627 277 506 102 0.489393 396 512 3.12909
48.3319 0.469957 0.378639 241 -162 0.06 0.06 0.601513 0.387367 375 150 629 149 365 273 627 277 506 102 0.489393 396 512 3.12909
48.3985 0.469957 0.378639 241 -162 0.06 0.06 0.601713 0.387567 375 150 630 149 366 273 627 277 506 102 0.489393 396 512 3.12909
48.4652 0.471242 0.378639 232 -173 0.06 0.06 0.601913 0.387767 375 150 629 149 366 273 627 277 506 102 0.489393 396 512 3.12909
48.5318 0.471242 0.378639 232 -173 0.06 0.06 0.602113 0.387967 375 150 629 149 366 273 627 277 505 102 0.502421 396 512 3.12909
48.5985 0.471242 0.37941 215 -175 0.06 0.06 0.602313 0.388167 375 150 630 149 366 273 627 277 506 102 0.489393 396 512 3.12909
48.6651 0.471242 0.37941 215 -175 0.06 0.06 0.602513 0.388367 375 150 630 149 365 273 627 277 506 102 0.489393 396 512 3.12909
48.7318 0.471242 0.37941 215 -175 0.06 0.06 0.602713 0.388567 375 150 630 149 365 273 627 277 505 102 0.502421 396 512 3.12909
48.7985 0.472527 0.380181 224 -175 0.06 0.06 0.602913 0.388767 375 150 630 149 365 273 627 277 505 102 0.502421 396 512 3.12909
48.8652 0.472527 0.380181 224 -175 0.06 0.06 0.603113 0.388967 375 150 630 149 365 273 627 277 505 102 0.502421 396 512 3.12909
48.9318 0.472527 0.380181 224 -175 0.06 0.06 0.603313 0.389167 375 150 630 149 365 273 627 276 506 102 0.507099 396 512 3.12909
48.9985 0.472785 0.380438 242 -174 0.06 0.06 0.603513 0.389367 375 150 630 149 365 273 627 277 506 102 0.507099 396 512 3.12909
49.0652 0.472785 0.380438 242 -174 0.06 0.06 0.603713 0.389567 375 150 630 149 365 273 627 277 506 102 0.507099 396 512 3.12909
49.1319 0.472785 0.380438 242 -174 0.06 0.06 0.603913 0.389767 375 150 630 149 365 272 627 277 506 102 0.507099 396 512 3.12909
49.1985 0.473042 0.380438 239 -189 0.06 0.06 0.604113 0.389967 375 150 630 149 365 273 627 277 506 102 0.507099 396 512 3.12909
49.2652 0.473042 0.380438 239 -189 0.06 0.06 0.604313 0.390167 375 150 630 149 365 273 627 277 506 102 0.507099 396 512 3.12909
49.3318 0.473042 0.380438 239 -189 0.06 0.06 0.604513 0.390367 375 150 630 149 365 273 627 277 505 102 0.502421 396 512 3.12909
49.3985 0.473813 0.380438 244 -178 0.06 0.06 0.604713 0.390567 375 150 630 149 365 273 627 277 505 102 0.502421 396 512 3.12909
49.4652 0.473813 0.380438 244 -178 0.06 0.06 0.604913 0.390767 375 150 630 149 365 273 627 277 506 102 0.498568 396 512 3.12909
49.5319 0.473813 0.380438 244 -178 0.06 0.06 0.605113 0.390967 375 150 630 149 365 273 627 277 506 102 0.493941 396 512 3.12909
49.5985 0.473813 0.381724 258 -185 0.06 0.06 0.605313 0.391167 375 150 630 149 365 273 627 277 506 102 0.502421 396 512 3.12909
49.6652 0.473813 0.381724 258 -185 0.06 0.06 0.605513 0.391367 375 150 630 149 365 273 627 277 506 102 0.502421 396 512 3.12909
49.7318 0.473813 0.381724 258 -185 0.06 0.06 0.605713 0.391567 375 150 630 149 365 273 627 277 506 102 0.493941 396 512 3.12909
49.7985 0.474327 0.382238 256 -196 0.06 0.06 0.605913 0.391767 375 150 630 149 365 273 627 277 506 102 0.493941 396 512 3.12909
49.8652 0.474327 0.382238 256 -196 0.06 0.06 0.606113 0.391967 375 150 630 149 365 273 627 277 506 102 0.493941 396 512 3.12909
49.9318 0.474327 0.382238 256 -196 0.06 0.06 0.606313 0.392167 375 150 630 149 365 273 627 277 506 102 0.493941 396 512 3.12909
49.9985 0.475098 0.382238 257 -195 0.06 0.06 0.606513 0.392367 375 150 630 149 365 273 627 277 506 102 0.493941 396 512 3.12909
50.0652 0.475098 0.382238 257 -195 0.06 0.06 0.606713 0.392567 374 150 630 149 364 273 627 277 506 102 0.493941 396 512 3.12909
50.1319 0.475355 0.383266 256 -196 0.06 0.06 0.606913 0.392767 375 150 630 149 364 273 627 277 506 102 0.493941 396 512 3.12909
50.1985 0.475355 0.383266 256 -196 0.06 0.06 0.607113 0.392967 375 150 630 149 364 273 627 277 506 102 0.493941 396 512 3.12909
50.2652 0.475355 0.383266 256 -196 0.06 0.06 0.607313 0.393167 375 150 630 149 364 273 627 277 506 102 0.493941 396 512 3.12909
50.3319 0.476126 0.383266 255 -182 0.06 0.06 0.607513 0.393367 375 150 630 149 364 273 627 277 506 103 0.489393 396 512 3.12909
50.3985 0.476126 0.383266 255 -182 0.06 0.06 0.607713 0.393567 375 150 630 149 364 273 627 277 506 103 0.489393 396 512 3.12909
50.4652 0.476126 0.383266 255 -182 0.06 0.06 0.607913 0.393767 375 150 630 149 364 273 627 277 506 103 0.489393 396 512 3.12909
50.5318 0.476126 0.384551 261 -193 0.06 0.06 0.608113 0.393967 375 150 630 149 364 273 627 277 506 103 0.489393 396 512 3.12909
50.5985 0.476126 0.384551 261 -193 0.06 0.06 0.608313 0.394167 375 150 630 149 364 273 627 277 506 103 0.489393 396 512 3.12909
50.6652 0.476126 0.384551 261 -193 0.06 0.06 0.608513 0.394367 375 150 630 149 364 273 627 277 506 103 0.489393 396 512 3.12909
50.7318 0.47664 0.384808 269 -198 0.06 0.06 0.608713 0.394567 375 150 630 149 364 273 627 277 505 103 0.502421 396 512 3.12909
50.7985 0.47664 0.384808 269 -198 0.06 0.06 0.608913 0.394767 375 150 630 149 364 273 627 277 505 103 0.502421 396 512 3.12909
50.8652 0.47664 0.384808 269 -198 0.06 0.06 0.609113 0.394967 375 150 630 149 364 273 627 277 505 103 0.502421 396 512 3.12909
50.9318 0.477154 0.385065 270 -199 0.06 0.06 0.609313 0.395167 375 150 630 149 364 273 627 277 505 103 0.502421 396 512 3.12909
50.9985 0.477154 0.385065 270 -199 0.06 0.06 0.609513 0.395367 375 150 630 149 364 273 627 277 505 103 0.502421 396 512 3.12909
51.0652 0.477154 0.385065 270 -199 0.06 0.06 0.609713 0.395567 375 151 630 149 364 273 627 277 505 103 0.502421 396 512 3.12909
51.1318 0.477154 0.386093 279 -195 0.06 0.06 0.609913 0.395767 375 150 630 149 364 273 627 277 506 103 0.502421 396 512 3.11628
51.1985 0.477154 0.386093 279 -195 0.06 0.06 0.610113 0.395967 375 150 630 149 364 273 628 277 506 103 0.503274 396 512 3.12909
51.2652 0.477154 0.386093 279 -195 0.06 0.06 0.610313 0.396167 375 151 630 149 364 273 628 277 506 103 0.510823 396 512 3.11628
51.3318 0.477926 0.386093 270 -194 0.06 0.06 0.610513 0.396367 375 150 630 149 364 273 628 277 506 103 0.507099 396 512 3.12909
51.3985 0.477926 0.386093 270 -194 0.06 0.06 0.610713 0.396567 375 151 630 149 364 273 628 277 506 103 0.506175 396 512 3.11628
51.4652 0.477926 0.386093 270 -194 0.06 0.06 0.610913 0.396767 375 151 630 149 363 273 628 277 506 104 0.502421 396 512 3.11628
51.5319 0.478183 0.386608 264 -202 0.06 0.06 0.611113 0.396967 375 151 630 149 364 273 628 277 506 104 0.502421 396 512 3.11628
51.5985 0.478183 0.386608 264 -202 0.06 0.06 0.611313 0.397167 375 151 630 149 364 273 628 278 506 103 0.506175 396 512 3.12909
51.6652 0.478183 0.386608 264 -202 0.06 0.06 0.611513 0.397367 375 151 630 149 363 273 628 277 506 103 0.493941 396 512 3.11628
51.7318 0.479211 0.387122 272 -207 0.06 0.06 0.611713 0.397567 375 151 630 149 363 273 628 278 506 103 0.493941 396 512 3.11596
51.7985 0.479211 0.387122 272 -207 0.06 0.06 0.611913 0.397767 375 151 630 149 363 273 628 278 506 103 0.493941 396 512 3.12909
51.8652 0.479725 0.387379 282 -206 0.06 0.06 0.612113 0.397967 374 151 630 149 363 273 628 278 506 103 0.493941 396 512 3.12909
51.9318 0.479725 0.387379 282 -206 0.06 0.06 0.612313 0.398167 375 151 630 149 363 273 628 278 506 103 0.493941 396 512 3.11628
51.9985 0.479725 0.387379 282 -206 0.06 0.06 0.612513 0.398367 375 151 630 149 363 273 628 278 506 103 0.493941 396 512 3.12909
52.0652 0.479725 0.388407 282 -205 0.06 0.06 0.612713 0.398567 375 151 630 149 363 273 628 278 506 104 0.489957 396 512 3.11628
52.1318 0.479725 0.388407 282 -205 0.06 0.06 0.612913 0.398767 374 151 630 149 363 273 628 278 506 103 0.493941 396 512 3.11628
52.1985 0.479725 0.388407 282 -205 0.06 0.06 0.613113 0.398967 375 151 630 149 363 273 628 278 506 104 0.489957 396 512 3.11628
52.2652 0.480753 0.388407 276 -226 0.06 0.06 0.613313 0.399167 375 151 630 149 363 273 628 277 506 103 0.493941 396 512 3.11628
52.3319 0.480753 0.388407 276 -226 0.06 0.06 0.613513 0.399367 374 151 630 149 363 273 628 278 506 104 0.480887 396 512 3.11628
52.3985 0.480753 0.388407 276 -226 0.06 0.06 0.613713 0.399567 374 151 630 149 363 273 628 278 506 103 0.493941 396 512 3.11628
52.4652 0.480753 0.388921 291 -212 0.06 0.06 0.613913 0.399767 374 151 630 149 363 273 628 278 506 103 0.493941 396 512 3.11628
52.5318 0.480753 0.388921 291 -212 0.06 0.06 0.614113 0.399967 375 151 630 149 363 273 628 278 506 104 0.476467 396 512 3.12894
52.5985 0.480753 0.388921 291 -212 0.06 0.06 0.614313 0.400167 375 151 630 149 363 273 628 278 506 104 0.480887 396 512 3.11596
52.6652 0.481267 0.389692 288 -218 0.06 0.06 0.614513 0.400367 374 151 630 149 363 273 628 277 506 104 0.489393 396 512 3.11628
52.7319 0.481267 0.389692 288 -218 0.06 0.06 0.614713 0.400567 374 151 630 149 363 273 628 277 505 104 0.493941 396 512 3.11628
52.7985 0.481267 0.389692 288 -218 0.06 0.06 0.614913 0.400767 374 151 630 149 363 273 628 278 506 104 0.476467 396 512 3.11628
52.8652 0.481267 0.389949 313 -216 0.06 0.06 0.615113 0.400967 374 151 630 149 363 273 628 277 505 104 0.493941 396 512 3.11628
52.9318 0.481267 0.389949 313 -216 0.06 0.06 0.615313 0.401167 374 151 630 149 363 273 628 277 505 104 0.502421 396 512 3.11628
52.9985 0.481267 0.389949 313 -216 0.06 0.06 0.615513 0.401367 374 151 630 149 363 273 628 277 506 104 0.489957 396 512 3.11628
53.0652 0.481267 0.390977 308 -210 0.06 0.06 0.615713 0.401567 374 151 630 149 363 273 628 277 506 104 0.493941 396 512 3.11596
53.1319 0.481267 0.390977 308 -210 0.06 0.06 0.615913 0.401767 374 151 630 149 363 273 628 278 506 104 0.493941 396 512 3.11628
53.1985 0.481267 0.390977 308 -210 0.06 0.06 0.616113 0.401967 374 151 630 149 362 273 628 277 506 104 0.493941 396 512 3.11628
53.2652 0.482038 0.390977 311 -218 0.06 0.06 0.616313 0.402167 374 151 630 149 362 273 628 278 506 104 0.493941 396 512 3.11628
53.3319 0.482038 0.390977 311 -218 0.06 0.06 0.616513 0.402367 374 151 630 149 362 273 628 277 506 104 0.493941 396 512 3.11596
53.3985 0.482038 0.391492 306 -220 0.06 0.06 0.616713 0.402567 374 151 630 149 362 273 628 277 506 104 0.493941 396 512 3.11628
53.4652 0.482038 0.391492 306 -220 0.06 0.06 0.616913 0.402767 374 151 630 149 362 273 628 277 506 104 0.493941 396 512 3.11628
53.5319 0.482038 0.391492 306 -220 0.06 0.06 0.617113 0.402967 374 151 630 149 363 273 628 278 506 104 0.493941 396 512 3.11596
53.5986 0.482553 0.39252 313 -215 0.06 0.06 0.617313 0.403167 374 151 630 149 362 273 628 278 506 104 0.493941 396 512 3.11596
53.6652 0.482553 0.39252 313 -215 0.06 0.06 0.617513 0.403367 374 151 631 150 362 273 628 278 506 104 0.493941 396 512 3.11628
53.7318 0.482553 0.39252 313 -215 0.06 0.06 0.617713 0.403567 374 151 631 150 362 273 628 278 506 104 0.493941 396 512 3.11628
53.7985 0.482553 0.392777 331 -215 0.06 0.06 0.617913 0.403767 374 151 631 150 362 273 628 278 507 104 0.489393 396 512 3.11628
53.8652 0.482553 0.392777 331 -215 0.06 0.06 0.618113 0.403967 374 151 631 150 362 273 628 277 507 104 0.489393 396 512 3.11596
53.9318 0.482553 0.392777 331 -215 0.06 0.06 0.618313 0.404167 374 151 631 150 362 273 628 278 507 104 0.489393 396 512 3.11596
53.9985 0.48281 0.393548 333 -214 0.06 0.06 0.618513 0.404367 374 151 631 150 362 274 629 278 507 104 0.489393 396 512 3.10364
54.0652 0.48281 0.393548 333 -214 0.06 0.06 0.618713 0.404567 374 151 631 150 362 273 628 277 507 104 0.489393 396 512 3.11628
54.1318 0.48281 0.393548 333 -214 0.06 0.06 0.618913 0.404767 375 151 631 150 362 273 629 277 507 104 0.489393 396 512 3.11596
54.1985 0.484609 0.393805 313 -224 0.06 0.06 0.619113 0.404967 374 151 631 150 362 273 629 277 507 104 0.489393 396 512 3.11596
54.2652 0.484609 0.393805 313 -224 0.06 0.06 0.619313 0.405167 374 151 631 150 362 274 629 277 507 105 0.480887 396 512 3.11596
54.3319 0.484609 0.393805 313 -224 0.06 0.06 0.619513 0.405367 374 151 631 150 362 273 629 277 507 105 0.480887 396 512 3.11596
54.3985 0.484609 0.394062 327 -224 0.06 0.06 0.619713 0.405567 374 151 631 150 362 273 629 278 507 105 0.480887 396 512 3.11628
54.4652 0.484609 0.394062 327 -224 0.06 0.06 0.619913 0.405767 374 151 631 150 362 273 629 278 507 105 0.480887 396 512 3.11596
54.5319 0.484609 0.394062 327 -224 0.06 0.06 0.620113 0.405967 374 151 631 150 362 273 629 278 507 105 0.489393 396 512 3.11628
54.5985 0.484866 0.394576 322 -236 0.06 0.06 0.620313 0.406167 374 151 631 150 362 274 629 277 507 105 0.480887 396 512 3.11596
54.6652 0.484866 0.394576 322 -236 0.06 0.06 0.620513 0.406367 374 151 631 150 362 273 629 278 507 105 0.480887 396 512 3.11596
54.7318 0.484866 0.394576 322 -236 0.06 0.06 0.620713 0.406567 374 151 631 150 362 273 629 278 507 105 0.480887 396 512 3.11596
54.7985 0.486151 0.394576 314 -236 0.06 0.06 0.620913 0.406767 374 151 631 150 362 273 629 278 507 105 0.480887 396 512 3.11596
54.8652 0.486151 0.394576 314 -236 0.06 0.06 0.621113 0.406967 374 151 631 150 362 273 629 278 507 105 0.480887 396 512 3.11596
54.9319 0.486408 0.395604 316 -236 0.06 0.06 0.621313 0.407167 374 151 631 150 362 273 629 278 507 105 0.480887 396 512 3.11596
54.9985 0.486408 0.395604 316 -236 0.06 0.06 0.621513 0.407367 374 151 631 150 362 274 629 278 507 105 0.480887 396 512 3.11596
55.0652 0.486408 0.395604 316 -236 0.06 0.06 0.621713 0.407567 374 151 631 150 362 274 629 278 507 105 0.480887 396 512 3.11596
55.1318 0.487437 0.395604 310 -236 0.06 0.06 0.621913 0.407767 374 151 631 150 362 274 629 278 507 105 0.480887 396 512 3.11596
55.1985 0.487437 0.395604 310 -236 0.06 0.06 0.622113 0.407967 374 151 631 150 362 274 629 278 507 105 0.480887 396 512 3.11596
55.2652 0.487437 0.395604 310 -236 0.06 0.06 0.622313 0.408167 374 151 631 150 361 274 629 278 506 105 0.493941 396 512 3.11596
55.3318 0.487437 0.396633 330 -240 0.06 0.06 0.622513 0.408367 374 151 631 150 361 274 629 278 506 105 0.493941 396 512 3.11596
55.3985 0.487437 0.396633 330 -240 0.06 0.06 0.622713 0.408567 374 151 631 150 361 274 629 278 506 105 0.493941 396 512 3.11596
55.4652 0.487437 0.396633 330 -240 0.06 0.06 0.622913 0.408767 374 151 631 150 361 274 629 278 506 105 0.493941 396 512 3.11596
55.5319 0.487694 0.39689 328 -250 0.06 0.06 0.623113 0.408967 374 151 631 150 361 274 629 278 506 105 0.493941 396 512 3.12877
55.5985 0.487694 0.39689 328 -250 0.06 0.06 0.623313 0.409167 374 151 631 150 361 274 629 278 506 105 0.493941 396 512 3.11596
55.6652 0.487694 0.39689 328 -250 0.06 0.06 0.623513 0.409367 374 151 631 150 361 274 629 278 506 105 0.493941 396 512 3.11596
55.7319 0.488465 0.39689 319 -251 0.06 0.06 0.623712 0.409567 374 151 631 150 361 274 629 278 506 105 0.493941 396 512 3.11596
55.7985 0.488465 0.39689 319 -251 0.06 0.06 0.623912 0.409767 374 152 631 150 361 274 629 278 506 105 0.493941 396 512 3.11596
55.8652 0.488465 0.39689 319 -251 0.06 0.06 0.624112 0.409967 374 152 631 150 361 274 629 278 506 105 0.493941 396 512 3.11596
55.9318 0.488979 0.398175 320 -246 0.06 0.06 0.624312 0.410167 374 152 631 150 361 274 629 278 507 105 0.489393 396 512 3.11596
55.9985 0.488979 0.398175 320 -246 0.06 0.06 0.624512 0.410367 374 152 631 150 361 274 629 278 507 105 0.489393 396 512 3.12877
56.0652 0.488979 0.398175 320 -246 0.06 0.06 0.624712 0.410567 374 152 631 150 361 274 629 278 507 105 0.489393 396 512 3.11596
56.1318 0.489493 0.398175 331 -257 0.06 0.06 0.624912 0.410767 374 152 631 150 361 274 629 278 507 105 0.489393 396 512 3.11596
56.1985 0.489493 0.398175 331 -257 0.06 0.06 0.625112 0.410967 374 152 631 150 361 274 629 278 507 105 0.489393 396 512 3.11596
56.2652 0.489493 0.398175 331 -257 0.06 0.06 0.625312 0.411167 374 152 631 150 361 274 629 278 507 105 0.489393 396 512 3.11596
56.3318 0.489493 0.398689 324 -257 0.06 0.06 0.625512 0.411367 374 152 631 150 361 274 630 278 507 106 0.480887 396 512 3.11596
56.3985 0.489493 0.398689 324 -257 0.06 0.06 0.625712 0.411567 374 152 631 150 361 274 630 278 507 106 0.480887 396 512 3.11628
56.4652 0.489493 0.398689 324 -257 0.06 0.06 0.625912 0.411767 374 152 631 150 361 273 630 278 507 105 0.489393 396 512 3.11596
56.5318 0.490521 0.398946 332 -256 0.06 0.06 0.626112 0.411967 374 152 631 150 361 274 630 278 507 105 0.489393 396 512 3.11628
56.5985 0.490521 0.398946 332 -256 0.06 0.06 0.626312 0.412167 374 152 631 150 361 274 630 278 507 106 0.480887 396 512 3.10364
56.6652 0.490521 0.39946 368 -254 0.06 0.06 0.626512 0.412367 374 152 631 150 361 274 630 278 507 106 0.480887 396 512 3.11596
56.7318 0.490521 0.39946 368 -254 0.06 0.06 0.626712 0.412567 374 152 632 150 361 274 630 278 507 106 0.480887 396 512 3.11596
56.7985 0.490521 0.39946 368 -254 0.06 0.06 0.626912 0.412767 374 152 631 150 361 274 630 278 507 106 0.480887 396 512 3.11596
56.8652 0.490521 0.400488 352 -254 0.06 0.06 0.627112 0.412967 374 152 631 150 361 274 630 278 507 106 0.472305 396 512 3.11596
56.9318 0.490521 0.400488 352 -254 0.06 0.06 0.627312 0.413167 374 152 632 150 361 274 630 278 507 106 0.476467 396 512 3.11596
56.9985 0.490521 0.400488 352 -254 0.06 0.06 0.627512 0.413367 374 152 632 150 361 274 630 278 507 106 0.476467 396 512 3.11596
57.0652 0.490778 0.400488 362 -263 0.06 0.06 0.627712 0.413567 374 152 632 150 361 274 630 278 507 106 0.476467 396 512 3.11628
57.1318 0.490778 0.400488 362 -263 0.06 0.06 0.627912 0.413767 374 152 632 150 361 274 630 278 507 106 0.476467 396 512 3.11628
57.1985 0.490778 0.400488 362 -263 0.06 0.06 0.628112 0.413967 374 152 632 150 361 274 630 278 507 106 0.472305 396 512 3.12894
57.2652 0.490521 0.401002 308 -264 0.06 0.06 0.628312 0.414167 374 152 632 150 360 274 630 278 507 106 0.476467 396 512 3.11596
57.3318 0.490521 0.401002 308 -264 0.06 0.06 0.628512 0.414367 374 152 632 150 360 274 630 278 507 106 0.476467 396 512 3.11628
57.3985 0.490521 0.401002 308 -264 0.06 0.06 0.628712 0.414567 374 152 632 150 360 274 630 278 507 106 0.476467 396 513 3.14159
57.4652 0.493092 0.401517 327 -261 0.06 0.06 0.628912 0.414767 374 152 631 150 360 274 630 278 506 106 0.493941 396 512 3.11628
57.5318 0.493092 0.401517 327 -261 0.06 0.06 0.629112 0.414967 374 152 632 150 361 274 630 278 506 106 0.493941 396 512 3.12894
57.5985 0.493092 0.401517 327 -261 0.06 0.06 0.629312 0.415167 374 152 632 150 361 274 630 278 506 106 0.485383 396 512 3.11596
57.6652 0.493092 0.401774 351 -261 0.06 0.06 0.629512 0.415367 374 152 631 150 360 274 630 278 507 106 0.489393 396 512 3.10364
57.7318 0.493092 0.401774 351 -261 0.06 0.06 0.629712 0.415567 374 152 631 150 360 274 630 278 507 106 0.489393 396 513 3.1166
57.7985 0.493092 0.401774 351 -261 0.06 0.06 0.629912 0.415767 374 152 631 150 360 274 630 279 506 106 0.493941 396 513 3.14159
57.8652 0.493092 0.402031 350 -275 0.06 0.06 0.630112 0.415967 374 152 632 150 361 274 630 278 507 106 0.489393 396 512 3.11596
57.9318 0.493092 0.402031 350 -275 0.06 0.06 0.630312 0.416167 374 152 632 150 361 274 630 278 507 106 0.489393 396 512 3.11596
57.9985 0.493092 0.402031 350 -275 0.06 0.06 0.630512 0.416368 374 152 632 150 360 274 630 278 507 106 0.489393 396 512 3.11596
58.0652 0.494634 0.402031 338 -267 0.06 0.06 0.630712 0.416568 373 152 631 150 361 274 630 278 507 106 0.489393 396 512 3.11628
58.1318 0.494634 0.402031 338 -267 0.06 0.06 0.630912 0.416768 373 152 631 150 361 274 630 278 507 106 0.489393 396 513 3.1166
58.1985 0.494634 0.403059 348 -274 0.06 0.06 0.631111 0.416968 373 152 631 150 361 274 630 278 507 106 0.489393 396 512 3.11628
58.2652 0.494634 0.403059 348 -274 0.06 0.06 0.631311 0.417168 373 152 631 150 361 274 630 278 507 106 0.489393 396 512 3.11628
58.3318 0.494634 0.403059 348 -274 0.06 0.06 0.631511 0.417368 373 152 632 150 360 274 630 278 506 107 0.476467 396 512 3.12894
58.3985 0.494891 0.403573 349 -284 0.06 0.06 0.631711 0.417568 373 152 632 150 360 274 630 278 507 106 0.489393 396 512 3.11628
58.4651 0.494891 0.403573 349 -284 0.06 0.06 0.631911 0.417768 373 152 632 150 360 274 630 278 507 106 0.489393 396 512 3.11628
58.5318 0.494891 0.403573 349 -284 0.06 0.06 0.632111 0.417968 373 152 632 150 360 274 631 278 506 107 0.476467 396 512 3.11628
58.5985 0.494891 0.40383 363 -282 0.06 0.06 0.632311 0.418168 373 152 632 151 360 274 631 278 506 107 0.476467 396 513 3.1166
58.6652 0.494891 0.40383 363 -282 0.06 0.06 0.632511 0.418368 373 152 632 150 360 274 630 278 507 107 0.480887 396 512 3.11628
58.7318 0.494891 0.40383 363 -282 0.06 0.06 0.632711 0.418568 373 152 632 150 360 274 630 278 507 107 0.472305 396 513 3.14159
58.7985 0.494891 0.40383 363 -295 0.06 0.06 0.632911 0.418768 373 152 632 150 360 274 631 279 506 107 0.476467 396 512 3.11628
58.8652 0.494891 0.40383 363 -295 0.06 0.06 0.633111 0.418968 373 152 632 150 360 274 630 278 507 107 0.480887 396 512 3.11628
58.9319 0.494891 0.40383 363 -295 0.06 0.06 0.633311 0.419168 373 152 632 151 360 274 631 278 507 107 0.480887 396 513 3.14159
58.9985 0.49669 0.40383 351 -259 0.06 0.06 0.633511 0.419368 373 152 632 151 360 274 631 278 507 106 0.489393 396 512 3.11628
59.0652 0.49669 0.40383 351 -259 0.06 0.06 0.633711 0.419568 373 152 632 150 360 274 630 278 506 107 0.467939 396 512 3.11628
59.1318 0.49669 0.40383 351 -259 0.06 0.06 0.633911 0.419768 373 152 632 150 360 274 631 278 506 107 0.467939 396 512 3.10411
59.1985 0.49669 0.405115 356 -287 0.06 0.06 0.634111 0.419968 373 152 632 151 360 274 631 278 507 107 0.472305 396 513 3.14159
59.2652 0.49669 0.405115 356 -287 0.06 0.06 0.634311 0.420168 373 152 632 151 360 274 631 278 507 107 0.472305 396 513 3.14159
59.3318 0.49669 0.405115 356 -287 0.06 0.06 0.634511 0.420368 373 153 632 151 360 274 631 278 507 107 0.480887 396 512 3.11628
59.3985 0.497205 0.406144 355 -288 0.06 0.06 0.634711 0.420568 373 152 632 151 360 274 631 278 507 107 0.472305 396 512 3.12894
59.4652 0.497205 0.406144 355 -288 0.06 0.06 0.634911 0.420768 373 153 632 151 360 274 630 278 507 107 0.467939 396 513 3.1166
59.5318 0.497205 0.406144 355 -288 0.06 0.06 0.635111 0.420968 373 152 632 151 360 274 630 278 507 107 0.467939 396 513 3.14159
59.5985 0.497719 0.406144 365 -287 0.06 0.06 0.635311 0.421168 373 153 632 151 360 274 630 278 507 107 0.467939 396 512 3.10411
59.6651 0.497719 0.406144 365 -287 0.06 0.06 0.635511 0.421368 373 153 632 151 360 274 630 278 506 107 0.485383 396 513 3.14159
59.7319 0.497719 0.406915 365 -288 0.06 0.06 0.635711 0.421568 373 153 632 151 359 275 630 278 506 107 0.485383 396 513 3.15425
59.7985 0.497719 0.406915 365 -288 0.06 0.06 0.635911 0.421768 373 153 632 151 359 274 631 278 507 107 0.480887 396 513 3.14159
59.8652 0.497719 0.406915 365 -288 0.06 0.06 0.636111 0.421968 373 153 632 151 359 274 631 278 507 107 0.480887 396 512 3.11628
59.9318 0.498747 0.407172 364 -298 0.06 0.06 0.636311 0.422168 373 153 632 151 359 274 631 278 507 107 0.489393 396 512 3.10411
59.9985 0.498747 0.407172 364 -298 0.06 0.06 0.636511 0.422368 373 153 632 151 359 274 631 278 507 107 0.480887 396 513 3.14159
60.0652 0.498747 0.407172 364 -298 0.06 0.06 0.636711 0.422568 373 153 632 151 359 275 631 278 507 107 0.489393 396 513 3.15425
60.1318 0.498747 0.407429 384 -298 0.06 0.06 0.636911 0.422768 373 153 632 151 359 274 631 278 507 107 0.489393 396 513 3.14159
60.1985 0.498747 0.407429 384 -298 0.06 0.06 0.637111 0.422968 373 153 632 151 359 274 631 278 507 107 0.489393 395 513 3.12894
60.2652 0.498747 0.407429 384 -298 0.06 0.06 0.637311 0.423168 373 153 632 151 359 274 631 278 507 107 0.489393 396 513 3.14159
60.3318 0.498747 0.407686 387 -313 0.06 0.06 0.637511 0.423368 373 153 632 151 359 274 631 278 507 107 0.489393 396 513 3.14159
60.3985 0.498747 0.407686 387 -313 0.06 0.06 0.637711 0.423568 373 153 632 151 359 274 631 278 507 107 0.489393 396 513 3.14159
60.4652 0.498747 0.407686 387 -313 0.06 0.06 0.637911 0.423768 373 153 632 151 359 274 631 279 507 107 0.489393 396 512 3.12909
60.5318 0.500032 0.407429 369 -311 0.06 0.06 0.638111 0.423968 373 153 632 151 359 274 631 278 507 107 0.489393 396 512 3.10411
60.5985 0.500032 0.407429 369 -311 0.06 0.06 0.638311 0.424168 373 153 632 151 359 274 631 278 507 107 0.489393 396 513 3.14159
60.6652 0.500032 0.407429 369 -311 0.06 0.06 0.638511 0.424368 373 153 632 151 359 274 631 279 507 107 0.489393 396 513 3.15425
60.7318 0.500289 0.408971 377 -303 0.06 0.06 0.63871 0.424568 373 153 632 151 359 274 631 279 506 108 0.476467 396 513 3.14159
60.7985 0.500289 0.408971 377 -303 0.06 0.06 0.63891 0.424768 373 153 632 151 359 274 631 279 507 108 0.472305 396 513 3.15425
60.8652 0.500289 0.408971 377 -303 0.06 0.06 0.63911 0.424968 373 153 632 151 359 274 631 279 507 108 0.472305 396 513 3.15425
60.9319 0.501317 0.408971 373 -286 0.06 0.06 0.63931 0.425168 373 153 632 151 359 274 631 279 506 108 0.467939 395 513 3.12894
60.9985 0.501317 0.408971 373 -286 0.06 0.06 0.63951 0.425368 373 153 632 151 358 275 631 279 506 108 0.467939 396 513 3.14159
61.0652 0.501317 0.408971 373 -286 0.06 0.06 0.63971 0.425568 373 153 632 151 358 275 631 279 507 108 0.467939 396 513 3.12925
61.1319 0.501317 0.409999 388 -302 0.06 0.06 0.63991 0.425768 373 153 632 151 358 275 631 279 507 108 0.467939 396 512 3.12894
61.1985 0.501317 0.409999 388 -302 0.06 0.06 0.64011 0.425968 373 153 632 151 358 275 631 279 507 108 0.467939 396 513 3.15425
61.2652 0.501574 0.409999 382 -322 0.06 0.06 0.64031 0.426168 373 153 632 151 358 275 631 279 507 108 0.467939 396 513 3.14159
61.3318 0.501574 0.409999 382 -322 0.06 0.06 0.64051 0.426368 373 153 632 151 358 275 631 279 507 108 0.467939 396 513 3.14159
61.3985 0.501574 0.409999 382 -322 0.06 0.06 0.64071 0.426568 373 153 632 151 358 275 631 279 507 108 0.467939 396 513 3.14159
61.4652 0.501574 0.409999 404 -321 0.06 0.06 0.64091 0.426768 373 153 632 151 358 275 631 279 507 108 0.467939 396 513 3.15425
61.5318 0.501574 0.409999 404 -321 0.06 0.06 0.64111 0.426968 373 153 632 151 358 275 631 279 507 108 0.476467 396 513 3.14159
61.5985 0.501574 0.409999 404 -321 0.06 0.06 0.64131 0.427168 373 153 632 151 358 275 631 279 507 108 0.467939 396 513 3.14159
61.6652 0.501574 0.411542 401 -310 0.06 0.06 0.64151 0.427368 373 153 632 151 358 275 631 279 507 108 0.467939 396 513 3.15425
61.7318 0.501574 0.411542 401 -310 0.06 0.06 0.64171 0.427568 373 153 632 151 358 275 631 279 507 108 0.480887 396 513 3.14159
61.7985 0.501574 0.411542 401 -310 0.06 0.06 0.64191 0.427768 373 154 632 151 358 275 631 279 507 108 0.480887 396 513 3.14159
61.8652 0.501832 0.411542 418 -288 0.06 0.06 0.64211 0.427968 373 154 632 151 358 275 632 279 507 108 0.480887 396 513 3.15425
61.9318 0.501832 0.411542 418 -288 0.06 0.06 0.64231 0.428168 373 154 632 151 358 275 631 279 507 108 0.476747 396 513 3.14159
61.9985 0.501832 0.411542 418 -288 0.06 0.06 0.64251 0.428368 373 153 632 151 358 275 632 279 507 108 0.476747 396 513 3.15425
62.0652 0.501832 0.41257 374 -303 0.06 0.06 0.64271 0.428568 373 154 632 151 358 275 632 279 507 108 0.476747 396 513 3.14159
62.1318 0.501832 0.41257 374 -303 0.06 0.06 0.64291 0.428768 373 154 633 151 358 275 632 279 508 109 0.480887 396 513 3.14159
62.1985 0.501832 0.41257 374 -303 0.06 0.06 0.64311 0.428968 373 154 633 151 358 275 632 279 507 109 0.467939 396 513 3.15425
62.2652 0.503888 0.413084 397 -311 0.06 0.06 0.64331 0.429168 373 154 633 151 358 275 632 279 507 109 0.463648 396 513 3.14159
62.3318 0.503888 0.413084 397 -311 0.06 0.06 0.64351 0.429368 373 154 633 151 358 275 632 279 507 109 0.463648 396 513 3.12925
62.3985 0.503888 0.413084 397 -311 0.06 0.06 0.64371 0.429568 373 154 632 151 358 275 632 279 507 109 0.463648 396 512 3.11628
62.4652 0.504402 0.413341 408 -309 0.06 0.06 0.64391 0.429768 373 154 632 151 358 274 632 279 507 109 0.472305 396 513 3.15425
62.5318 0.504402 0.413341 408 -309 0.06 0.06 0.64411 0.429968 373 154 632 151 358 274 632 279 507 109 0.472305 396 513 3.14159
62.5985 0.504402 0.413341 408 -309 0.06 0.06 0.64431 0.430168 373 154 633 152 358 274 632 279 507 109 0.472305 396 513 3.14159
62.6652 0.504402 0.414112 407 -309 0.06 0.06 0.64451 0.430368 373 154 633 151 357 275 632 279 507 109 0.472305 396 513 3.15425
62.7318 0.504402 0.414112 407 -309 0.06 0.06 0.64471 0.430568 373 154 633 151 357 275 632 279 507 109 0.476467 395 513 3.14159
62.7985 0.504402 0.414112 407 -309 0.06 0.06 0.64491 0.430768 373 154 633 151 357 275 632 279 507 109 0.476467 396 513 3.11691
62.8652 0.504402 0.414112 407 -309 0.06 0.06 0.64511 0.430968 373 154 633 151 357 275 632 279 507 109 0.472305 396 513 3.1166
62.9319 0.504402 0.414112 407 -309 0.06 0.06 0.64531 0.431168 373 154 633 151 357 275 632 279 507 109 0.463648 396 513 3.15425
62.9985 0.504659 0.414369 414 -324 0.06 0.06 0.64551 0.431368 373 154 632 151 357 275 632 279 507 109 0.472305 396 513 3.14159
63.0652 0.504659 0.414369 414 -324 0.06 0.06 0.64571 0.431568 373 154 632 151 357 275 632 279 507 109 0.472305 396 513 3.14159
63.1318 0.504659 0.414369 414 -324 0.06 0.06 0.64591 0.431768 373 154 633 152 357 275 632 279 507 109 0.463648 396 513 3.14159
63.1985 0.504659 0.414626 395 -318 0.06 0.06 0.64611 0.431968 373 154 632 151 357 275 632 279 507 109 0.463648 396 513 3.14159
63.2652 0.504659 0.414626 395 -318 0.06 0.06 0.646309 0.432168 373 154 632 151 357 275 632 279 507 109 0.463648 396 513 3.14159
63.3319 0.504659 0.414626 395 -318 0.06 0.06 0.646509 0.432368 373 154 632 151 357 275 632 279 507 109 0.463648 396 513 3.12925
63.3985 0.505687 0.41514 408 -317 0.06 0.06 0.646709 0.432568 373 154 632 152 357 275 632 279 507 109 0.467939 396 513 3.15425
63.4652 0.505687 0.41514 408 -317 0.06 0.06 0.646909 0.432768 372 154 632 152 357 275 633 279 507 109 0.476747 396 512 3.12877
63.5318 0.505687 0.41514 408 -317 0.06 0.06 0.647109 0.432968 373 154 632 151 357 275 633 279 507 109 0.476747 396 513 3.15425
63.5985 0.505687 0.415655 442 -315 0.06 0.06 0.647309 0.433168 372 154 632 152 357 275 633 279 507 109 0.476747 396 513 3.15425
63.6652 0.505687 0.415655 442 -315 0.06 0.06 0.647509 0.433368 372 154 632 152 357 275 633 279 507 109 0.476747 396 513 3.15425
63.7319 0.505687 0.415655 442 -315 0.06 0.06 0.647709 0.433568 372 154 632 152 357 275 632 279 507 109 0.476747 396 513 3.14159
63.7985 0.505687 0.41694 436 -321 0.06 0.06 0.647909 0.433768 373 154 633 152 356 275 633 279 507 110 0.463648 396 513 3.12909
63.8652 0.505687 0.41694 436 -321 0.06 0.06 0.648109 0.433968 373 154 633 152 357 275 633 279 507 110 0.467939 396 513 3.12909
63.9319 0.505687 0.41694 436 -321 0.06 0.06 0.648309 0.434168 373 154 633 152 356 275 633 279 507 110 0.467939 396 512 3.12877
63.9985 0.508258 0.41694 413 -342 0.06 0.06 0.648509 0.434368 373 154 632 152 356 275 633 279 507 110 0.472305 396 513 3.15425
64.0651 0.508258 0.41694 413 -342 0.06 0.06 0.648709 0.434568 372 154 632 152 356 275 633 279 507 110 0.463648 396 513 3.14159
64.1319 0.508258 0.41694 413 -342 0.06 0.06 0.648909 0.434768 372 154 632 152 356 275 633 279 507 110 0.463648 396 513 3.12909
64.1985 0.508258 0.41694 427 -341 0.06 0.06 0.649109 0.434968 372 154 632 152 356 275 633 279 506 110 0.459337 396 513 3.14159
64.2652 0.508258 0.41694 427 -341 0.06 0.06 0.649309 0.435168 372 154 632 152 355 275 633 279 506 110 0.463648 396 513 3.15425
64.3318 0.508258 0.41694 427 -341 0.06 0.06 0.649509 0.435368 372 154 632 152 355 275 633 279 506 110 0.463648 396 513 3.1166
64.3985 0.508515 0.417968 427 -326 0.06 0.06 0.649709 0.435568 372 155 632 152 355 275 633 279 506 110 0.463648 396 514 3.11596
64.4652 0.508515 0.417968 427 -326 0.06 0.06 0.649909 0.435768 372 155 632 152 355 276 633 279 506 110 0.472305 395 513 3.11628
64.5318 0.508515 0.418739 440 -326 0.06 0.06 0.650109 0.435968 372 155 632 152 355 275 633 279 506 111 0.467939 396 513 3.14159
64.5985 0.508515 0.418739 440 -326 0.06 0.06 0.650309 0.436168 371 155 632 152 355 275 633 279 507 110 0.463648 396 513 3.12909
64.6652 0.508515 0.418739 440 -326 0.06 0.06 0.650509 0.436368 371 155 632 152 355 275 633 279 506 111 0.463648 396 513 3.15425
64.7318 0.508515 0.418739 434 -340 0.06 0.06 0.650709 0.436568 371 155 632 152 355 275 633 279 506 111 0.463648 396 513 3.15425
64.7985 0.508515 0.418739 434 -340 0.06 0.06 0.650909 0.436768 371 155 632 152 355 276 633 279 506 111 0.459337 396 513 3.14159
64.8651 0.508515 0.418739 434 -340 0.06 0.06 0.651109 0.436968 371 155 632 152 355 276 633 279 506 111 0.450661 396 513 3.14159
64.9318 0.510057 0.418739 419 -318 0.06 0.06 0.651309 0.437168 371 155 632 152 355 276 633 279 506 111 0.463648 396 513 3.15425
64.9985 0.510057 0.418739 419 -318 0.06 0.06 0.651509 0.437368 371 155 631 152 354 276 633 279 506 111 0.463648 396 513 3.14159
65.0652 0.510057 0.418739 419 -318 0.06 0.06 0.651709 0.437568 371 155 632 152 354 276 633 279 506 111 0.459337 396 513 3.15425
65.1318 0.510314 0.420796 432 -324 0.06 0.06 0.651909 0.437768 371 155 632 152 353 276 633 279 506 111 0.476747 396 513 3.15425
65.1985 0.510314 0.420796 432 -324 0.06 0.06 0.652109 0.437968 371 156 632 152 354 276 633 279 506 111 0.459337 396 513 3.1166
65.2652 0.510314 0.420796 432 -324 0.06 0.06 0.652309 0.438168 371 156 632 152 353 276 633 279 506 112 0.454914 396 513 3.12909
65.3318 0.510314 0.42131 432 -329 0.06 0.06 0.652509 0.438368 371 156 632 152 353 276 633 279 506 112 0.450661 396 513 3.1166
65.3985 0.510314 0.42131 432 -329 0.06 0.06 0.652709 0.438568 371 156 632 152 353 276 633 279 506 112 0.450661 396 513 3.12909
65.4652 0.510314 0.42131 432 -329 0.06 0.06 0.652909 0.438768 371 156 632 152 353 276 633 279 506 112 0.454914 395 513 3.12877
65.5318 0.5116 0.42131 420 -329 0.06 0.06 0.653109 0.438968 370 156 632 152 352 276 633 279 506 112 0.463648 396 513 3.15441
65.5985 0.5116 0.42131 420 -329 0.06 0.06 0.653309 0.439168 370 156 631 152 352 276 633 279 505 112 0.446482 395 513 3.14159
65.6652 0.5116 0.42131 420 -329 0.06 0.06 0.653509 0.439368 370 156 631 152 352 276 633 279 505 112 0.446482 396 513 3.14159
65.7318 0.511857 0.421567 419 -346 0.06 0.06 0.653709 0.439568 370 156 631 152 352 276 633 279 505 112 0.450661 395 513 3.11596
65.7985 0.511857 0.421567 419 -346 0.06 0.06 0.653908 0.439768 370 156 631 152 352 276 633 279 505 112 0.459337 396 513 3.14159
65.8652 0.511857 0.421567 419 -346 0.06 0.06 0.654108 0.439968 369 156 631 152 352 276 633 279 505 112 0.459337 396 513 3.14159
65.9318 0.512628 0.42131 423 -315 0.06 0.06 0.654308 0.440168 369 156 631 152 351 276 633 279 505 112 0.455101 396 513 3.14159
65.9985 0.512628 0.42131 423 -315 0.06 0.06 0.654508 0.440368 369 156 631 152 351 276 633 279 505 112 0.455101 396 513 3.1166
66.0652 0.512628 0.422852 444 -339 0.06 0.06 0.654708 0.440568 369 156 631 152 351 276 633 279 505 112 0.442374 396 513 3.15425
66.1318 0.512628 0.422852 444 -339 0.06 0.06 0.654908 0.440768 369 156 631 152 351 276 633 279 505 113 0.437791 396 513 3.15425
66.1985 0.512628 0.422852 444 -339 0.06 0.06 0.655108 0.440968 369 156 631 152 351 276 633 279 505 113 0.454914 395 513 3.11596
66.2652 0.512371 0.423109 441 -342 0.06 0.06 0.655308 0.441168 369 156 631 152 351 276 633 279 504 113 0.455101 395 513 3.11596
66.3318 0.512371 0.423109 441 -342 0.06 0.06 0.655508 0.441368 369 156 631 152 351 276 633 279 505 113 0.450661 395 513 3.12894
66.3985 0.512371 0.423109 441 -342 0.06 0.06 0.655708 0.441568 369 157 631 152 351 276 633 279 505 113 0.450661 396 513 3.14159
66.4652 0.512628 0.423623 411 -342 0.06 0.06 0.655908 0.441768 369 156 631 152 351 276 633 279 505 113 0.450661 396 513 3.12894
66.5318 0.512628 0.423623 411 -342 0.06 0.06 0.656108 0.441968 369 156 631 152 350 276 633 279 505 113 0.459337 396 513 3.14159
66.5985 0.512628 0.423623 411 -342 0.06 0.06 0.656308 0.442168 368 157 631 152 350 277 633 280 504 113 0.446482 396 514 3.11596
66.6652 0.515198 0.424137 412 -352 0.06 0.06 0.656508 0.442368 369 157 631 152 350 277 633 280 504 113 0.446482 395 513 3.10265
66.7319 0.515198 0.424137 412 -352 0.06 0.06 0.656708 0.442568 368 157 631 152 350 276 633 280 504 113 0.446482 396 513 3.12925
66.7985 0.515198 0.424137 412 -352 0.06 0.06 0.656908 0.442768 368 157 631 152 350 276 633 280 504 113 0.446482 396 514 3.11596
66.8652 0.515198 0.424137 419 -366 0.06 0.06 0.657108 0.442968 368 157 631 152 350 276 633 279 504 113 0.446482 396 513 3.12925
66.9318 0.515198 0.424137 419 -366 0.06 0.06 0.657308 0.443168 368 157 630 152 350 276 633 280 504 113 0.446482 396 513 3.12909
66.9985 0.515198 0.424137 419 -366 0.06 0.06 0.657508 0.443368 368 157 630 152 350 277 633 280 504 113 0.446482 396 513 3.10364
67.0652 0.515198 0.424137 438 -365 0.06 0.06 0.657708 0.443568 368 157 630 152 350 277 633 280 504 113 0.446482 395 513 3.11596
67.1318 0.515198 0.424137 438 -365 0.06 0.06 0.657908 0.443768 368 157 630 152 349 277 633 279 503 113 0.442374 396 513 3.14159
67.1985 0.515198 0.424137 438 -365 0.06 0.06 0.658108 0.443968 368 157 630 152 350 277 633 279 504 113 0.438337 396 513 3.15425
67.2652 0.515198 0.425423 439 -355 0.06 0.06 0.658308 0.444168 368 157 630 152 349 277 633 279 503 113 0.437791 396 514 3.11596
67.3319 0.515198 0.425423 439 -355 0.06 0.06 0.658508 0.444368 368 157 630 152 349 277 633 280 503 114 0.450661 396 513 3.12877
67.3985 0.515198 0.425423 439 -355 0.06 0.06 0.658708 0.444568 368 157 631 152 349 277 633 280 504 114 0.454914 395 513 3.14159
67.4652 0.516741 0.42568 428 -355 0.06 0.06 0.658908 0.444768 368 157 631 152 349 277 633 280 504 114 0.454914 396 513 3.1166
67.5319 0.516741 0.42568 428 -355 0.06 0.06 0.659108 0.444968 368 157 630 152 349 277 634 280 503 114 0.455101 396 513 3.10364
67.5985 0.516741 0.42568 428 -355 0.06 0.06 0.659308 0.445168 368 157 630 152 349 277 633 280 503 114 0.446482 396 513 3.10364
67.6652 0.516741 0.426708 427 -354 0.06 0.06 0.659508 0.445368 368 157 630 152 349 277 633 280 504 114 0.459337 396 513 3.14159
67.7318 0.516741 0.426708 427 -354 0.06 0.06 0.659708 0.445568 368 157 631 152 349 276 633 280 504 114 0.459337 396 514 3.11596
67.7985 0.516741 0.426708 445 -373 0.06 0.06 0.659908 0.445768 368 157 631 152 349 277 633 280 504 114 0.454914 396 513 3.11628
67.8652 0.516741 0.426708 445 -373 0.06 0.06 0.660108 0.445968 368 157 631 152 349 277 633 280 504 114 0.459337 395 513 3.11596
67.9319 0.516741 0.426708 445 -373 0.06 0.06 0.660308 0.446168 368 157 630 152 348 277 633 280 504 114 0.450661 396 514 3.11596
67.9985 0.516741 0.426708 430 -372 0.06 0.06 0.660508 0.446368 367 158 630 152 348 277 633 280 503 114 0.450661 396 514 3.11596
68.0652 0.516741 0.426708 430 -372 0.06 0.06 0.660708 0.446568 367 157 630 152 348 277 633 280 503 114 0.450661 395 513 3.14159
68.1318 0.516741 0.426708 430 -372 0.06 0.06 0.660908 0.446768 367 158 630 152 348 277 633 280 503 114 0.450661 396 513 3.12877
68.1985 0.518283 0.427993 436 -362 0.06 0.06 0.661108 0.446968 367 158 630 152 349 277 633 280 503 114 0.437791 396 513 3.10364
68.2652 0.518283 0.427993 436 -362 0.06 0.06 0.661308 0.447168 367 158 630 152 348 277 633 280 503 114 0.429029 396 513 3.10364
68.3319 0.518283 0.427993 436 -362 0.06 0.06 0.661507 0.447368 367 158 630 152 349 277 633 280 503 114 0.429029 396 513 3.10364
68.3985 0.518283 0.42825 455 -361 0.06 0.06 0.661707 0.447568 367 158 630 152 349 277 633 280 503 114 0.429029 396 514 3.11596
68.4652 0.518283 0.42825 455 -361 0.06 0.06 0.661907 0.447768 367 158 630 152 348 277 633 280 503 114 0.437791 396 513 3.12877
68.5318 0.518283 0.42825 455 -361 0.06 0.06 0.662107 0.447968 367 158 630 152 348 277 633 280 503 115 0.437791 396 514 3.11596
68.5985 0.518283 0.42825 455 -374 0.06 0.06 0.662307 0.448168 367 158 630 152 348 277 633 280 503 115 0.450661 396 514 3.11596
68.6652 0.518283 0.42825 455 -374 0.06 0.06 0.662507 0.448368 367 158 630 152 348 277 633 280 503 115 0.437791 396 514 3.11596
68.7318 0.518283 0.42825 455 -374 0.06 0.06 0.662707 0.448568 367 158 630 152 347 277 633 280 503 115 0.450661 396 514 3.11596
68.7985 0.519568 0.42825 445 -352 0.06 0.06 0.662907 0.448768 367 158 630 153 347 277 633 280 503 115 0.450661 396 513 3.12877
68.8652 0.519568 0.42825 445 -352 0.06 0.06 0.663107 0.448968 366 158 630 152 347 277 633 280 503 115 0.446482 396 514 3.11596
68.9318 0.519568 0.42825 445 -352 0.06 0.06 0.663307 0.449168 366 158 630 152 348 277 634 280 503 115 0.450661 396 513 3.10364
68.9985 0.519568 0.429535 464 -372 0.06 0.06 0.663507 0.449368 366 158 630 153 347 277 634 280 503 115 0.450661 396 513 3.12877
69.0652 0.519568 0.429535 464 -372 0.06 0.06 0.663707 0.449568 366 158 630 152 347 277 634 280 503 115 0.450661 396 514 3.11596
69.1318 0.519568 0.429535 464 -372 0.06 0.06 0.663907 0.449768 366 158 630 153 348 277 634 280 503 115 0.450661 396 514 3.11596
69.1985 0.519568 0.429792 462 -383 0.06 0.06 0.664107 0.449968 366 158 630 153 347 277 634 279 503 115 0.450661 396 514 3.11596
69.2651 0.519568 0.429792 462 -383 0.06 0.06 0.664307 0.450168 366 158 630 153 347 277 634 279 503 115 0.446482 396 513 3.10364
69.3319 0.519825 0.429792 441 -383 0.06 0.06 0.664507 0.450368 366 158 630 153 347 277 634 280 503 115 0.446482 396 513 3.10364
69.3985 0.519825 0.429792 441 -383 0.06 0.06 0.664707 0.450568 366 158 630 153 347 277 634 280 503 115 0.437791 396 513 3.10364
69.4652 0.519825 0.429792 441 -383 0.06 0.06 0.664907 0.450768 366 158 630 153 347 277 634 280 502 115 0.450661 396 514 3.11596
69.5318 0.521625 0.429792 435 -397 0.06 0.06 0.665107 0.450968 366 158 630 152 347 277 634 279 502 115 0.437791 396 513 3.10364
69.5985 0.521625 0.429792 435 -397 0.06 0.06 0.665307 0.451168 366 158 630 152 347 277 634 279 502 115 0.429029 396 514 3.11596
69.6652 0.521625 0.429792 435 -397 -0.06 -0.06 0.665107 0.450968 366 158 630 152 347 277 634 280 502 116 0.437791 396 513 3.12877
69.7318 0.522396 0.429792 444 -388 -0.06 -0.06 0.664907 0.450768 365 158 630 152 347 277 634 280 502 116 0.433742 396 513 3.11628
69.7985 0.522396 0.429792 444 -388 -0.06 -0.06 0.664707 0.450568 365 158 629 153 347 278 634 279 501 116 0.450661 396 514 3.11596
69.8652 0.522396 0.429792 444 -388 -0.06 -0.06 0.664507 0.450368 365 158 629 152 346 277 634 279 502 116 0.446482 396 513 3.10364
69.9319 0.522396 0.431078 451 -391 -0.06 -0.06 0.664307 0.450168 365 158 629 152 346 277 634 279 502 116 0.446482 396 514 3.11596
69.9985 0.522396 0.431078 451 -391 -0.06 -0.06 0.664107 0.449968 365 158 629 153 346 278 634 279 502 116 0.446482 396 513 3.14159
70.0652 0.522396 0.431078 451 -391 -0.06 -0.06 0.663907 0.449768 365 159 629 152 346 277 634 279 502 116 0.450661 396 513 3.12877
70.1318 0.522139 0.431078 450 -400 -0.06 -0.06 0.663707 0.449568 365 159 629 153 346 277 634 279 502 116 0.446482 396 513 3.10364
70.1985 0.522139 0.431078 450 -400 -0.06 -0.06 0.663507 0.449368 365 159 629 152 346 277 634 280 502 116 0.446482 396 513 3.12877
70.2652 0.522139 0.431078 450 -400 -0.06 -0.06 0.663307 0.449168 365 159 629 152 346 277 634 279 501 116 0.450661 396 513 3.12877
70.3318 0.522396 0.431078 433 -400 -0.06 -0.06 0.663107 0.448968 365 159 629 153 346 278 634 280 501 116 0.459337 396 514 3.11596
70.3985 0.522396 0.431078 433 -400 -0.06 -0.06 0.662907 0.448768 365 159 629 153 346 278 634 279 501 116 0.446482 396 514 3.11596
70.4652 0.522396 0.431078 433 -400 -0.06 -0.06 0.662707 0.448568 365 159 629 153 346 278 634 279 501 116 0.446482 396 513 3.12877
70.5318 0.522139 0.431078 433 -380 -0.06 -0.06 0.662507 0.448368 365 159 629 153 346 278 634 279 501 116 0.446482 396 514 3.11596
70.5985 0.522139 0.431078 433 -380 -0.06 -0.06 0.662307 0.448168 365 159 629 153 346 277 634 279 501 116 0.446482 396 513 3.11628
70.6652 0.522139 0.431078 433 -380 -0.06 -0.06 0.662107 0.447968 365 159 629 153 346 277 634 279 501 116 0.446482 396 514 3.11596
70.7318 0.522396 0.431078 413 -360 -0.06 -0.06 0.661907 0.447768 365 159 629 153 345 278 634 279 501 116 0.446482 396 513 3.12877
70.7985 0.522396 0.431078 413 -360 -0.06 -0.06 0.661707 0.447568 365 159 629 153 345 278 634 279 501 116 0.446482 396 513 3.11628
70.8652 0.522396 0.431078 389 -360 -0.06 -0.06 0.661507 0.447368 365 159 629 153 345 278 634 279 501 116 0.446482 396 514 3.11596
70.9319 0.522396 0.431078 389 -360 -0.06 -0.06 0.661308 0.447168 365 159 629 153 345 278 634 279 501 116 0.446482 396 513 3.10364
70.9985 0.522396 0.431078 389 -360 -0.06 -0.06 0.661108 0.446968 365 159 629 153 345 278 634 279 501 116 0.446482 396 513 3.10364
71.0652 0.522396 0.431078 390 -346 -0.06 -0.06 0.660908 0.446768 365 159 629 153 345 278 634 279 501 116 0.446482 396 514 3.11596
