100.52 -414.59 41 -46
100.6 -414.57 40.596 -46.674
100.62 -414.54 41.504 -47.497
100.65 -414.53 40.567 -48.426
100.72 -414.51 40.762 -48.554
100.75 -414.49 41.01 -52.13
100.78 -414.47 40.614 -53.212
100.81 -414.46 41.528 -53.754
100.84 -414.44 42.894 -55.456
100.86 -414.42 41.189 -56.422
100.89 -414.4 38.701 -57.708
100.91 -414.39 38.05 -58.046
100.95 -414.37 39.043 -59.426
100.98 -414.36 38.591 -60.855
101.01 -414.33 38.576 -62.197
101.05 -414.31 38.943 -62.547
101.09 -414.29 39.079 -63.683
101.13 -414.28 38.065 -65.324
101.19 -414.25 38.97 -65.812
101.26 -414.22 39.859 -66.874
101.31 -414.2 40.548 -67.625
101.35 -414.17 42.136 -67.64
101.39 -414.14 42.999 -68.053
101.43 -414.11 43.346 -69.689
101.48 -414.06 43.736 -70.527
101.52 -414.03 43.829 -71.251
101.56 -413.99 44.704 -72.012
101.6 -413.95 46.393 -72.755
101.65 -413.91 47.818 -73.776
101.69 -413.87 48.289 -74.358
101.72 -413.83 47.9 -75.02
101.76 -413.8 48.898 -75.021
101.81 -413.77 50.176 -75.821
101.85 -413.73 49.992 -76.164
101.89 -413.7 50.697 -76.296
101.94 -413.67 50.026 -77.112
101.98 -413.63 50.901 -78.09
102.01 -413.6 51.848 -78.348
102.04 -413.57 52.314 -78.558
102.08 -413.54 53.016 -78.721
102.11 -413.51 53.417 -79.121
102.14 -413.48 53.491 -79.53
102.18 -413.45 55.39 -80.188
102.21 -413.43 56.663 -79.92
102.25 -413.4 56.783 -80.939
102.28 -413.37 56.858 -81.206
102.32 -413.34 57.246 -81.633
102.35 -413.31 58.046 -82.785
102.39 -413.28 58.161 -83.499
102.41 -413.26 58.724 -84.577
102.44 -413.24 59.189 -85.25
102.48 -413.21 59.577 -86.027
102.5 -413.18 60.816 -86.417
102.54 -413.16 61.601 -86.647
102.58 -413.14 63.065 -87.24
102.61 -413.1 63.917 -88.073
102.65 -413.08 65.214 -88.735
102.68 -413.05 65.769 -89.466
102.72 -413.02 66.382 -89.923
102.76 -412.99 67.565 -91.029
102.79 -412.96 67.23 -91.596
102.83 -412.93 67.549 -92.378
102.86 -412.9 68.323 -92.926
102.9 -412.87 69.108 -93.768
102.93 -412.84 69.754 -94.406
102.97 -412.8 69.737 -94.817
103.01 -412.77 69.682 -95.222
103.05 -412.74 70.206 -95.267
103.09 -412.71 70.946 -95.142
103.12 -412.67 71.813 -95.651
103.16 -412.63 72.047 -95.882
103.21 -412.6 72.829 -96.021
103.25 -412.57 73.193 -96.005
103.29 -412.54 73.261 -96.041
103.33 -412.52 73.365 -96.974
103.36 -412.49 74.008 -97.708
103.4 -412.46 74.558 -98.743
103.44 -412.44 75.202 -98.775
103.48 -412.41 75.348 -99.447
103.52 -412.36 76.517 -99.591
103.56 -412.34 76.629 -100.59
103.59 -412.31 77.341 -101.04
103.62 -412.29 77.465 -101.26
103.66 -412.27 78.479 -101.76
103.68 -412.23 81.853 -101.55
103.64 -412.2 86.19 -101.06
103.62 -412.19 91.202 -100.84
103.52 -412.15 93.773 -100.41
103.43 -412.14 100.02 -100.32
103.39 -412.11 101.09 -100.09
103.37 -412.08 103.4 -99.8
103.32 -412.05 106.22 -99.753
103.28 -412.01 108.07 -99.566
103.23 -411.98 110.67 -99.256
103.21 -411.95 112.7 -99.445
103.17 -411.91 114.72 -99.372
103.1 -411.89 116.1 -98.146
103 -411.86 116.24 -97.858
102.9 -411.83 119.35 -97.917
102.8 -411.8 121.16 -97.492
102.71 -411.79 120.58 -97.112
102.57 -411.77 120.59 -96.338
102.47 -411.75 122.49 -95.973
102.34 -411.73 124.65 -95.51
102.23 -411.71 125.73 -95.199
102.11 -411.68 127.05 -93.665
101.96 -411.66 127.45 -93.174
101.82 -411.63 128.66 -93.182
101.7 -411.61 129.44 -93.087
101.57 -411.59 129.97 -92.97
101.43 -411.57 132.02 -93.698
101.29 -411.56 135.22 -93.9
101.15 -411.53 135.18 -93.715
101.02 -411.51 137.29 -93.859
100.87 -411.5 137.04 -92.189
100.72 -411.48 139.52 -91.269
100.54 -411.46 140.87 -90.567
100.39 -411.45 142.01 -90.354
100.21 -411.42 142.61 -89.425
100.05 -411.4 143.43 -88.966
99.872 -411.38 144.12 -88.371
99.681 -411.36 144.96 -87.986
99.501 -411.35 146.95 -87.514
99.287 -411.33 147.73 -87.342
99.086 -411.3 149.13 -87.151
98.871 -411.28 150.23 -86.904
98.659 -411.25 150.65 -86.381
98.44 -411.23 151.74 -85.854
98.234 -411.21 153.15 -85.767
98.026 -411.19 151.03 -83.988
97.786 -411.17 151.65 -83.54
97.585 -411.13 151.5 -82.743
97.383 -411.11 149.49 -81.18
97.182 -411.07 146.35 -77.963
96.953 -411.05 145.54 -76.165
96.732 -411.03 138.99 -73.481
96.513 -411.02 139.65 -71.6
96.235 -411 139.13 -70.578
95.97 -410.98 141.77 -69.923
95.708 -410.95 140.89 -69.676
95.464 -410.93 140.41 -68.813
95.23 -410.91 141 -68.089
94.954 -410.89 146.59 -66.81
94.658 -410.87 151.53 -66.797
94.386 -410.83 150.49 -65.414
94.102 -410.8 151.9 -65.269
93.814 -410.77 151.24 -64.236
93.527 -410.74 150.67 -62.985
93.239 -410.71 150.84 -62.339
92.982 -410.67 153.73 -61.534
92.663 -410.64 157.47 -61.394
92.333 -410.61 162.7 -60.617
92.019 -410.58 160.85 -60.5
91.705 -410.55 160.8 -60.389
91.403 -410.5 158.38 -58.689
91.083 -410.46 155.03 -58.091
90.745 -410.43 157.33 -58.331
90.416 -410.39 157.87 -58.17
90.079 -410.35 158.23 -57.956
89.749 -410.31 157.29 -56.823
89.427 -410.27 154.11 -55.952
89.097 -410.24 160.75 -55.393
88.74 -410.19 161.63 -56.186
88.404 -410.15 175.41 -55.45
88.064 -410.09 170.66 -52
87.746 -410.04 164.44 -51.781
87.37 -410 163.43 -50.622
87.034 -409.96 155.66 -50.585
86.698 -409.92 154 -50.917
86.358 -409.88 155.04 -51.359
86.054 -409.84 150.14 -49.811
85.701 -409.81 144.28 -48.476
85.38 -409.77 141.87 -47.941
84.643 -409.39 140.52 -47.387
84.3 -409.36 153.8 -49.221
84.002 -409.33 159.26 -48.292
83.657 -409.28 162.94 -52.608
83.289 -409.23 172.3 -53.96
82.934 -409.18 170.42 -53.289
82.584 -409.12 171.26 -53.313
82.228 -409.06 159.77 -51.434
81.886 -409.01 161.56 -50.894
81.536 -408.96 163.78 -50.292
81.187 -408.9 165.22 -50.347
80.843 -408.84 157.8 -48.594
80.486 -408.79 155.1 -50.297
80.127 -408.75 146.77 -47.35
79.791 -408.71 158.11 -48.168
79.43 -408.65 172.26 -54.01
79.082 -408.58 162.14 -53.536
78.746 -408.53 163.31 -55.011
78.41 -408.47 178.32 -54.966
78.083 -408.4 173.64 -51.362
77.737 -408.34 174.02 -51.341
77.403 -408.27 173.41 -51.37
77.052 -408.2 170.39 -51.045
76.716 -408.14 172.11 -50.552
76.386 -408.07 169.79 -49.343
76.053 -408 168.85 -49.329
75.723 -407.93 166.91 -48.781
75.375 -407.87 170.11 -50.637
75.05 -407.8 160.2 -50.025
74.703 -407.74 161.96 -50.536
74.36 -407.68 158.92 -50.012
74.028 -407.62 158.54 -50.64
73.694 -407.56 158.18 -50.561
73.334 -407.5 170.97 -51.002
73.019 -407.43 166.62 -49.119
72.678 -407.36 168.84 -49.837
72.341 -407.29 167.9 -49.675
72 -407.22 168.11 -49.246
71.654 -407.15 162.73 -47.896
71.305 -407.08 164.13 -48.039
70.965 -407 166.06 -49.504
70.626 -406.92 166.69 -49.368
70.274 -406.83 167.3 -49.408
69.939 -406.75 167.79 -49.44
69.612 -406.66 168.48 -49.559
69.276 -406.58 170.26 -49.833
68.944 -406.49 168.71 -49.164
68.595 -406.41 170.33 -49.358
68.267 -406.32 170.8 -49.446
67.945 -406.23 169.43 -50.478
67.623 -406.15 169.18 -50.26
67.281 -406.05 170.71 -50.23
66.942 -405.96 170.96 -50.228
66.611 -405.87 171.8 -50.178
66.292 -405.78 172.6 -49.89
65.956 -405.69 173.03 -49.957
65.624 -405.61 172.87 -50.053
65.294 -405.52 172.67 -50.078
64.97 -405.43 172.1 -50.259
64.65 -405.33 171.72 -50.607
64.337 -405.24 171.52 -50.943
64.022 -405.15 173.7 -51.603
63.703 -405.06 173.38 -51.566
63.396 -404.96 174.16 -51.742
63.076 -404.85 177.04 -51.959
62.75 -404.75 178.53 -51.765
62.432 -404.64 179.06 -51.877
62.111 -404.53 178.6 -51.976
61.795 -404.42 179.06 -51.969
61.477 -404.31 180.27 -52.062
61.156 -404.2 180.3 -52.139
60.837 -404.09 178 -52.164
60.527 -403.98 178.49 -52.271
60.209 -403.87 177.71 -52.187
59.9 -403.75 179.44 -52.334
59.581 -403.65 179 -52.333
59.281 -403.53 179.76 -52.358
58.968 -403.41 180.34 -52.665
58.657 -403.29 180.72 -52.78
58.34 -403.17 182.99 -52.929
58.021 -403.05 183.77 -52.904
57.712 -402.93 184.56 -52.899
57.401 -402.81 184.54 -52.904
57.085 -402.68 185.55 -52.915
56.763 -402.56 185.58 -52.921
56.455 -402.44 185.22 -52.778
56.139 -402.31 186.14 -52.704
55.831 -402.19 185.35 -52.614
55.524 -402.06 184.9 -52.724
55.211 -401.94 186.23 -52.689
54.901 -401.81 188.16 -52.695
54.596 -401.68 188.7 -52.624
54.284 -401.56 189.88 -52.711
53.985 -401.42 190.03 -53.209
53.683 -401.28 189.6 -53.494
53.381 -401.16 190.74 -53.657
53.086 -401.03 190.63 -53.735
52.783 -400.9 190.08 -53.551
52.48 -400.76 190.55 -53.589
52.186 -400.64 190.93 -53.609
51.883 -400.5 191.3 -53.601
51.584 -400.36 190.91 -53.478
51.28 -400.23 190.67 -53.604
50.969 -400.08 190.53 -53.55
50.648 -399.94 190.77 -53.229
50.34 -399.8 190.3 -53.464
50.03 -399.66 192.06 -53.483
49.727 -399.52 191.2 -53.493
49.424 -399.39 190.5 -53.616
49.133 -399.25 191.34 -53.639
48.84 -399.12 191.75 -52.975
48.541 -398.98 192.11 -53
48.254 -398.84 189.46 -52.865
47.939 -398.69 189.34 -52.846
47.627 -398.54 189.74 -53.076
47.318 -398.39 190.51 -53.072
47.02 -398.25 191.28 -53.007
46.721 -398.09 191.77 -53.013
46.423 -397.95 193.86 -53.084
46.115 -397.8 194.93 -53.14
45.813 -397.65 195.46 -53.27
45.511 -397.5 195.16 -53.289
45.209 -397.34 195.84 -53.252
44.904 -397.19 195.51 -53.325
44.608 -397.05 196.87 -53.091
44.313 -396.88 196.5 -53.318
44.012 -396.72 196.17 -53.008
43.715 -396.56 196.05 -52.908
43.419 -396.39 197.29 -52.843
43.123 -396.24 196.57 -52.892
42.829 -396.08 197.02 -53.043
42.543 -395.91 197.28 -53.022
42.246 -395.74 196.62 -52.958
41.941 -395.58 196.03 -52.847
41.65 -395.42 196.37 -52.751
41.355 -395.24 195.39 -52.807
41.05 -395.08 196.29 -52.731
40.762 -394.91 196.68 -52.703
40.47 -394.75 195.89 -52.645
40.163 -394.58 195.45 -52.432
39.87 -394.41 196.18 -52.396
39.579 -394.24 197.33 -52.625
39.294 -394.08 198.52 -52.473
39.006 -393.91 198.91 -52.346
38.724 -393.74 199.83 -52.277
38.44 -393.57 200.12 -52.476
38.152 -393.39 199.33 -52.389
37.865 -393.21 199 -52.356
37.578 -393.05 200.12 -52.477
37.293 -392.87 200.44 -52.512
37.004 -392.69 200.54 -52.643
36.715 -392.51 200.31 -52.657
36.432 -392.34 199.83 -52.67
36.148 -392.16 201.15 -52.623
35.87 -391.99 201.25 -52.718
35.585 -391.81 200.97 -52.667
35.295 -391.63 201.23 -52.741
35.009 -391.45 202.19 -52.681
34.729 -391.26 201.5 -52.732
34.459 -391.07 203.26 -52.648
34.183 -390.9 204.08 -52.816
33.913 -390.72 204.17 -52.709
33.639 -390.54 203.83 -52.712
33.366 -390.37 206.01 -52.988
33.097 -390.19 205.45 -52.802
32.825 -390.01 205.9 -52.599
32.553 -389.83 204.78 -52.542
32.283 -389.65 203.84 -52.527
32.015 -389.47 202.68 -52.538
31.745 -389.28 203.08 -52.416
31.481 -389.09 202.59 -52.586
31.211 -388.9 202.58 -52.612
30.939 -388.71 202.38 -52.776
30.658 -388.52 202.11 -52.89
30.386 -388.35 202.81 -53.02
30.108 -388.15 203.27 -52.978
29.833 -387.96 203.04 -52.896
29.564 -387.77 202.71 -52.817
29.3 -387.57 202.55 -52.682
29.027 -387.39 204.28 -52.574
28.759 -387.19 204.96 -52.623
28.489 -386.99 204.22 -52.769
28.222 -386.79 202.66 -53.101
27.958 -386.59 203.27 -53.102
27.681 -386.39 202.95 -52.949
27.407 -386.19 207.15 -53.035
27.145 -385.99 206.38 -53.292
26.875 -385.79 206.14 -54.215
26.61 -385.58 205.38 -54.311
26.346 -385.38 205.24 -54.317
26.078 -385.18 205.44 -54.479
25.807 -384.97 205.82 -54.629
25.537 -384.76 206.12 -54.762
25.269 -384.56 207.5 -54.695
25.01 -384.35 206.7 -54.638
24.755 -384.14 206.74 -54.786
24.506 -383.93 206.61 -54.811
24.263 -383.73 215.97 -51.535
24.001 -383.53 214.64 -51.541
23.75 -383.31 213.6 -51.569
23.489 -383.11 234.21 -54.09
23.29 -382.95 222.88 -47.061
23.007 -382.78 221.39 -47.842
22.7 -382.61 217.54 -49.779
22.347 -382.42 216.88 -53.922
22.046 -382.25 214.31 -56.506
21.766 -382.09 212.27 -58.747
21.471 -381.93 212.01 -60.23
21.234 -381.8 207.2 -63.697
21.031 -381.66 203.83 -67.313
20.826 -381.53 200.99 -69.203
20.634 -381.42 202.33 -71.878
20.461 -381.29 200.46 -76.556
20.272 -381.18 200.45 -78.911
20.131 -381.08 199.22 -82.927
20.011 -380.98 200.28 -87.232
19.894 -380.89 199.57 -92.406
19.787 -380.78 196.98 -95.809
19.688 -380.68 197.42 -98.381
19.594 -380.58 196.98 -101.43
19.494 -380.49 198.99 -103.6
19.386 -380.38 197.19 -107.54
19.313 -380.3 195.71 -110.93
19.225 -380.21 194.61 -115.05
19.146 -380.13 194.42 -117.66
19.083 -380.05 193.45 -120.32
19.025 -379.98 192.48 -121.48
18.975 -379.92 192.67 -124.13
18.917 -379.84 192.47 -126.61
18.864 -379.78 191.81 -129.25
18.824 -379.72 191.87 -131.9
18.765 -379.63 190.77 -133.46
18.716 -379.56 191.44 -137.03
18.692 -379.5 192.81 -138.76
18.637 -379.43 193.15 -142.29
18.604 -379.36 192.17 -144.44
18.584 -379.3 189.65 -148.52
18.554 -379.23 191.55 -150.88
18.514 -379.18 191.88 -153.04
18.479 -379.11 193.28 -154.53
18.456 -379.05 194.08 -155.92
18.431 -378.99 194.88 -157.34
18.399 -378.93 194.87 -159.85
18.375 -378.87 195.77 -161.52
18.349 -378.81 196.48 -165.95
18.316 -378.74 197.83 -167.6
18.285 -378.67 198.3 -171.59
18.262 -378.61 199.11 -172.83
18.243 -378.55 199.58 -174.47
18.226 -378.48 200.67 -176.17
18.191 -378.41 202.6 -177.11
18.17 -378.34 204.53 -179.33
18.147 -378.28 204.29 -181.63
18.13 -378.21 205.25 -183.56
18.106 -378.14 207.44 -184.3
18.071 -378.07 207.06 -185.7
18.041 -378 208.92 -186.65
18.012 -377.94 209.42 -187.26
17.99 -377.87 209.62 -187.74
17.96 -377.8 209.74 -189.86
17.934 -377.72 210.52 -191.6
17.912 -377.65 210.37 -193.23
17.894 -377.58 211.07 -194.58
17.873 -377.52 211.87 -194.92
17.854 -377.45 211.94 -196.35
17.83 -377.38 213.04 -197.38
17.814 -377.31 214.73 -198.94
17.793 -377.24 215.1 -200.81
17.767 -377.17 217.48 -202.05
17.736 -377.1 219.8 -202.31
17.725 -377.03 221.11 -202.05
17.704 -376.95 222.39 -204.83
17.693 -376.88 224.53 -206.08
17.683 -376.8 225.93 -207.62
17.666 -376.73 225.59 -209.01
17.652 -376.66 227.34 -211.52
17.644 -376.58 228.13 -212.86
17.629 -376.52 227.64 -215.58
17.611 -376.44 229.27 -216.35
17.602 -376.37 231.48 -216.78
17.593 -376.29 233.99 -219.03
17.587 -376.21 232.14 -218.91
17.57 -376.13 232.47 -221.01
17.557 -376.05 230.8 -222.15
17.545 -375.98 230.89 -222.67
17.536 -375.91 232.55 -223.62
17.525 -375.84 234.73 -226.27
17.508 -375.77 236.57 -226.75
17.506 -375.7 237.21 -227.22
17.501 -375.63 236.72 -228.36
17.489 -375.55 238.62 -229.83
17.477 -375.47 237.23 -230.92
17.458 -375.4 236.78 -233.38
17.452 -375.33 239 -233.81
17.448 -375.25 242.45 -235.11
17.438 -375.17 242.77 -235.32
17.431 -375.1 243.09 -234.05
17.423 -375.02 243.97 -235.31
17.421 -374.94 243.63 -236.17
17.41 -374.87 245.73 -235.78
17.393 -374.79 245.58 -239
17.391 -374.71 247.06 -240.86
17.387 -374.63 246.34 -240.43
17.379 -374.55 246.84 -240.44
17.369 -374.47 247.57 -241.32
17.37 -374.39 247.82 -241.39
17.356 -374.3 247.17 -242.29
17.35 -374.22 248.22 -243.17
17.332 -374.14 248.48 -244.79
17.323 -374.06 248.32 -244.1
17.318 -373.97 248.42 -244.56
17.304 -373.9 250.06 -245.2
17.302 -373.81 251.37 -244.49
17.29 -373.73 252.96 -244.96
17.287 -373.65 252.89 -245.65
17.278 -373.57 252.93 -245.37
17.275 -373.5 253.75 -244.25
17.269 -373.43 254.79 -245.19
17.26 -373.35 255.71 -245.33
17.248 -373.28 257.03 -246.25
17.245 -373.19 257.59 -248.08
17.24 -373.12 256.68 -248.51
17.238 -373.04 255.53 -247.65
17.227 -372.96 255.9 -246.26
17.226 -372.88 254.02 -245.77
17.21 -372.8 254.64 -246.51
17.206 -372.71 253.61 -245.07
17.197 -372.63 250.97 -244.66
17.19 -372.55 254.95 -243.91
17.183 -372.47 254.08 -243.27
17.179 -372.39 255.9 -242.88
17.17 -372.3 255.57 -244.39
17.171 -372.23 259.02 -246.47
17.175 -372.15 256.27 -249.07
17.173 -372.07 257.32 -249.41
17.159 -371.98 258.36 -249.25
17.147 -371.91 258.13 -249.97
17.135 -371.82 257.34 -250.31
17.143 -371.72 257.45 -250.83
17.147 -371.63 258.62 -252.3
17.141 -371.55 259.59 -252.71
17.158 -371.47 258.14 -253.62
17.145 -371.38 259.25 -255.14
17.142 -371.3 259.03 -254.1
17.133 -371.21 260.46 -256.53
17.125 -371.13 259.93 -257.37
17.116 -371.05 258.15 -258.21
17.122 -370.96 260.06 -258.15
17.125 -370.87 259.03 -256.9
17.127 -370.78 258.98 -257.66
17.128 -370.69 256.48 -256.61
17.123 -370.6 257.65 -257.54
17.112 -370.5 257.94 -257.74
17.109 -370.41 260.56 -258.94
17.09 -370.32 261.67 -259.24
17.078 -370.22 258.81 -261.44
17.075 -370.12 260.82 -263.96
17.076 -370.02 256.33 -264.19
17.087 -369.92 255.74 -265.4
17.093 -369.82 255.27 -264.1
17.094 -369.72 253.91 -262.99
17.087 -369.63 256.06 -263.03
17.089 -369.52 255.27 -264.7
17.097 -369.43 257.78 -265.84
17.083 -369.33 257.31 -267.12
17.085 -369.23 257.37 -266.87
17.081 -369.11 257.2 -266.32
17.078 -369 256.6 -266.52
17.072 -368.9 257.6 -266.35
17.081 -368.8 259.46 -267.3
17.087 -368.7 260.93 -267.26
17.088 -368.59 258.95 -266.57
17.097 -368.49 259.45 -267.45
17.095 -368.38 252.86 -266.43
17.099 -368.28 252.59 -266.34
17.089 -368.18 253.83 -266.62
17.067 -368.07 255.26 -267.7
17.059 -367.95 256.33 -265.15
17.049 -367.86 257.33 -263.13
17.03 -367.76 257.65 -263.97
17.012 -367.65 257.7 -263.05
16.996 -367.55 258.37 -261.82
16.983 -367.45 261.13 -261.66
16.962 -367.35 262.32 -261.27
16.96 -367.25 260.91 -262.06
16.943 -367.15 259.15 -263.43
16.923 -367.04 257.73 -264.04
16.909 -366.94 258.97 -265.78
16.892 -366.84 261.23 -264.06
16.882 -366.74 261.95 -264.61
16.862 -366.62 261.73 -265.27
16.844 -366.51 262.25 -265.49
16.83 -366.38 261.18 -266.18
16.821 -366.27 261.28 -267.83
16.795 -366.16 261.53 -267.1
16.781 -366.05 263.29 -266.89
16.773 -365.94 263 -268.13
16.761 -365.81 261.34 -268.19
16.753 -365.7 263.38 -266.35
16.75 -365.59 265.23 -266.52
16.748 -365.47 264.2 -266.13
16.763 -365.3 260.21 -268.15
16.782 -365.11 256.6 -264.02
16.848 -365.08 255.38 -270.25
16.888 -364.86 251.44 -265.11
16.932 -364.72 250.81 -267.8
16.982 -364.66 247.11 -266.26
17.022 -364.59 245.01 -265.01
17.117 -364.47 242.75 -266.31
17.182 -364.31 238.27 -267.91
17.24 -364.19 234.3 -267.31
17.297 -364.06 226.85 -263.19
17.365 -363.93 225.35 -263.52
17.448 -363.88 215.02 -254.42
17.511 -363.69 198.6 -242.2
17.568 -363.61 187.82 -237.56
17.617 -363.5 176.07 -231.65
17.671 -363.45 164.94 -225.72
17.785 -363.43 161.63 -223.45
17.869 -363.4 151.66 -219.75
17.961 -363.39 141.02 -206.16
18.074 -363.4 128.06 -200.19
18.136 -363.4 123.71 -200.88
18.191 -363.4 121.36 -201.54
18.31 -363.38 119.03 -201.77
18.396 -363.38 116.54 -205.27
18.502 -363.37 125.12 -201.09
18.577 -363.39 119.36 -204.16
18.637 -363.39 102.08 -215.3
18.842 -363.39 86.06 -185.8
18.898 -363.38 77.861 -188.14
19.025 -363.33 71.282 -187.99
19.125 -363.33 66.566 -188.18
19.266 -363.34 55.842 -188.31
19.43 -363.29 50.529 -187.89
19.636 -363.29 44.211 -189.34
19.896 -363.3 43.036 -189.5
20.264 -363.32 37.382 -187.02
20.611 -363.34 31.348 -184.61
20.963 -363.37 30.169 -184.24
21.348 -363.41 27.549 -184.14
21.767 -363.45 24.601 -182.92
22.171 -363.49 24.212 -183.27
22.593 -363.53 23.938 -182.94
23.03 -363.56 23.44 -182.77
23.479 -363.6 22.676 -183.1
23.921 -363.64 21.783 -182.59
24.367 -363.68 21.279 -181.82
24.826 -363.73 21.566 -182.08
25.312 -363.78 22.185 -182.11
25.752 -363.82 21.449 -182.26
26.208 -363.86 21.067 -182.14
26.666 -363.91 20.735 -181.35
27.129 -363.96 21.663 -181.45
27.575 -364 22.783 -181.89
28.027 -364.05 22.67 -181.54
28.494 -364.1 22.437 -181.93
28.977 -364.14 21.705 -182.16
29.444 -364.19 22.398 -181.75
29.874 -364.22 22.282 -182.54
30.326 -364.26 22.123 -182.9
30.774 -364.31 22.075 -183.28
31.232 -364.34 21.693 -182.87
31.684 -364.37 22.011 -183.24
32.12 -364.39 21.708 -182.48
32.554 -364.42 22.094 -183.43
32.981 -364.44 21.67 -182.98
33.418 -364.48 21.202 -182.78
33.857 -364.51 21.368 -183.03
34.297 -364.53 21.664 -182.59
34.749 -364.57 22.885 -181.79
35.189 -364.59 23.543 -181.62
35.616 -364.62 24.22 -181.89
36.043 -364.65 23.448 -181.87
36.479 -364.68 23.524 -180.32
36.902 -364.71 23.361 -179.97
37.35 -364.74 23.082 -179.49
37.793 -364.76 23.754 -179.54
38.213 -364.79 23.135 -179.43
38.616 -364.81 23.048 -179.16
39.057 -364.83 23.54 -178.9
39.551 -364.93 23.735 -177.65
39.959 -364.95 24.691 -178.63
40.353 -364.97 24.497 -178.05
40.758 -364.98 24.784 -178.32
41.23 -365.08 26.379 -177.8
41.614 -365.1 25.232 -177.3
41.955 -365.15 25.239 -177.37
42.353 -365.17 24.559 -177.18
42.741 -365.19 24.185 -176.55
43.123 -365.21 24.083 -175.76
43.525 -365.23 24.429 -175.07
43.94 -365.25 24.63 -175.02
44.314 -365.27 25.14 -175.42
44.694 -365.29 25.046 -175.1
45.076 -365.31 25.312 -176.4
45.447 -365.32 25.355 -176.48
45.852 -365.33 25.214 -176.19
46.247 -365.35 24.715 -172.42
46.624 -365.36 24.536 -172.62
47.038 -365.38 24.937 -173.52
47.416 -365.4 24.94 -172.96
47.863 -365.42 25.181 -173.25
48.276 -365.43 25.673 -173.91
48.716 -365.44 25.414 -173.06
49.155 -365.45 25.817 -171.38
49.581 -365.45 25.719 -170.49
50.012 -365.46 25.67 -170.54
50.521 -365.5 24.814 -172
50.976 -365.51 23.383 -173
51.534 -365.48 22.781 -172.63
51.974 -365.48 22.483 -172.49
52.425 -365.49 21.994 -170.77
52.878 -365.5 22.001 -171.01
53.361 -365.52 22.14 -171.15
53.826 -365.53 21.098 -171.28
54.459 -365.55 20.682 -170.18
54.928 -365.56 20.864 -169.47
55.389 -365.58 21.292 -168.6
56.08 -365.84 21.124 -168.3
56.555 -365.86 21.825 -167.82
57.014 -365.88 22.278 -167.61
57.476 -365.88 21.766 -167.41
57.947 -365.89 22.003 -167.14
58.429 -365.9 21.767 -166.48
58.886 -365.91 21.731 -164.21
59.7 -366.29 22.356 -162.78
60.184 -366.31 22.259 -162.49
60.669 -366.33 22.431 -163.56
61.17 -366.26 23.092 -164.18
61.649 -366.26 22.79 -164.1
62.132 -366.27 23.582 -163.46
62.592 -366.28 22.449 -165.94
63.058 -366.28 22.409 -166.18
63.577 -366.36 19.998 -168.82
64.054 -366.36 19.556 -168.96
64.519 -366.36 20.865 -166.68
64.978 -366.36 20.337 -163.7
65.479 -366.37 20.387 -162.86
65.97 -366.38 21.121 -163.47
66.461 -366.38 20.676 -164.41
66.949 -366.38 21.579 -163.03
67.761 -366.32 22.116 -162.6
68.261 -366.32 22.477 -162.46
68.764 -366.33 20.807 -162.71
69.276 -366.33 20.912 -162.03
69.774 -366.34 21.047 -164.94
70.275 -366.34 20.374 -164.91
70.773 -366.34 20.822 -165.66
71.254 -366.34 21.813 -165.85
72.004 -366.5 22.173 -165.79
72.475 -366.49 22.499 -162.45
72.969 -366.49 22.584 -162.4
73.476 -366.49 19.308 -159.09
73.98 -366.48 20.013 -157.84
74.485 -366.49 20.782 -156.93
74.979 -366.49 20.9 -158.13
75.472 -366.49 20.151 -158.1
75.983 -366.49 19.697 -158.56
76.483 -366.48 21.424 -158.64
76.971 -366.46 22.178 -158.42
77.465 -366.46 22.02 -157.6
77.941 -366.45 21.918 -157.6
78.433 -366.44 21.995 -156.14
78.917 -366.47 22.219 -156.41
79.459 -366.53 22.854 -155.24
80.057 -366.62 23.146 -154.66
80.55 -366.61 22.956 -155.14
81.219 -366.74 22.639 -150.69
81.723 -366.74 22.326 -150.49
82.227 -366.72 22.33 -151.19
82.73 -366.72 21.929 -150.76
83.229 -366.72 22.748 -146.76
83.713 -366.71 22.382 -146.55
84.22 -366.71 23.139 -146.53
84.716 -366.7 23.24 -146.98
85.215 -366.69 23.183 -147.58
85.713 -366.69 23.603 -147.56
86.203 -366.67 23.595 -148.8
86.718 -366.67 23.421 -149.07
87.21 -366.66 23.291 -148.85
87.732 -366.65 23.404 -149.32
88.252 -366.64 24.174 -150
88.512 -366.41 23.927 -150.47
89.012 -366.4 23.596 -150.96
89.58 -366.37 23.985 -151.26
90.097 -366.35 24.199 -151.35
90.614 -366.32 24.364 -151.25
91.13 -366.31 24.042 -151.08
91.754 -366.33 24.37 -151.9
92.28 -366.31 24.526 -151.76
92.79 -366.28 25.207 -155.86
93.307 -366.25 26.11 -155.18
93.818 -366.22 26.153 -154.8
94.324 -366.2 27.559 -156.55
94.85 -366.16 27.184 -156.17
95.367 -366.13 25.958 -155.62
95.899 -366.09 27.419 -157.38
96.414 -366.07 26.412 -156.77
96.929 -366.03 26.102 -156.81
97.458 -365.99 26.009 -156.53
97.988 -365.95 25.188 -156.91
98.497 -365.9 25.207 -157.44
99.027 -365.86 25.265 -157.96
99.544 -365.81 25.163 -158.12
100.08 -365.77 24.931 -157.06
100.6 -365.73 24.701 -156.37
101.13 -365.68 24.198 -155.72
101.67 -365.64 23.941 -154.54
102.22 -365.6 23.909 -154.53
102.74 -365.56 24.252 -154.78
103.28 -365.52 25.124 -153.94
103.82 -365.47 25.018 -154.05
104.35 -365.43 25.013 -153.7
104.88 -365.38 25.936 -153.62
105.41 -365.33 27.371 -153.49
106.01 -365.33 26.138 -152.43
106.55 -365.28 26.264 -149.49
107.08 -365.23 26.064 -149.48
107.6 -365.18 25.688 -149.57
108.13 -365.13 25.49 -149.79
108.65 -365.08 25.372 -149.68
109.17 -365.03 25.569 -150.04
109.7 -364.97 26.496 -149.47
110.23 -364.92 27.13 -149.14
110.75 -364.87 26.021 -148.77
111.27 -364.82 26.162 -148.77
111.81 -364.75 25.996 -148.23
112.35 -364.7 25.333 -147.98
112.88 -364.64 25.391 -148.04
113.42 -364.58 24.525 -147.63
113.95 -364.52 23.945 -147.3
114.48 -364.47 23.861 -147.91
115.03 -364.41 24.245 -148.85
115.54 -364.35 23.555 -148.65
116.07 -364.29 23.316 -148.92
116.6 -364.23 24.13 -147.15
117.14 -364.16 23.217 -147.52
117.68 -364.09 23.031 -147.47
118.2 -364.03 22.506 -147.67
118.71 -363.96 21.732 -147.03
119.23 -363.89 22.359 -146.76
119.74 -363.83 24.472 -146.9
120.25 -363.77 24.3 -146.56
120.76 -363.69 24.23 -146.29
121.28 -363.63 24.341 -145.4
121.81 -363.56 23.118 -145.34
122.34 -363.49 23.156 -144.77
122.84 -363.42 23.383 -144.85
123.36 -363.35 23.756 -143.97
123.87 -363.27 23.963 -143.39
124.38 -363.2 24.106 -143.75
124.91 -363.11 24.66 -144.25
125.42 -363.04 25.639 -144.84
125.93 -362.96 26.098 -145.63
126.44 -362.87 26.947 -145.93
126.94 -362.79 27.873 -146.54
127.45 -362.7 27.858 -146.38
127.97 -362.61 27.719 -146.18
128.49 -362.52 27.854 -145.88
129 -362.44 27.484 -146.23
129.51 -362.35 27.049 -146.58
130.01 -362.26 27.207 -147.29
130.49 -362.17 27.02 -148.05
130.98 -362.07 27.055 -148.23
131.47 -361.97 27.082 -148.04
131.96 -361.87 27.463 -148.08
132.45 -361.76 27.685 -148.07
132.95 -361.67 27.577 -147.9
133.44 -361.57 27.218 -147.8
133.93 -361.48 26.676 -147.15
134.43 -361.38 25.746 -146.56
134.94 -361.29 25.362 -145.84
135.45 -361.19 25.141 -146.14
135.95 -361.09 24.771 -145.46
136.46 -360.99 24.87 -145.17
136.96 -360.89 24.494 -144.51
137.46 -360.79 24.476 -142.14
137.97 -360.69 23.726 -142.39
138.46 -360.59 24.136 -142.26
138.98 -360.49 24.238 -142.29
139.49 -360.38 24.507 -141.98
140 -360.28 24.941 -142.31
140.52 -360.17 24.689 -141.92
141.02 -360.06 24.507 -141.47
141.52 -359.95 23.729 -141.48
142.02 -359.84 23.988 -140.24
142.52 -359.73 23.123 -140.64
143.03 -359.64 22.567 -140.96
143.53 -359.53 22.352 -140.86
144.02 -359.42 22.857 -141
144.52 -359.32 23.247 -140.4
145.02 -359.21 23.051 -140.67
145.5 -359.1 23.263 -141.56
146 -358.99 23.748 -141.1
146.48 -358.89 24.512 -141.7
146.97 -358.78 24.812 -141.93
147.47 -358.66 24.796 -142.15
147.96 -358.55 24.672 -141.95
148.44 -358.44 25.151 -142.06
148.93 -358.33 25.273 -141.5
149.41 -358.21 24.421 -141.02
149.89 -358.1 24.292 -141.58
150.38 -357.99 23.829 -141.31
150.86 -357.88 24.362 -141.97
151.34 -357.76 23.309 -140.98
151.83 -357.65 22.964 -141.25
152.32 -357.54 22.472 -140.06
152.82 -357.43 22.3 -139.87
153.31 -357.31 21.927 -139.67
153.79 -357.18 21.718 -139.75
154.28 -357.06 22.346 -141.01
154.75 -356.93 22.81 -140.36
155.21 -356.8 23.002 -140.24
155.69 -356.67 22.438 -141.51
156.19 -356.54 22.119 -141.3
156.66 -356.41 21.863 -142.06
157.15 -356.28 21.197 -141.57
157.64 -356.14 21.067 -141.09
158.13 -356.01 21.371 -141
158.62 -355.88 21.752 -141.36
159.09 -355.75 21.69 -141.8
159.58 -355.62 22.476 -141.66
160.08 -355.49 23.011 -142.01
160.57 -355.36 22.799 -140.75
161.05 -355.24 22.823 -140.56
161.54 -355.12 23.263 -139.58
161.73 -354.99 26.333 -139.38
161.9 -354.87 31.454 -139.78
162.06 -354.75 36.309 -141.02
162.23 -354.65 40.673 -140.72
162.4 -354.54 44.044 -141.97
162.54 -354.43 47.821 -141.3
162.68 -354.33 51.189 -140.57
162.82 -354.23 53.877 -141.32
162.96 -354.12 57.083 -141.52
163.08 -354.02 60.131 -141.28
163.18 -353.91 63.108 -139.5
163.3 -353.81 65.036 -140.78
163.42 -353.71 67.903 -139.88
163.53 -353.61 70.332 -140.14
163.64 -353.5 73.36 -140.44
163.72 -353.4 76.173 -139.58
163.82 -353.31 78.217 -139.98
163.9 -353.19 80.54 -140.01
163.99 -353.1 82.205 -139.46
164.06 -353.01 84.425 -139.87
164.12 -352.94 85.433 -139.42
164.2 -352.85 88.017 -138.51
164.27 -352.75 89.987 -139.14
164.34 -352.65 92.853 -139.25
164.4 -352.55 96.497 -139.66
164.47 -352.44 99.689 -140.98
164.55 -352.34 101.75 -142.79
164.62 -352.23 104.29 -143.92
164.66 -352.14 106.59 -144.38
164.71 -352.04 107.91 -145.1
164.77 -351.95 109.55 -145.67
164.82 -351.86 110.06 -146.48
164.88 -351.78 112.05 -146.77
164.93 -351.68 113.97 -146.83
164.99 -351.57 116.38 -147.31
165.04 -351.46 117.77 -148.6
165.09 -351.36 121.2 -149.72
165.15 -351.25 123.99 -150.27
165.2 -351.14 126.26 -149.86
165.25 -351.04 128.51 -151.09
165.29 -350.94 131.65 -151.36
165.34 -350.84 133.58 -151.52
165.38 -350.73 136.01 -151.1
165.43 -350.63 137.5 -150.87
165.48 -350.52 138.1 -150.49
165.52 -350.4 139.7 -149.91
165.56 -350.3 142.74 -149.03
165.6 -350.2 145.7 -148.7
165.63 -350.1 148.17 -148.59
165.66 -350.01 150.45 -147.37
165.7 -349.92 153.16 -148.59
165.73 -349.82 155.77 -148.86
165.76 -349.73 157.6 -149.2
165.79 -349.63 159.96 -149.81
165.83 -349.52 161.88 -151.53
165.86 -349.42 164.49 -151.93
165.77 -349.37 169.34 -152.12
165.66 -349.35 171.46 -152.08
165.6 -349.31 172.76 -151.3
165.51 -349.23 176 -148.07
165.42 -349.15 176.39 -147.76
165.32 -349.08 178.07 -147.62
165.22 -349.04 179.61 -146.68
165.1 -348.97 181.06 -144.74
165 -348.92 181.74 -144.73
164.89 -348.83 181.8 -144.67
164.78 -348.77 183.03 -144.6
164.68 -348.71 183.81 -143.94
164.57 -348.65 185.17 -143.61
164.45 -348.61 187.59 -143.57
164.32 -348.57 190.77 -143.41
164.17 -348.51 192.41 -143.21
164.05 -348.46 194.37 -141.05
163.9 -348.41 196.57 -140.9
163.76 -348.37 198.84 -139.73
163.62 -348.31 200.15 -139.7
163.45 -348.25 201.09 -139.75
163.3 -348.19 200.96 -139.28
163.15 -348.13 200.35 -139.45
162.99 -348.05 200.55 -138.97
162.85 -347.97 200.75 -138.17
162.69 -347.91 202.24 -138.08
162.53 -347.85 203.07 -138.05
162.37 -347.79 203.46 -136.94
162.21 -347.72 203.53 -136.87
162.05 -347.66 206.12 -135.94
161.88 -347.58 208.11 -135.9
161.73 -347.51 210.11 -135.45
161.58 -347.44 212.17 -135.44
161.41 -347.38 214.03 -135.07
161.26 -347.32 213.84 -134.49
161.11 -347.25 214.08 -134.22
160.95 -347.19 215.81 -134.12
160.77 -347.14 217.78 -134.07
160.59 -347.05 218.46 -133.9
160.43 -346.98 219.37 -133.73
160.24 -346.9 219.87 -133.47
160.07 -346.82 220.86 -133.05
159.89 -346.75 221.36 -132.95
159.7 -346.68 221.01 -132.94
159.52 -346.61 222.54 -132.99
159.33 -346.54 222.18 -133.03
159.15 -346.47 222.77 -132.97
158.97 -346.4 225 -132.92
158.78 -346.32 226.36 -132.84
158.58 -346.24 226.01 -132.88
158.39 -346.17 227.49 -132.77
158.19 -346.09 227.97 -132.19
157.99 -346.01 228.45 -132.14
157.78 -345.93 229.39 -132.11
157.58 -345.84 230.49 -132.25
157.37 -345.76 231.44 -132.34
157.16 -345.67 232.59 -132.42
156.95 -345.58 233.29 -132.47
156.76 -345.5 233.63 -132.48
156.56 -345.39 233.56 -132.46
156.35 -345.29 233.6 -132.09
156.15 -345.2 233.64 -132.2
155.94 -345.11 233.95 -132.26
155.73 -345.03 234.75 -132.31
155.53 -344.95 236.07 -132.09
155.32 -344.87 237.79 -131.61
155.12 -344.78 238.86 -131.47
154.91 -344.69 240.1 -131.54
154.69 -344.6 240.56 -131.81
154.44 -344.5 242.34 -131.82
154.2 -344.4 243.63 -131.83
153.97 -344.3 244.33 -130.97
153.75 -344.19 244.64 -130.57
153.51 -344.09 245.44 -130.28
153.27 -344 245.31 -130.25
153.02 -343.91 247.12 -130.07
152.79 -343.81 247.29 -130.11
152.58 -343.71 247.4 -130.19
152.35 -343.62 249.29 -130.25
152.1 -343.52 251.26 -130.03
151.85 -343.42 252.22 -130.04
151.61 -343.33 253 -130.12
151.35 -343.22 253.91 -130.17
151.11 -343.12 255.61 -130.19
150.86 -343 256.37 -130.11
150.6 -342.89 258.11 -129.98
150.35 -342.79 259.86 -130
150.09 -342.69 261.05 -129.94
149.84 -342.59 259.92 -129.86
149.6 -342.48 257.71 -129.66
149.35 -342.37 261.02 -129.6
149.11 -342.27 260.03 -129.56
148.88 -342.17 259.36 -129.47
148.66 -342.07 259.58 -129.46
148.4 -341.96 259.78 -129.5
148.16 -341.84 260.33 -129.43
147.9 -341.72 261.82 -129.25
147.65 -341.62 261.92 -129.28
147.39 -341.51 262.31 -129.27
147.12 -341.39 262.63 -129.24
146.87 -341.28 262.29 -129.23
146.63 -341.16 261.77 -129.19
146.36 -341.04 264.35 -129.15
146.14 -340.94 265.78 -129.26
145.9 -340.84 267.61 -129.25
145.64 -340.74 266.41 -129.15
145.39 -340.62 266.04 -129.22
145.16 -340.52 266.55 -129.1
144.91 -340.41 267.4 -129.09
144.66 -340.3 268.01 -128.75
144.41 -340.2 269.32 -128.55
144.16 -340.09 271.58 -128.41
143.88 -339.96 273.95 -128.6
143.62 -339.83 274.22 -128.58
143.38 -339.72 276.14 -128.47
143.11 -339.6 275.12 -128.68
142.84 -339.47 275.31 -128.68
142.59 -339.37 277.3 -128.43
142.33 -339.26 278.84 -127.45
142.07 -339.16 279.08 -127.54
141.81 -339.04 280.83 -127.45
141.57 -338.92 281.09 -127.35
141.3 -338.8 281.45 -127.38
141 -338.67 280.44 -127.64
140.73 -338.53 281.68 -127.28
140.45 -338.38 281.71 -126.92
140.16 -338.24 283.68 -124.92
139.9 -338.12 286.07 -124.5
139.64 -337.98 284.76 -123.09
139.38 -337.85 283.08 -123.1
139.1 -337.7 284.36 -122.76
138.85 -337.58 280.12 -122.79
138.58 -337.44 281.93 -122.81
138.32 -337.27 283.33 -122.79
138.05 -337.13 284.43 -122.72
137.78 -336.99 283.9 -122.71
137.52 -336.85 283.2 -122.76
137.26 -336.69 282.31 -122.76
136.97 -336.52 281.12 -122.76
136.7 -336.37 280.91 -122.77
136.43 -336.22 279.13 -122.85
136.17 -336.06 280.28 -122.93
135.91 -335.9 279.33 -123.07
135.65 -335.76 280.05 -123.06
135.38 -335.61 282.08 -123.22
135.12 -335.45 283.45 -123.04
134.87 -335.32 282.46 -123.01
134.61 -335.17 283.47 -122.78
134.35 -334.98 284.99 -122.78
134.11 -334.84 283.54 -122.6
133.87 -334.7 285.35 -122.17
133.62 -334.56 283.23 -122.04
133.37 -334.4 283.58 -121.85
133.13 -334.25 283.62 -121.78
132.87 -334.1 283.85 -121.77
132.63 -333.97 283.16 -121.83
132.38 -333.84 283.42 -121.85
132.13 -333.72 285.36 -121.74
131.89 -333.58 283.13 -121.89
131.65 -333.43 281.26 -121.73
131.41 -333.31 282.88 -121.63
131.18 -333.18 280.05 -121.7
130.93 -333.05 279.83 -121.67
130.68 -332.93 279.92 -121.54
130.44 -332.81 280.65 -120.95
130.18 -332.7 280.05 -120.57
129.94 -332.58 280.97 -120.33
129.7 -332.46 278.76 -120.18
129.48 -332.36 278.59 -120.12
129.25 -332.25 281.12 -120.35
129.01 -332.13 280.54 -120.42
128.75 -332 279.98 -120.45
128.52 -331.88 279.91 -120.32
128.28 -331.77 280.73 -120.35
128.05 -331.66 281.55 -120.37
127.81 -331.54 284.34 -120.72
127.53 -331.41 285.85 -120.74
127.31 -331.26 287.53 -120.87
127.09 -331.13 289.6 -120.74
126.88 -331.03 290.5 -120.76
126.67 -330.91 291.66 -120.83
126.42 -330.78 290.32 -120.41
126.2 -330.64 289.15 -120.41
125.99 -330.51 291 -120.42
125.75 -330.35 290.53 -120.63
125.51 -330.21 287.97 -120.77
125.29 -330.08 287.71 -120.7
125.08 -329.97 288.14 -120.64
124.85 -329.85 289.46 -120.62
124.62 -329.73 290.58 -120.58
124.42 -329.59 292.2 -120.65
124.19 -329.45 290.01 -120.4
123.98 -329.34 293.34 -120.38
123.77 -329.21 293.09 -120.26
123.52 -329.05 295.06 -120.14
123.29 -328.93 294.9 -120.26
123.08 -328.82 293.99 -120.25
122.86 -328.7 290.97 -120.39
122.63 -328.58 289.66 -120.31
122.42 -328.47 281.88 -120.31
122.18 -328.35 282.08 -120.32
121.94 -328.21 283.75 -120.44
121.72 -328.11 283.48 -120.5
121.51 -328.01 285.22 -120.53
121.28 -327.89 286.08 -120.27
121.06 -327.79 285.95 -120.4
120.81 -327.65 285.29 -120.35
120.57 -327.53 286.01 -120.28
120.33 -327.4 285.37 -120.13
120.11 -327.27 286.21 -120.05
119.89 -327.15 287.17 -120.14
119.67 -327.02 281.89 -120.05
119.45 -326.87 282.16 -119.92
119.21 -326.72 283.8 -119.86
118.99 -326.6 285.24 -119.82
118.79 -326.49 285.09 -119.86
118.58 -326.37 283.86 -119.97
118.37 -326.23 284.53 -119.96
118.15 -326.1 284.51 -120.16
117.95 -325.97 287.11 -120.64
117.73 -325.83 286.02 -120.6
117.52 -325.7 285.34 -120.8
117.31 -325.58 287.42 -120.87
117.08 -325.46 287.82 -120.91
116.89 -325.34 288.57 -120.85
116.67 -325.22 288.53 -120.81
116.47 -325.11 288.72 -120.67
116.25 -324.99 288.6 -120.63
116.03 -324.87 288.2 -120.63
115.83 -324.74 288.65 -120.59
115.63 -324.63 287.27 -120.66
115.41 -324.5 286.9 -120.8
115.21 -324.38 284.45 -120.64
115 -324.26 284.11 -120.65
114.79 -324.14 283.79 -120.69
114.57 -324 283.75 -120.61
114.36 -323.88 283.11 -120.51
114.14 -323.74 281.69 -120.62
113.92 -323.6 282.78 -120.69
113.72 -323.48 284.76 -120.67
113.54 -323.38 285.84 -120.67
113.32 -323.24 288.13 -120.57
113.12 -323.11 289.34 -120.54
112.88 -322.96 289.24 -120.69
112.67 -322.83 290.89 -120.67
112.47 -322.71 289.98 -120.81
112.26 -322.59 290.93 -120.93
112.06 -322.47 293 -120.85
111.84 -322.34 292.51 -120.94
111.63 -322.21 293.01 -121.08
111.4 -322.07 293.42 -121.11
111.19 -321.94 293.51 -121.21
110.98 -321.8 294.53 -121.36
110.76 -321.65 293.17 -121.49
110.56 -321.51 293.53 -121.54
110.33 -321.35 292.21 -121.65
110.13 -321.21 291.47 -121.58
109.92 -321.06 291.64 -121.53
109.7 -320.93 293.92 -121.66
109.48 -320.78 295.23 -121.71
109.28 -320.65 294.91 -121.72
109.06 -320.5 294.96 -121.78
108.85 -320.35 294.17 -121.88
108.62 -320.2 293.13 -121.87
108.4 -320.05 294.2 -121.95
108.18 -319.9 292.93 -122.07
107.95 -319.73 292.94 -122.09
107.72 -319.57 291.01 -122.16
107.51 -319.43 291.59 -122.18
107.28 -319.27 291.75 -122.24
107.07 -319.11 291.04 -122.23
106.86 -318.97 292.32 -122.22
106.63 -318.8 292.47 -122.63
106.41 -318.65 293.5 -122.65
106.18 -318.48 292.74 -123.03
105.95 -318.3 293.06 -122.98
105.75 -318.15 294.66 -122.95
105.53 -317.99 294.26 -122.97
105.32 -317.84 295.05 -122.97
105.11 -317.69 298.02 -123.03
104.89 -317.54 296.62 -123.16
104.7 -317.42 298.72 -123.07
104.48 -317.27 300.54 -123.22
104.27 -317.12 301.33 -123.26
104.05 -316.95 304.24 -123.38
103.84 -316.79 304.67 -123.53
103.63 -316.66 307.62 -123.57
103.41 -316.51 305.71 -123.92
103.18 -316.35 304.76 -123.86
102.96 -316.19 304.09 -123.59
102.72 -316.05 306.6 -123.56
102.5 -315.91 309.1 -123.61
102.29 -315.77 310.26 -123.56
102.08 -315.61 309.71 -123.49
101.85 -315.46 312.03 -123.71
101.66 -315.34 311.93 -124.4
101.44 -315.18 311.8 -124.45
101.2 -315.03 314.56 -124.3
100.99 -314.9 315.01 -124.39
100.77 -314.76 313.87 -124.53
100.56 -314.64 315.35 -124.69
100.35 -314.51 318.5 -124.76
100.13 -314.36 317.1 -124.71
99.896 -314.19 316.99 -124.72
99.678 -314.03 320.75 -124.79
99.46 -313.91 318.81 -123.95
99.244 -313.79 321.62 -123.9
99.018 -313.66 326.07 -124.37
98.782 -313.52 328.04 -124.42
98.54 -313.34 330.95 -124.5
98.326 -313.2 335.95 -124.47
98.098 -313.06 345.51 -124.38
97.886 -312.95 350.13 -124.4
97.68 -312.83 356.79 -125.43
97.475 -312.73 354.84 -125.59
97.246 -312.63 354.56 -125.52
97.027 -312.53 351.67 -125.64
96.81 -312.41 352.74 -125.56
96.601 -312.29 351.24 -125.57
96.394 -312.17 349.47 -125.61
96.183 -312.05 350.28 -125.65
95.975 -311.95 350.86 -126.02
95.739 -311.83 353.58 -125.99
95.504 -311.71 352.43 -126.07
95.276 -311.61 358.42 -126.14
95.072 -311.5 358.06 -126.36
94.854 -311.4 357.69 -126.31
94.632 -311.28 357.33 -126.26
94.401 -311.16 355.42 -126.34
94.165 -311.03 353.45 -126.4
93.936 -310.92 355.35 -126.45
94.001 -310.71 346.04 -116.28
94.065 -310.4 346 -124.65
94.155 -310.3 344.67 -126.51
94.221 -309.96 344.61 -128.97
94.311 -309.52 344.5 -133.08
94.383 -309.5 345.26 -140.43
94.373 -309.27 345.2 -143.96
94.427 -309.24 345.64 -151.84
94.46 -309.03 344.8 -155.94
94.477 -308.83 344.71 -157.6
94.556 -308.68 342.73 -163.43
94.579 -308.62 342.19 -163.76
94.64 -308.4 342.19 -164.12
94.653 -308.25 341.8 -165.67
94.684 -308.08 341.31 -166.37
94.755 -307.86 336.71 -167.83
94.776 -307.74 335.34 -173.84
94.811 -307.54 334.78 -181.89
94.859 -307.33 332.38 -181.49
94.903 -307.09 330.27 -185.05
94.975 -306.92 329.95 -191.58
95.012 -306.74 330.62 -196.21
95.05 -306.53 331.38 -202.71
95.1 -306.24 331.09 -204.42
95.132 -306.24 331.15 -208.97
95.171 -306.11 332.08 -214.25
95.192 -305.97 332.88 -217.53
95.23 -305.87 332.48 -222.34
95.277 -305.73 331.91 -228.28
95.318 -305.58 331.73 -228.5
95.458 -305.31 332.2 -227.64
95.527 -305.15 332.28 -229.31
95.623 -304.94 331.94 -231.01
95.684 -304.79 331.41 -229.87
95.779 -304.57 328.77 -235.66
95.907 -304.33 328.2 -238.49
95.98 -304.07 328.44 -240.13
96.024 -304.04 328.49 -243.4
96.128 -303.91 328.16 -245.58
96.258 -303.68 328.05 -243.99
96.373 -303.6 331.66 -245.97
96.479 -303.53 331.51 -245.11
96.573 -303.49 330.46 -250.45
96.729 -303.27 329.87 -248.58
96.858 -302.93 330.14 -251
96.968 -302.61 330.49 -245.59
97.053 -302.44 334.91 -240.67
97.146 -302.18 334.56 -244.8
97.349 -301.93 333.5 -245.98
97.538 -301.73 332.85 -231.39
97.639 -301.51 332.68 -234.08
97.687 -301.32 332.48 -236.16
97.742 -301.13 332.35 -235.93
97.792 -300.89 331.63 -233.43
97.868 -300.68 328.61 -234.01
97.98 -300.54 328.12 -234.14
98.075 -300.39 329.1 -235.94
98.155 -300.22 328.86 -243.03
98.233 -300.01 329.12 -240.92
98.321 -299.78 329.69 -240.1
98.463 -299.46 330.55 -239.59
98.527 -299.29 330.76 -241.65
98.609 -299.07 330.15 -241.38
98.677 -298.94 337.23 -236.75
98.777 -298.76 336.34 -241.92
98.884 -298.61 335.84 -240.03
98.97 -298.52 334.78 -241.79
99.078 -298.35 335.36 -242.03
99.154 -298.16 335.44 -241.8
99.238 -298.11 340.47 -245.41
99.383 -297.87 339.88 -243.04
99.433 -297.88 338.23 -250.52
99.523 -297.78 337.92 -253.49
99.622 -297.68 336.9 -255.59
99.681 -297.68 336.15 -258.98
99.733 -297.65 336.02 -262.24
99.895 -297.4 336.02 -266.87
100.02 -297.27 336.02 -267.91
100.06 -297.29 343.53 -269.77
100.13 -297.22 343.14 -274.27
100.23 -297.18 343.03 -280.27
100.29 -297.22 342.13 -283.32
100.36 -297.2 341.88 -286.97
100.44 -297.18 341.72 -290.95
100.49 -297.16 343.35 -295.2
100.59 -297.05 343.21 -298.27
100.64 -297.02 343.15 -301.28
100.73 -296.96 343.71 -303.93
100.79 -296.91 343.99 -306.58
100.86 -296.86 345.97 -307.09
100.94 -296.74 345.73 -307.17
101 -296.65 344.09 -308.83
101.08 -296.63 343.85 -313.65
101.18 -296.59 342.43 -316.05
101.25 -296.55 341.88 -318.2
101.36 -296.48 341.11 -323.22
101.44 -296.41 340.81 -320.79
101.53 -296.33 340.27 -323.84
101.62 -296.28 339.81 -326.23
101.7 -296.22 340.01 -326.76
101.75 -296.17 339.6 -328.68
101.82 -296.13 339.52 -329.19
101.87 -296.1 339.32 -333.23
101.95 -296.03 338.73 -334.07
101.99 -295.98 338.92 -335.14
102.07 -295.92 339.11 -337.79
102.12 -295.89 340.36 -336.78
102.18 -295.85 340.78 -335.9
102.26 -295.78 340.62 -340.07
102.31 -295.73 340.65 -343.17
102.38 -295.64 340.57 -342.23
102.45 -295.58 341.76 -344.35
102.52 -295.5 341.58 -345.62
102.58 -295.46 333.83 -348.32
102.65 -295.39 332.93 -352.91
102.7 -295.28 330.89 -348.78
102.78 -295.17 331.11 -346.84
102.87 -295.06 322.02 -346.42
102.94 -294.99 307.04 -332.14
103.07 -294.91 304.68 -342.58
103.18 -294.82 299.5 -334.48
103.3 -294.7 291.49 -343.61
103.38 -294.63 291.14 -345.91
103.49 -294.53 288.67 -344.45
103.59 -294.46 288.42 -347.14
103.68 -294.37 288.36 -347.81
103.78 -294.29 288.2 -348.41
103.89 -294.26 284.74 -340.14
103.98 -294.21 287.47 -346.15
104.07 -294.14 286.65 -343.16
104.18 -294.06 287.07 -345.68
104.29 -293.99 288.1 -344.27
104.38 -293.95 287.92 -349.47
104.48 -293.85 291.38 -353.46
104.6 -293.75 291.49 -356.41
104.7 -293.66 297.78 -364.43
104.84 -293.56 297.47 -365.73
104.97 -293.46 297.43 -364.04
105.1 -293.35 292.91 -360.25
105.23 -293.25 292.66 -361.32
105.35 -293.21 295.75 -355.8
105.45 -293.14 290.5 -353.66
105.57 -293.06 291.89 -354.92
105.67 -292.99 291.19 -357.27
105.76 -292.9 293.38 -368.24
105.89 -292.84 291.77 -362.41
106.02 -292.79 289.27 -361.28
106.16 -292.68 292.19 -361.1
106.27 -292.62 298.76 -360.14
106.38 -292.55 302.2 -364.17
106.53 -292.42 305.75 -371.61
106.62 -292.38 305.38 -373.14
106.73 -292.33 307.82 -381.04
106.86 -292.24 303.93 -371.74
106.97 -292.2 296.75 -368.41
107.09 -292.14 289.24 -364.75
107.22 -292.05 285.89 -375.51
107.35 -291.92 285.19 -377.76
107.47 -291.89 282.48 -378.59
107.6 -291.84 281.85 -382.49
107.74 -291.75 281.11 -382.17
107.87 -291.67 282.27 -387.39
108 -291.63 275.39 -391.03
108.13 -291.55 273.81 -388.81
108.23 -291.52 272.85 -388.9
108.34 -291.51 271.11 -385.18
108.48 -291.42 271.07 -385.33
108.61 -291.35 265.24 -385.64
108.76 -291.24 261.84 -381.48
108.92 -291.16 261.85 -383.95
109.06 -291.09 261.87 -383.45
109.18 -291.06 258.87 -378.85
109.29 -291.04 258.83 -381.38
109.42 -290.99 258.82 -383.72
109.56 -290.93 253.12 -382.32
109.69 -290.87 251.27 -389.74
109.83 -290.82 251.97 -386.28
109.97 -290.76 248.64 -381.56
110.12 -290.65 249.1 -382.3
110.25 -290.59 249.38 -388.31
110.38 -290.54 242 -380.49
110.52 -290.51 247.14 -392.75
110.63 -290.47 244.49 -387.42
110.75 -290.42 240.12 -381.54
110.87 -290.37 240.39 -400.88
111.02 -290.32 240.3 -402.93
111.18 -290.3 239.67 -403.99
111.35 -290.27 236.28 -405.07
111.52 -290.25 234.14 -397.47
111.67 -290.21 230.18 -393.04
111.83 -290.18 236.42 -393.49
111.99 -290.14 236.35 -392.25
112.14 -290.1 238.62 -384.45
112.29 -290.02 238.45 -384.16
112.42 -289.97 237.93 -386.68
112.58 -289.91 243.98 -389.15
112.71 -289.89 243.85 -391.81
112.85 -289.88 241.15 -386
112.99 -289.8 241.44 -382.77
113.13 -289.78 241.81 -383.85
113.25 -289.75 243.39 -385.29
113.38 -289.7 243.08 -390.29
113.5 -289.67 243 -392.21
113.63 -289.67 242.97 -393.87
113.77 -289.68 240.23 -381.99
113.89 -289.71 241.86 -367.54
114.02 -289.73 239.15 -362.05
114.17 -289.71 233.86 -356.46
114.35 -289.61 233.61 -357.41
114.52 -289.55 229.29 -369.87
114.69 -289.54 217.01 -361.32
114.86 -289.47 210.08 -355.08
115.06 -289.35 209.45 -356.75
115.24 -289.25 192.5 -352.56
115.4 -289.23 176.17 -334.27
115.57 -289.18 133.79 -274.36
115.78 -289.09 88.653 -238.18
115.96 -288.95 76.023 -222.42
116.24 -288.82 75.579 -221.27
116.44 -288.72 68.872 -223.07
116.66 -288.57 49.529 -210.51
116.98 -288.47 49.386 -210.02
117.33 -288.34 55.677 -218.27
117.66 -288.17 55.575 -219.37
118 -288.03 55.653 -219.6
118.34 -287.9 55.182 -222.26
118.67 -287.83 54.496 -223.84
118.98 -287.73 54.925 -225.14
119.3 -287.61 54.8 -225.42
119.62 -287.54 54.838 -225.12
119.94 -287.38 54.98 -225.18
120.26 -287.25 55.131 -226.72
120.59 -287.09 54.783 -228.21
120.97 -286.86 54.368 -229.49
121.3 -286.71 53.565 -229.86
121.65 -286.48 53.693 -231.78
121.99 -286.32 53.681 -233.12
122.32 -286.17 53.183 -234.66
122.65 -286.05 52.805 -235.36
122.97 -285.91 51.639 -235.02
123.3 -285.78 51.248 -237.57
123.68 -285.58 51.031 -236.97
124.01 -285.39 50.561 -236.86
124.37 -285.24 50.232 -238.64
124.73 -285.07 50.486 -240.31
125.07 -284.89 49.57 -240
125.42 -284.71 49.592 -240.18
125.76 -284.54 49.418 -239.99
126.14 -284.36 49.114 -239.13
126.5 -284.17 49.216 -239.08
126.85 -283.97 49.132 -238.66
127.22 -283.75 48.42 -239.48
127.55 -283.6 48.475 -239.67
127.93 -283.42 48.102 -240.79
128.3 -283.27 47.774 -241.79
128.64 -283.15 47.62 -241.84
128.98 -283.01 47.901 -241.62
129.3 -282.89 47.453 -240.52
129.65 -282.79 47.701 -240.4
130.02 -282.66 48.008 -241.03
130.37 -282.52 48.064 -242.9
130.69 -282.41 47.996 -243.04
131.06 -282.28 48.056 -243.98
131.4 -282.17 47.828 -243.61
131.74 -282.07 47.304 -242.8
132.11 -281.92 46.898 -243.31
132.44 -281.73 46.917 -243.12
132.8 -281.55 46.69 -241.14
133.18 -281.34 46.554 -241.79
133.53 -281.15 46.695 -241.87
133.82 -280.99 46.805 -242.18
134.14 -280.81 46.683 -242.1
134.49 -280.61 46.871 -243.27
134.8 -280.51 46.243 -245.28
135.15 -280.37 45.485 -245.83
135.5 -280.2 45.218 -245.71
135.84 -280.05 45.415 -246.65
136.17 -279.89 45.582 -248.45
136.52 -279.75 45.285 -249.61
136.87 -279.6 44.951 -250.49
137.21 -279.49 45.566 -252.38
137.56 -279.35 45.369 -252.03
137.91 -279.18 45.981 -252.79
138.3 -279.01 46.096 -254.85
138.64 -278.85 46.625 -256.39
138.99 -278.72 47.144 -257.02
139.36 -278.63 47.89 -257.7
139.73 -278.54 47.043 -258.96
140.1 -278.36 46.743 -260.84
140.46 -278.18 46.316 -261.66
140.84 -278 46.603 -260.36
141.2 -277.8 46.395 -262.08
141.57 -277.65 46.826 -261.74
141.96 -277.43 46.942 -263.11
142.27 -277.07 60.036 -273.66
142.48 -276.61 69.092 -273.41
142.67 -276.15 75.596 -273.93
142.89 -275.78 83.251 -274.08
143.08 -275.34 83.047 -274.69
143.22 -274.86 90.445 -275.19
143.46 -274.36 94.269 -274.68
143.63 -273.98 109.76 -274.72
143.69 -273.63 113.33 -274.5
143.79 -273.23 115.12 -275.38
143.88 -272.87 117.23 -275.56
143.98 -272.5 115.83 -272.07
144.02 -272.23 125.24 -271.02
144.12 -272.16 130.24 -270.84
144.08 -271.98 130.85 -271.71
144.05 -271.83 135.6 -271.22
144.09 -271.58 137.87 -270.45
144.09 -271.35 138.2 -269.8
144.1 -271.11 142.47 -268.24
144.16 -270.88 144.9 -269.61
144.23 -270.66 138.25 -269.46
144.31 -270.42 137.76 -268.93
144.36 -270.23 137.93 -267.56
144.4 -270.1 139.49 -267.54
144.49 -269.79 141.32 -267.92
144.55 -269.56 141.82 -272.3
144.59 -269.35 143.91 -272.14
144.59 -269.09 144.7 -271.33
144.68 -268.88 150.25 -269.14
144.69 -268.63 160.1 -268.39
144.74 -268.59 167.56 -267.35
144.7 -268.38 169.8 -268.43
144.65 -268.14 173.82 -266.39
144.65 -267.89 163.92 -266.57
144.64 -267.85 167.87 -265.47
144.65 -267.7 172.67 -265.25
144.62 -267.51 174.96 -266.07
144.61 -267.24 176.45 -266.59
144.66 -267.26 190.36 -267.13
144.71 -267.24 193.17 -267.55
144.6 -266.98 196.04 -267.24
144.44 -266.75 200.49 -266.78
144.55 -266.79 200.42 -267.32
144.71 -266.94 216.53 -267.69
144.83 -267.09 224.47 -267.39
144.75 -266.84 217.72 -267.09
144.59 -266.78 222.95 -266.9
144.38 -266.33 236.51 -266.87
144.22 -265.94 240.46 -266.89
144.17 -265.88 263.94 -265.74
144.23 -265.81 260.34 -266.09
144.19 -265.61 269.91 -266.17
144.05 -265.44 267.27 -265.93
144.03 -265.25 273.76 -265.69
143.89 -265.14 281.72 -265.41
143.58 -264.88 297.69 -264.42
143.62 -265.07 308.23 -263.95
143.58 -264.87 309.77 -264.48
144.1 -265.88 351.88 -263.64
144.11 -266.04 344.73 -258.59
143.59 -265.53 333.8 -250.66
143.41 -265.18 329.32 -250.67
143.33 -264.51 350.6 -249.74
143.35 -264.07 342.48 -250.01
143.21 -263.61 321.24 -244.39
143.69 -263.85 337.64 -243.52
143.88 -263.63 339.44 -226.26
144.07 -263.62 345.59 -226.58
143.94 -263.1 339.77 -227.03
143.77 -262.44 338.31 -227.27
143.78 -262.43 340.99 -228.03
143.79 -262.34 345.29 -228.39
143.79 -262.37 335.17 -228.73
143.87 -262.34 327.84 -228.47
143.69 -262.07 326.7 -228.08
143.55 -261.9 322.72 -228.73
143.34 -261.8 332.11 -228.31
143.33 -261.71 308.9 -228.51
143.11 -261.34 306.11 -228.56
143.04 -261.21 300.28 -229.07
142.83 -260.83 287.44 -229.46
142.65 -260.81 292.24 -229.52
142.51 -260.8 294.36 -229.56
142.05 -260.45 294.88 -229.46
141.89 -260.24 294.98 -229.35
141.67 -259.73 295.53 -229.18
141.59 -259.52 311.29 -229.2
141.81 -259.64 312.2 -231.61
142 -259.84 292.04 -231.31
141.57 -259.67 307.64 -234.56
141.23 -259.1 302.63 -235.99
141.2 -258.86 299.66 -234.8
141.13 -258.62 305.68 -232.48
141 -258.35 303.93 -232.61
140.84 -258.03 303.32 -233.05
140.69 -257.73 304.75 -232.88
140.7 -257.8 307.8 -231.88
140.76 -257.84 307.93 -231.27
140.85 -257.77 300.51 -231.75
140.63 -257.42 291.33 -232.15
140.61 -257.34 296.39 -230.74
140.57 -257.05 301.55 -230.58
140.5 -257.16 282.76 -230.62
140.34 -257.07 289.48 -230.83
140.26 -257.09 282.07 -230.62
140.14 -257.04 283.5 -231.52
140.05 -256.94 288.44 -232.79
139.96 -256.89 300.65 -232.37
139.88 -256.99 289.04 -231.86
139.34 -256.75 302.1 -228.23
139.44 -256.82 304.48 -228.29
139.45 -256.87 300.31 -228.4
139.51 -256.95 302.73 -228.07
139.62 -257.02 303.68 -228.36
139.63 -257.19 297.56 -227.95
139.62 -257.21 300.76 -229.11
139.72 -257.32 303.93 -228.86
139.62 -257.31 296.34 -226.72
139.5 -257 295.85 -226.6
139.47 -257.12 288.47 -224.11
139.42 -257.1 290.48 -223.38
139.31 -257.01 294.2 -223.36
139.32 -257.05 301.31 -223.24
139.41 -257.16 310.48 -224.73
139.48 -257.18 315.98 -224.31
139.41 -257.11 297.33 -223.62
139.45 -257.16 297.58 -224.64
139.53 -257.23 298.04 -224.74
139.3 -257.23 298.35 -227.54
139.33 -257.29 277.33 -227.25
139.22 -257.17 290.87 -227.91
139 -257.1 308.19 -226.56
139.03 -257.14 300.52 -226.51
139.27 -257.35 293.52 -226.67
139.14 -257.13 300.74 -226.75
139.24 -257.26 302.87 -227.54
139.23 -257.4 311.78 -227.12
139.41 -257.43 317.22 -227.03
139.46 -257.63 321.5 -227.25
139.47 -257.7 308.59 -226.08
139.5 -257.56 304.96 -225.91
139.5 -257.62 298.68 -224.27
139.49 -257.77 296.2 -224.29
139.33 -257.55 291.22 -224.18
139.11 -257.36 307.63 -224.88
139.06 -257.32 307.79 -224.92
138.97 -257.49 311.07 -224.95
139.03 -257.48 308.51 -224.89
138.92 -257.43 307.41 -227.1
139.07 -257.53 302.55 -226.92
139.24 -257.65 301.81 -227.03
138.99 -257.71 304.68 -227.7
139.02 -257.81 304.27 -228.11
138.92 -257.93 304.95 -228.01
139.1 -258.1 307.77 -227.47
139.06 -258.19 306.36 -227.27
139.04 -258.26 298.95 -227.36
138.8 -257.93 307.31 -227.08
138.89 -258.08 306.28 -227.45
138.79 -258.14 314.03 -228.99
138.71 -258.08 315.06 -228.77
138.71 -258.04 310.69 -229.01
138.63 -258.02 310.38 -228.66
138.65 -258 313.03 -229.47
138.69 -258 309.78 -229.08
138.74 -257.98 307.22 -230.07
138.63 -258.16 307.74 -226.62
138.64 -258.12 308.49 -226.39
138.8 -258.21 295.89 -226.3
138.71 -258.1 294.39 -226.1
138.51 -257.94 290.83 -226.04
138.5 -257.86 306.63 -226
138.51 -257.81 307.19 -225.66
138.55 -257.87 303.66 -225.53
138.58 -258.02 300.12 -225.07
138.57 -258.08 308.39 -225.1
138.51 -258.17 294.13 -225.44
138.25 -257.8 291.19 -225.43
137.97 -257.47 283.25 -225.65
137.76 -257.41 279.04 -229.09
137.66 -257.27 283.63 -229.29
137.51 -257.09 283.42 -229.19
137.35 -256.99 285.13 -229.51
137.45 -256.97 297.07 -228.38
137.43 -256.98 299.32 -225.33
137.52 -257.17 286.86 -220.95
137.47 -257.18 291.5 -220.93
137.36 -257.18 304.1 -221.02
137.33 -257.07 296.97 -220.75
137.31 -257.08 291.34 -222.51
137.2 -257.14 303.97 -219.11
137.24 -257.14 299.21 -219.94
137.33 -257.3 304 -220.35
137.28 -257.3 303.07 -220.36
137.27 -257.43 287.16 -219.02
137.04 -257.24 280.77 -217.81
136.79 -256.94 279.87 -217.19
136.56 -256.9 288.46 -218.82
136.34 -256.63 288.12 -219.06
136.23 -256.48 300.89 -220.37
136.23 -256.61 310.49 -218.54
136.14 -256.52 298.95 -219.89
136.21 -256.67 305.12 -220.36
136.27 -256.64 291.28 -219.97
136.22 -256.76 295.75 -213.81
136.01 -256.69 302.53 -213.53
135.78 -256.61 303.5 -214.54
135.62 -256.56 298.94 -214.53
135.72 -256.61 291.31 -214.7
135.48 -256.5 312.31 -213.67
135.34 -256.42 325.14 -211.58
135.34 -256.35 316.83 -211.26
135.31 -256.29 311.82 -210.6
135.38 -256.29 295.95 -210.83
135.33 -256.21 299.15 -210.37
135.25 -256.14 294.18 -210.25
134.94 -255.91 282.83 -210.1
134.83 -255.77 285.46 -210.52
134.7 -255.7 297.38 -210.66
134.78 -255.75 303.5 -211.22
134.51 -255.73 300.61 -211.77
134.57 -255.76 299.12 -211.81
134.69 -255.78 294.15 -211.69
134.54 -255.7 295.76 -213.49
134.35 -255.74 294.69 -212.49
134.09 -255.6 294.11 -214.47
133.9 -255.62 310.23 -214.19
133.91 -255.64 317.16 -214.1
133.83 -255.63 308.81 -214.11
133.76 -255.53 307.01 -213.83
133.52 -255.49 298.1 -214.66
133.4 -255.46 295.31 -214.85
133.34 -255.41 312.62 -215.21
133.38 -255.31 319.97 -214.74
133.3 -255.24 318.6 -215
133.3 -255.24 317.67 -212.55
133.28 -255.24 318.18 -212.61
133.28 -255.25 323.58 -213.24
133.1 -255.08 308.95 -213.33
133.13 -254.98 306.64 -213.25
133.13 -254.97 307.63 -213.01
133.08 -255 304.98 -212.87
133.05 -254.98 305.05 -212.89
133.01 -254.94 301.76 -213.57
132.98 -254.93 296.87 -213.44
132.92 -254.95 296.06 -213.68
132.85 -254.96 290.76 -214.35
132.7 -254.92 308.11 -214.62
132.7 -254.85 300.67 -216.12
132.66 -254.86 309.37 -214.79
132.59 -254.75 311.43 -213.32
132.5 -254.69 303.05 -213.29
132.45 -254.66 295.98 -213.18
132.53 -254.66 305.68 -213.16
132.46 -254.58 295.62 -214.79
132.4 -254.56 304.06 -215.05
132.49 -254.58 305.29 -214.68
132.53 -254.62 305.82 -216.8
132.53 -254.57 302.85 -211.49
132.61 -254.65 305.68 -211.59
132.49 -254.55 305.89 -208.82
132.5 -254.45 308.38 -212.6
132.46 -254.46 314.09 -211.55
132.41 -254.38 318.84 -211.5
132.51 -254.4 328.07 -211.41
132.54 -254.37 337.08 -211.29
132.43 -254.16 323.57 -211.02
