0 0.01000 5 172 2 0.500308 0.471011
1 0.08222 1 55 2 0.469193 0.443725
2 0.07333 5 180 2 0.500560 0.472060
3 0.00700 3 44 2 0.440941 0.418782
4 0.01000 1 134 2 0.423700 0.419843
5 0.00050 5 37 2 0.439438 0.424762
6 0.01000 3 83 2 0.442400 0.421174
7 0.00100 1 11 2 0.442422 0.420978
8 0.04667 6 32 2 0.501331 0.472990
9 0.11000 3 175 2 0.500928 0.471439
10 0.07333 3 88 2 0.503055 0.473287
11 0.06444 2 199 2 0.500359 0.470574
12 0.00700 4 169 2 0.500112 0.470637
13 0.11000 3 71 2 0.500916 0.471138
14 0.00300 7 14 2 0.442979 0.422415
15 0.10000 3 195 2 0.500853 0.472051
16 0.08222 3 164 2 0.500259 0.470869
17 0.00600 6 173 2 0.500141 0.470574
18 0.08222 7 6 2 0.500809 0.471645
19 0.00800 3 53 2 0.440167 0.420135
20 0.00700 5 173 2 0.500359 0.470741
21 0.02889 6 31 2 0.500238 0.470674
22 0.10000 7 59 2 0.502569 0.472605
23 0.06444 6 144 2 0.500942 0.472393
24 0.04667 5 9 2 0.500916 0.470437
25 0.08222 1 96 2 0.463727 0.439077
26 0.00010 7 121 2 0.500093 0.470686
27 0.12000 2 100 2 0.501288 0.471089
28 0.06444 2 32 2 0.464205 0.439774
29 0.04667 7 15 2 0.500170 0.470906
30 0.00700 1 137 2 0.429818 0.417514
31 0.02000 1 87 2 0.430433 0.424524
32 0.00010 6 127 2 0.480591 0.462615
33 0.12000 6 73 2 0.501431 0.472073
34 0.00700 4 61 2 0.441182 0.418948
35 0.00800 1 155 2 0.435757 0.420901
36 0.11000 6 200 2 0.500881 0.471355
37 0.10000 7 92 2 0.501553 0.472034
38 0.01000 3 75 2 0.500244 0.470784
39 0.02889 7 30 2 0.500826 0.471731
40 0.00800 2 107 2 0.441551 0.420168
41 0.00200 1 197 2 0.420519 0.414135
42 0.02889 4 33 2 0.500584 0.470875
43 0.11000 3 168 2 0.500538 0.470735
44 0.12000 4 178 2 0.502812 0.473772
45 0.08222 2 140 2 0.501198 0.472796
46 0.01000 7 159 2 0.500534 0.471214
47 0.00050 1 97 2 0.432181 0.418775
48 0.06444 6 24 2 0.501297 0.472156
49 0.02889 6 85 2 0.500348 0.470938
50 0.00200 1 60 2 0.422308 0.416920
51 0.00700 7 86 2 0.500078 0.470633
52 0.07333 5 151 2 0.503136 0.475728
53 0.03778 1 97 2 0.445507 0.426587
54 0.07333 1 200 2 0.464193 0.437865
55 0.10000 2 127 2 0.501287 0.472069
56 0.08222 6 78 2 0.500876 0.471421
57 0.00800 6 97 2 0.500308 0.470766
58 0.01000 7 111 2 0.500301 0.470770
59 0.04667 1 37 2 0.433165 0.425629
60 0.00700 7 187 2 0.500279 0.471007
61 0.04667 7 142 2 0.501007 0.471284
62 0.01000 6 63 2 0.500329 0.470710
63 0.05556 4 56 2 0.501200 0.472688
64 0.02000 6 187 2 0.500887 0.471993
65 0.00050 5 104 2 0.464492 0.441624
66 0.00700 4 14 2 0.440996 0.419577
67 0.00100 6 187 2 0.500170 0.477888
68 0.08222 5 87 2 0.501288 0.472147
69 0.01000 3 38 2 0.442189 0.421617
70 0.08222 4 170 2 0.500437 0.470703
71 0.00900 4 134 2 0.500296 0.471091
72 0.00800 4 28 2 0.441934 0.421177
73 0.08222 2 168 2 0.500955 0.471107
74 0.00010 5 157 2 0.480596 0.443834
75 0.08222 4 109 2 0.509722 0.480018
76 0.00200 3 66 2 0.424782 0.420187
77 0.09111 1 47 2 0.462720 0.435234
78 0.01000 2 123 2 0.441932 0.419998
79 0.08222 5 50 2 0.501439 0.473602
80 0.08222 3 58 2 0.502109 0.471527
81 0.00900 2 130 2 0.428407 0.420621
82 0.00500 3 97 2 0.439508 0.417312
83 0.07333 6 116 2 0.500668 0.470699
84 0.02000 3 107 2 0.471443 0.444949
85 0.00100 6 129 2 0.500125 0.470887
86 0.00400 5 198 2 0.500140 0.470777
87 0.08222 4 21 2 0.500350 0.471517
88 0.00600 2 39 2 0.425181 0.416894
89 0.00900 2 130 2 0.434175 0.420120
90 0.02000 7 123 2 0.500236 0.471347
91 0.00800 2 156 2 0.424074 0.421439
92 0.00300 6 97 2 0.500318 0.470806
93 0.00100 2 72 2 0.418945 0.413061
94 0.00300 5 26 2 0.440707 0.419791
95 0.00700 6 192 2 0.500325 0.470803
96 0.00100 3 35 2 0.422972 0.417248
97 0.04667 6 33 2 0.501185 0.470958
98 0.05556 2 129 2 0.501071 0.470800
99 0.00700 7 169 2 0.500194 0.471087
100 0.02000 7 126 2 0.500412 0.471574
101 0.11000 2 157 2 0.500450 0.470659
102 0.00800 5 25 2 0.445802 0.425043
103 0.00050 4 18 2 0.425263 0.421433
104 0.07333 2 189 2 0.501403 0.472773
105 0.00500 5 166 2 0.500143 0.470583
106 0.12000 2 167 2 0.500781 0.471216
107 0.00010 6 94 2 0.463165 0.444698
108 0.02889 3 45 2 0.501082 0.472565
109 0.00900 4 69 2 0.500151 0.470551
110 0.12000 5 77 2 0.501086 0.470821
