112.08 -411.37 0.48487 0.32414 73 -78 0 0.4 112.08 -411.37 0.48487 0.32414 73 -78
112.08 -411.37 0.48487 0.32414 73 -78 0 0.4 111.08 -410.38 0.48487 0.32414 73 -77
111.08 -410.38 0.48487 0.32414 73 -77 0 0.4 111.08 -410.38 0.48487 0.32414 73 -77
111.08 -410.38 0.48487 0.32414 73 -77 0 0.4 111.08 -410.38 0.48487 0.32414 73 -77
111.08 -410.38 0.48487 0.32414 73 -77 0 0.4 111.08 -410.38 0.48487 0.32414 74 -77
111.08 -410.38 0.48487 0.32414 74 -77 0 0.4 111.46 -410.76 0.48487 0.32414 74 -77
111.46 -410.76 0.48487 0.32414 74 -77 0 0.4 111.46 -410.76 0.48487 0.32414 74 -77
111.46 -410.76 0.48487 0.32414 74 -77 0 0.4 111.46 -410.6 0.48487 0.32414 74 -82
111.46 -410.6 0.48487 0.32414 74 -82 0 0.4 111.54 -410.6 0.48487 0.32414 74 -82
111.54 -410.6 0.48487 0.32414 74 -82 0 0.4 111.62 -410.6 0.48487 0.32414 74 -82
111.62 -410.6 0.48487 0.32414 74 -82 0 0.4 111.69 -410.6 0.48487 0.32414 74 -78
111.69 -410.6 0.48487 0.32466 74 -78 0 0.4 111.77 -410.6 0.48487 0.32466 74 -78
111.77 -410.6 0.48487 0.32466 74 -78 0 0.4 111.85 -410.6 0.48487 0.32466 74 -78
111.85 -410.6 0.48487 0.32466 74 -78 0 0.4 112 -410.6 0.48487 0.32466 73 -93
112 -410.6 0.48487 0.3262 73 -93 0 0.4 112.16 -410.6 0.48487 0.3262 73 -93
112.16 -410.6 0.48487 0.3262 73 -93 0 0.4 112.31 -410.6 0.48487 0.3262 73 -93
112.31 -410.6 0.48487 0.3262 73 -93 0 0.4 112.38 -410.44 0.48487 0.3262 73 -84
112.38 -410.44 0.48487 0.32594 73 -84 0 0.4 112.46 -410.29 0.48487 0.32594 73 -84
112.46 -410.29 0.48487 0.32594 73 -84 0 0.4 112.54 -410.13 0.48487 0.32594 74 -87
112.54 -410.13 0.48487 0.328 74 -87 0 0.4 112.61 -409.98 0.48487 0.328 74 -87
112.61 -409.98 0.48487 0.328 74 -87 0 0.4 112.77 -409.98 0.48487 0.328 74 -87
112.77 -409.98 0.48487 0.328 74 -87 0 0.4 112.92 -409.98 0.48487 0.328 74 -95
112.92 -409.98 0.48487 0.32903 74 -95 0 0.4 113.07 -409.97 0.48487 0.32903 74 -95
113.07 -409.97 0.48487 0.32903 74 -95 0 0.4 113.23 -409.97 0.48487 0.32903 74 -95
113.23 -409.97 0.48487 0.32903 74 -95 0 0.4 113.38 -409.97 0.48487 0.32903 74 -97
113.38 -409.97 0.48487 0.32954 74 -97 0 0.4 113.53 -409.89 0.48487 0.32954 74 -97
113.53 -409.89 0.48487 0.32954 74 -97 0 0.4 113.61 -409.82 0.48487 0.32954 74 -97
113.61 -409.82 0.48487 0.32954 74 -97 0 0.4 113.76 -409.74 0.48487 0.32954 73 -103
113.76 -409.74 0.48487 0.33108 73 -103 0 0.4 113.84 -409.66 0.48487 0.33108 73 -103
113.84 -409.66 0.48487 0.33108 73 -103 0 0.4 113.99 -409.66 0.48487 0.33108 73 -103
113.99 -409.66 0.48487 0.33108 73 -103 0 0.4 114.22 -409.66 0.48487 0.33108 73 -99
114.22 -409.66 0.48487 0.33108 73 -99 0 0.4 114.45 -409.58 0.48487 0.33108 73 -99
114.45 -409.58 0.48487 0.33108 73 -99 0 0.4 114.68 -409.5 0.48487 0.33108 73 -99
114.68 -409.5 0.48487 0.33108 73 -99 0 0.4 114.84 -409.42 0.48487 0.33108 73 -116
114.84 -409.42 0.48487 0.33288 73 -116 0 0.4 114.99 -409.34 0.48487 0.33288 73 -116
114.99 -409.34 0.48487 0.33288 73 -116 0 0.4 115.14 -409.19 0.48487 0.33288 73 -116
115.14 -409.19 0.48487 0.33288 73 -116 0 0.4 115.3 -409.11 0.48487 0.33288 74 -103
115.3 -409.11 0.48487 0.33417 74 -103 0 0.4 115.53 -408.95 0.48487 0.33417 74 -103
115.53 -408.95 0.48487 0.33417 74 -103 0 0.4 115.68 -408.87 0.48487 0.33417 74 -103
115.68 -408.87 0.48487 0.33417 74 -103 0 0.4 115.91 -408.8 0.48487 0.33417 74 -122
115.91 -408.8 0.48487 0.3352 74 -122 0 0.4 116.06 -408.79 0.48487 0.3352 74 -122
116.06 -408.79 0.48487 0.3352 74 -122 0 0.4 116.29 -408.79 0.48487 0.3352 74 -122
116.29 -408.79 0.48487 0.3352 74 -122 0 0.4 116.52 -408.71 0.48487 0.3352 73 -122
116.52 -408.71 0.48487 0.33674 73 -122 0 0.4 116.68 -408.56 0.48487 0.33674 73 -122
116.68 -408.56 0.48487 0.33674 73 -122 0 0.4 116.83 -408.48 0.48487 0.33674 73 -121
116.83 -408.48 0.48487 0.337 73 -121 0 0.4 116.98 -408.48 0.48487 0.337 73 -121
116.98 -408.48 0.48487 0.337 73 -121 0 0.4 117.14 -408.4 0.48487 0.337 73 -121
117.14 -408.4 0.48487 0.337 73 -121 0 0.4 117.37 -408.32 0.48487 0.337 73 -123
117.37 -408.32 0.48487 0.33803 73 -123 0 0.4 117.6 -408.32 0.48487 0.33803 73 -123
117.6 -408.32 0.48487 0.33803 73 -123 0 0.4 117.83 -408.24 0.48487 0.33803 73 -123
117.83 -408.24 0.48487 0.33803 73 -123 0 0.4 117.98 -408.24 0.48487 0.33803 73 -128
117.98 -408.24 0.48487 0.33828 73 -128 0 0.4 118.29 -408.16 0.48487 0.33828 73 -128
118.29 -408.16 0.48487 0.33828 73 -128 0 0.4 118.52 -408 0.48487 0.33828 73 -128
118.52 -408 0.48487 0.33828 73 -128 0 0.4 118.82 -407.85 0.48487 0.33828 74 -128
118.82 -407.85 0.48487 0.33982 74 -128 0 0.4 119.05 -407.61 0.48487 0.33982 74 -128
119.05 -407.61 0.48487 0.33982 74 -128 0 0.4 119.28 -407.46 0.48487 0.33982 74 -128
119.28 -407.46 0.48487 0.33982 74 -128 0 0.4 119.51 -407.46 0.48487 0.33982 73 -123
119.51 -407.46 0.48487 0.34111 73 -123 0 0.4 119.74 -407.45 0.48487 0.34111 73 -123
119.74 -407.45 0.48487 0.34111 73 -123 0 0.4 120.05 -407.3 0.48487 0.34111 73 -124
120.05 -407.3 0.48487 0.34188 73 -124 0 0.4 120.36 -407.22 0.48487 0.34188 73 -124
120.36 -407.22 0.48487 0.34188 73 -124 0 0.4 120.59 -407.06 0.48487 0.34188 73 -124
120.59 -407.06 0.48487 0.34188 73 -124 0 0.4 120.82 -406.98 0.48487 0.34188 74 -128
120.82 -406.98 0.48487 0.34368 74 -128 0 0.4 121.05 -406.9 0.48487 0.34368 74 -128
121.05 -406.9 0.48487 0.34368 74 -128 0 0.4 121.28 -406.75 0.48487 0.34368 74 -128
121.28 -406.75 0.48487 0.34368 74 -128 0 0.4 121.51 -406.75 0.48487 0.34368 73 -114
121.51 -406.75 0.48487 0.34368 73 -114 0 0.4 121.66 -406.67 0.48487 0.34368 73 -114
121.66 -406.67 0.48487 0.34368 73 -114 0 0.4 121.89 -406.59 0.48487 0.34368 73 -114
121.89 -406.59 0.48487 0.34368 73 -114 0 0.4 122.2 -406.59 0.48487 0.34368 73 -134
122.2 -406.59 0.48487 0.34548 73 -134 0 0.4 122.43 -406.59 0.48487 0.34548 73 -134
122.43 -406.59 0.48487 0.34548 73 -134 0 0.4 122.66 -406.51 0.48487 0.34548 73 -134
122.66 -406.51 0.48487 0.34548 73 -134 0 0.4 122.89 -406.43 0.48487 0.34548 74 -127
122.89 -406.43 0.48487 0.34548 74 -127 0 0.4 123.04 -406.43 0.48487 0.34548 74 -127
123.04 -406.43 0.48487 0.34548 74 -127 0 0.4 123.27 -406.35 0.48487 0.34548 75 -135
123.27 -406.35 0.48487 0.34753 75 -135 0 0.4 123.43 -406.27 0.48487 0.34753 75 -135
123.43 -406.27 0.48487 0.34753 75 -135 0 0.4 123.66 -406.19 0.48487 0.34753 75 -135
123.66 -406.19 0.48487 0.34753 75 -135 0 0.4 123.96 -406.03 0.48487 0.34753 73 -136
123.96 -406.03 0.48487 0.34908 73 -136 0 0.4 124.35 -406.03 0.48487 0.34908 73 -136
124.35 -406.03 0.48487 0.34908 73 -136 0 0.4 124.65 -405.87 0.48487 0.34908 73 -136
124.65 -405.87 0.48487 0.34908 73 -136 0 0.4 125.04 -405.87 0.48487 0.34908 74 -136
125.04 -405.87 0.48487 0.34985 74 -136 0 0.4 125.27 -405.79 0.48487 0.34985 74 -136
125.27 -405.79 0.48487 0.34985 74 -136 0 0.4 125.42 -405.64 0.48487 0.34985 74 -136
125.42 -405.64 0.48487 0.34985 74 -136 0 0.4 125.65 -405.48 0.48487 0.34985 73 -135
125.65 -405.48 0.48487 0.35165 73 -135 0 0.4 125.96 -405.4 0.48487 0.35165 73 -135
125.96 -405.4 0.48487 0.35165 73 -135 0 0.4 126.26 -405.32 0.48487 0.35165 73 -135
126.26 -405.32 0.48487 0.35165 73 -135 0 0.4 126.57 -405.16 0.48487 0.35165 73 -139
126.57 -405.16 0.48487 0.35165 73 -139 0 0.4 126.8 -405.09 0.48487 0.35165 73 -139
126.8 -405.09 0.48487 0.35165 73 -139 0 0.4 127.18 -405.01 0.48487 0.35165 73 -139
127.18 -405.01 0.48487 0.35165 73 -139 0 0.4 127.49 -404.93 0.48487 0.35165 73 -146
127.49 -404.93 0.48487 0.35319 73 -146 0 0.4 127.72 -404.92 0.48487 0.35319 73 -146
127.72 -404.92 0.48487 0.35319 73 -146 0 0.4 127.88 -404.85 0.48487 0.35319 73 -146
127.88 -404.85 0.48487 0.35319 73 -146 0 0.4 128.1 -404.69 0.48487 0.35319 73 -148
128.1 -404.69 0.48487 0.35422 73 -148 0 0.4 128.33 -404.53 0.48487 0.35422 73 -148
128.33 -404.53 0.48487 0.35422 73 -148 0 0.4 128.56 -404.38 0.48487 0.35422 73 -148
128.56 -404.38 0.48487 0.35422 73 -148 0 0.4 128.87 -404.22 0.48487 0.35422 73 -148
128.87 -404.22 0.48487 0.35473 73 -148 0 0.4 129.18 -404.14 0.48487 0.35473 73 -148
129.18 -404.14 0.48487 0.35473 73 -148 0 0.4 129.41 -403.99 0.48487 0.35473 73 -151
129.41 -403.99 0.48487 0.35679 73 -151 0 0.4 129.64 -403.83 0.48487 0.35679 73 -151
129.64 -403.83 0.48487 0.35679 73 -151 0 0.4 129.87 -403.75 0.48487 0.35679 73 -151
129.87 -403.75 0.48487 0.35679 73 -151 0 0.4 130.1 -403.67 0.48487 0.35679 74 -142
130.1 -403.67 0.48487 0.35679 74 -142 0 0.4 130.33 -403.52 0.48487 0.35679 74 -142
130.33 -403.52 0.48487 0.35679 74 -142 0 0.4 130.55 -403.28 0.48487 0.35679 74 -142
130.55 -403.28 0.48487 0.35679 74 -142 0 0.4 130.78 -403.13 0.48487 0.35679 73 -154
130.78 -403.13 0.48487 0.35833 73 -154 0 0.4 131.01 -402.97 0.48487 0.35833 73 -154
131.01 -402.97 0.48487 0.35833 73 -154 0 0.4 131.17 -402.97 0.48487 0.35833 73 -154
131.17 -402.97 0.48487 0.35833 73 -154 0 0.4 131.32 -402.97 0.48487 0.35833 73 -153
131.32 -402.97 0.48487 0.35962 73 -153 0 0.4 131.55 -402.81 0.48487 0.35962 73 -153
131.55 -402.81 0.48487 0.35962 73 -153 0 0.4 131.86 -402.73 0.48487 0.35962 73 -153
131.86 -402.73 0.48487 0.35962 73 -153 0 0.4 132.09 -402.58 0.48487 0.35962 73 -164
132.09 -402.58 0.48487 0.35987 73 -164 0 0.4 132.32 -402.5 0.48487 0.35987 73 -164
132.32 -402.5 0.48487 0.35987 73 -164 0 0.4 132.55 -402.42 0.48487 0.35987 73 -164
132.55 -402.42 0.48487 0.35987 73 -164 0 0.4 132.78 -402.34 0.48487 0.35987 73 -170
132.78 -402.34 0.48487 0.36167 73 -170 0 0.4 133.08 -402.26 0.48487 0.36167 73 -170
133.08 -402.26 0.48487 0.36167 73 -170 0 0.4 133.31 -402.26 0.48487 0.36167 73 -170
133.31 -402.26 0.48487 0.36167 73 -170 0 0.4 133.54 -402.18 0.48487 0.36167 73 -158
133.54 -402.18 0.48487 0.36193 73 -158 0 0.4 133.93 -401.95 0.48487 0.36193 73 -158
133.93 -401.95 0.48487 0.36193 73 -158 0 0.4 134.23 -401.71 0.48487 0.36193 73 -158
134.23 -401.71 0.48487 0.36193 73 -158 0 0.4 134.54 -401.48 0.48487 0.36193 75 -157
134.54 -401.48 0.48487 0.36399 75 -157 0 0.4 134.92 -401.32 0.48487 0.36399 75 -157
134.92 -401.32 0.48487 0.36399 75 -157 0 0.4 135.23 -401.32 0.48487 0.36399 75 -157
135.23 -401.32 0.48487 0.36399 75 -157 0 0.4 135.46 -401.24 0.48487 0.36399 74 -163
135.46 -401.24 0.48487 0.36579 74 -163 0 0.4 135.69 -401.16 0.48487 0.36579 74 -163
135.69 -401.16 0.48487 0.36579 74 -163 0 0.4 136 -401.08 0.48487 0.36579 74 -163
136 -401.08 0.48487 0.36579 74 -163 0 0.4 136.3 -400.93 0.48487 0.36579 73 -178
136.3 -400.93 0.48487 0.36579 73 -178 0 0.4 136.69 -400.77 0.48487 0.36579 73 -178
136.69 -400.77 0.48487 0.36579 73 -178 0 0.4 136.99 -400.61 0.48487 0.36579 73 -178
136.99 -400.61 0.48487 0.36579 73 -178 0 0.4 137.3 -400.38 0.48487 0.36579 74 -170
137.3 -400.38 0.48487 0.36733 74 -170 0 0.4 137.68 -400.3 0.48487 0.36733 74 -170
137.68 -400.3 0.48487 0.36733 74 -170 0 0.4 137.91 -400.22 0.48487 0.36733 74 -170
137.91 -400.22 0.48487 0.36733 74 -170 0 0.4 138.22 -400.06 0.48487 0.36733 74 -157
138.22 -400.06 0.48487 0.36887 74 -157 0 0.4 138.6 -399.91 0.48487 0.36887 74 -157
138.6 -399.91 0.48487 0.36887 74 -157 0 0.4 138.91 -399.67 0.48487 0.36887 74 -157
138.91 -399.67 0.48487 0.36887 74 -157 0 0.4 139.21 -399.52 0.48487 0.36887 73 -172
139.21 -399.52 0.48487 0.3699 73 -172 0 0.4 139.52 -399.44 0.48487 0.3699 73 -172
139.52 -399.44 0.48487 0.3699 73 -172 0 0.4 139.83 -399.36 0.48487 0.3699 73 -172
139.83 -399.36 0.48487 0.3699 73 -172 0 0.4 140.13 -399.2 0.48487 0.3699 74 -166
140.13 -399.2 0.48487 0.37093 74 -166 0 0.4 140.44 -399.04 0.48487 0.37093 74 -166
140.44 -399.04 0.48487 0.37093 74 -166 0 0.4 140.67 -398.89 0.48487 0.37093 73 -166
140.67 -398.89 0.48487 0.37118 73 -166 0 0.4 140.9 -398.66 0.48487 0.37118 73 -166
140.9 -398.66 0.48487 0.37118 73 -166 0 0.4 141.21 -398.58 0.48487 0.37118 73 -166
141.21 -398.58 0.48487 0.37118 73 -166 0 0.4 141.43 -398.34 0.48487 0.37118 73 -170
141.43 -398.34 0.48487 0.37273 73 -170 0 0.4 141.66 -398.19 0.48487 0.37273 73 -170
141.66 -398.19 0.48487 0.37273 73 -170 0 0.4 141.97 -398.18 0.48487 0.37273 73 -170
141.97 -398.18 0.48487 0.37273 73 -170 0 0.4 142.2 -398.11 0.48487 0.37273 75 -180
142.2 -398.11 0.48487 0.37427 75 -180 0 0.4 142.35 -397.95 0.48487 0.37427 75 -180
142.35 -397.95 0.48487 0.37427 75 -180 0 0.4 142.51 -397.72 0.48487 0.37427 75 -180
142.51 -397.72 0.48487 0.37427 75 -180 0 0.4 142.66 -397.49 0.48487 0.37427 76 -161
142.66 -397.49 0.48487 0.37427 76 -161 0 0.4 143.04 -397.18 0.48487 0.37427 76 -161
143.04 -397.18 0.48487 0.37427 76 -161 0 0.4 143.35 -396.86 0.48487 0.37427 76 -161
143.35 -396.86 0.48487 0.37427 76 -161 0 0.4 143.65 -396.63 0.48487 0.37427 73 -175
143.65 -396.63 0.48487 0.37607 73 -175 0 0.4 143.96 -396.4 0.48487 0.37607 73 -175
143.96 -396.4 0.48487 0.37607 73 -175 0 0.4 144.19 -396.32 0.48487 0.37607 73 -175
144.19 -396.32 0.48487 0.37607 73 -175 0 0.4 144.34 -396.16 0.48487 0.37607 76 -172
144.34 -396.16 0.48487 0.37761 76 -172 0 0.4 144.72 -396.08 0.48487 0.37761 76 -172
144.72 -396.08 0.48487 0.37761 76 -172 0 0.4 145.11 -396 0.48487 0.37761 76 -172
145.11 -396 0.48487 0.37761 76 -172 0 0.4 145.41 -395.85 0.48487 0.37761 76 -169
145.41 -395.85 0.48487 0.37838 76 -169 0 0.4 145.72 -395.77 0.48487 0.37838 76 -169
145.72 -395.77 0.48487 0.37838 76 -169 0 0.4 146.1 -395.76 0.48487 0.37838 76 -169
146.1 -395.76 0.48487 0.37838 76 -169 0 0.4 146.49 -395.76 0.48487 0.37838 75 -181
146.49 -395.76 0.48461 0.38018 75 -181 0 0.4 146.87 -395.76 0.48461 0.38018 75 -181
146.87 -395.76 0.48461 0.38018 75 -181 0 0.4 147.03 -395.83 0.48461 0.38018 75 -181
147.03 -395.83 0.48461 0.38018 75 -181 0 0.4 147.18 -395.91 0.48461 0.38018 74 -186
147.18 -395.91 0.48487 0.38044 74 -186 0 0.4 147.41 -395.83 0.48487 0.38044 74 -186
147.41 -395.83 0.48487 0.38044 74 -186 0 0.4 147.64 -395.75 0.48487 0.38044 74 -186
147.64 -395.75 0.48487 0.38044 74 -186 0 0.4 147.95 -395.59 0.48487 0.38044 74 -186
147.95 -395.59 0.48461 0.38224 74 -186 0 0.4 148.26 -395.44 0.48461 0.38224 74 -186
148.26 -395.44 0.48461 0.38224 74 -186 0 0.4 148.33 -395.28 0.48461 0.38224 74 -186
148.33 -395.28 0.48461 0.38224 74 -186 0 0.4 148.41 -395.13 0.48461 0.38224 74 -181
148.41 -395.13 0.48461 0.38352 74 -181 0 0.4 148.64 -394.9 0.48461 0.38352 74 -181
148.64 -394.9 0.48461 0.38352 74 -181 0 0.4 148.86 -394.66 0.48461 0.38352 74 -181
148.86 -394.66 0.48461 0.38352 74 -181 0 0.4 149.09 -394.43 0.48461 0.38352 75 -166
149.09 -394.43 0.48487 0.38378 75 -166 0 0.4 149.32 -394.2 0.48487 0.38378 75 -166
149.32 -394.2 0.48487 0.38378 75 -166 0 0.4 149.63 -393.89 0.48487 0.38378 75 -166
149.63 -393.89 0.48487 0.38378 75 -166 0 0.4 149.93 -393.58 0.48487 0.38378 77 -185
149.93 -393.58 0.48487 0.38558 77 -185 0 0.4 150.24 -393.27 0.48487 0.38558 77 -185
150.24 -393.27 0.48487 0.38558 77 -185 0 0.4 150.47 -393.11 0.48487 0.38558 77 -185
150.47 -393.11 0.48487 0.38558 77 -185 0 0.4 150.7 -392.95 0.48487 0.38558 74 -192
150.7 -392.95 0.48487 0.38661 74 -192 0 0.4 151 -392.8 0.48487 0.38661 74 -192
151 -392.8 0.48487 0.38661 74 -192 0 0.4 151.31 -392.57 0.48487 0.38661 75 -192
151.31 -392.57 0.48461 0.38687 75 -192 0 0.4 151.61 -392.33 0.48461 0.38687 75 -192
151.61 -392.33 0.48461 0.38687 75 -192 0 0.4 152 -392.1 0.48461 0.38687 75 -192
152 -392.1 0.48461 0.38687 75 -192 0 0.4 152.23 -391.94 0.48461 0.38687 75 -185
152.23 -391.94 0.48487 0.38892 75 -185 0 0.4 152.46 -391.79 0.48487 0.38892 75 -185
152.46 -391.79 0.48487 0.38892 75 -185 0 0.4 152.68 -391.63 0.48487 0.38892 75 -185
152.68 -391.63 0.48487 0.38892 75 -185 0 0.4 152.91 -391.32 0.48487 0.38892 74 -185
152.91 -391.32 0.48461 0.38892 74 -185 0 0.4 153.14 -391.16 0.48461 0.38892 74 -185
153.14 -391.16 0.48461 0.38892 74 -185 0 0.4 153.45 -390.93 0.48461 0.38892 74 -185
153.45 -390.93 0.48461 0.38892 74 -185 0 0.4 153.75 -390.7 0.48461 0.38892 75 -181
153.75 -390.7 0.48461 0.39072 75 -181 0 0.4 154.06 -390.46 0.48461 0.39072 75 -181
154.06 -390.46 0.48461 0.39072 75 -181 0 0.4 154.36 -390.23 0.48461 0.39072 75 -181
154.36 -390.23 0.48461 0.39072 75 -181 0 0.4 154.59 -390 0.48461 0.39072 77 -178
154.59 -390 0.48487 0.39329 77 -178 0 0.4 154.9 -389.84 0.48487 0.39329 77 -178
154.9 -389.84 0.48487 0.39329 77 -178 0 0.4 155.21 -389.61 0.48487 0.39329 77 -178
155.21 -389.61 0.48487 0.39329 77 -178 0 0.4 155.44 -389.45 0.48487 0.39329 74 -191
155.44 -389.45 0.48461 0.39329 74 -191 0 0.4 155.66 -389.3 0.48461 0.39329 74 -191
155.66 -389.3 0.48461 0.39329 74 -191 0 0.4 155.89 -389.14 0.48461 0.39329 74 -191
155.89 -389.14 0.48461 0.39329 74 -191 0 0.4 156.2 -388.91 0.48461 0.39329 79 -185
156.2 -388.91 0.48487 0.39509 79 -185 0 0.4 156.51 -388.75 0.48487 0.39509 79 -185
156.51 -388.75 0.48487 0.39509 79 -185 0 0.4 156.73 -388.52 0.48487 0.39509 79 -185
156.73 -388.52 0.48487 0.39509 79 -185 0 0.4 156.89 -388.36 0.48487 0.39509 77 -190
156.89 -388.36 0.48487 0.39535 77 -190 0 0.4 157.19 -388.28 0.48487 0.39535 77 -190
157.19 -388.28 0.48487 0.39535 77 -190 0 0.4 157.42 -388.05 0.48487 0.39535 77 -190
157.42 -388.05 0.48487 0.39535 77 -190 0 0.4 157.65 -387.82 0.48487 0.39535 74 -191
157.65 -387.82 0.48487 0.39638 74 -191 0 0.4 157.96 -387.66 0.48487 0.39638 74 -191
157.96 -387.66 0.48487 0.39638 74 -191 0 0.4 158.26 -387.35 0.48487 0.39638 74 -191
158.26 -387.35 0.48487 0.39638 74 -191 0 0.4 158.57 -387.19 0.48487 0.39638 77 -185
158.57 -387.19 0.48487 0.39843 77 -185 0 0.4 158.88 -386.96 0.48487 0.39843 77 -185
158.88 -386.96 0.48487 0.39843 77 -185 0 0.4 159.26 -386.73 0.48487 0.39843 77 -185
159.26 -386.73 0.48487 0.39843 77 -185 0 0.4 159.64 -386.49 0.48487 0.39843 76 -191
159.64 -386.49 0.48461 0.39869 76 -191 0 0.4 159.87 -386.26 0.48461 0.39869 76 -191
159.87 -386.26 0.48461 0.39869 76 -191 0 0.4 160.18 -386.1 0.48461 0.39869 77 -197
160.18 -386.1 0.48461 0.40023 77 -197 0 0.4 160.56 -385.87 0.48461 0.40023 77 -197
160.56 -385.87 0.48461 0.40023 77 -197 0 0.4 160.94 -385.64 0.48461 0.40023 77 -197
160.94 -385.64 0.48461 0.40023 77 -197 0 0.4 161.17 -385.33 0.48461 0.40023 77 -195
161.17 -385.33 0.48461 0.40049 77 -195 0 0.4 161.4 -385.17 0.48461 0.40049 77 -195
161.4 -385.17 0.48461 0.40049 77 -195 0 0.4 161.78 -385.01 0.48461 0.40049 77 -195
161.78 -385.01 0.48461 0.40049 77 -195 0 0.4 162.09 -384.78 0.48461 0.40049 75 -197
162.09 -384.78 0.48461 0.40203 75 -197 0 0.4 162.32 -384.7 0.48461 0.40203 75 -197
162.32 -384.7 0.48461 0.40203 75 -197 0 0.4 162.47 -384.47 0.48461 0.40203 75 -197
162.47 -384.47 0.48461 0.40203 75 -197 0 0.4 162.7 -384.24 0.48461 0.40203 76 -191
162.7 -384.24 0.48461 0.40409 76 -191 0 0.4 162.85 -384 0.48461 0.40409 76 -191
162.85 -384 0.48461 0.40409 76 -191 0 0.4 163 -383.77 0.48461 0.40409 76 -191
163 -383.77 0.48461 0.40409 76 -191 0 0.4 163.23 -383.62 0.48461 0.40409 75 -203
163.23 -383.62 0.48461 0.40434 75 -203 0 0.4 163.38 -383.38 0.48461 0.40434 75 -203
163.38 -383.38 0.48461 0.40434 75 -203 0 0.4 163.54 -383.23 0.48461 0.40434 75 -203
163.54 -383.23 0.48461 0.40434 75 -203 0 0.4 163.69 -383.07 0.48461 0.40434 77 -193
163.69 -383.07 0.48461 0.40563 77 -193 0 0.4 163.84 -382.92 0.48461 0.40563 77 -193
163.84 -382.92 0.48461 0.40563 77 -193 0 0.4 164.07 -382.76 0.48461 0.40563 77 -193
164.07 -382.76 0.48461 0.40563 77 -193 0 0.4 164.15 -382.61 0.48461 0.40563 77 -200
164.15 -382.61 0.48461 0.40589 77 -200 0 0.4 164.22 -382.45 0.48461 0.40589 77 -200
164.22 -382.45 0.48461 0.40589 77 -200 0 0.4 164.37 -382.22 0.48461 0.40589 77 -200
164.37 -382.22 0.48461 0.40589 77 -200 0 0.4 164.6 -381.99 0.48461 0.40589 77 -202
164.6 -381.99 0.48461 0.40717 77 -202 0 0.4 164.75 -381.83 0.48461 0.40717 77 -202
164.75 -381.83 0.48461 0.40717 77 -202 0 0.4 164.98 -381.6 0.48461 0.40717 78 -197
164.98 -381.6 0.48487 0.40897 78 -197 0 0.4 165.21 -381.37 0.48487 0.40897 78 -197
165.21 -381.37 0.48487 0.40897 78 -197 0 0.4 165.44 -381.13 0.48487 0.40897 78 -197
165.44 -381.13 0.48487 0.40897 78 -197 0 0.4 165.67 -380.98 0.48487 0.40897 78 -207
165.67 -380.98 0.48461 0.40948 78 -207 0 0.4 165.98 -380.75 0.48461 0.40948 78 -207
165.98 -380.75 0.48461 0.40948 78 -207 0 0.4 166.28 -380.51 0.48461 0.40948 78 -207
166.28 -380.51 0.48461 0.40948 78 -207 0 0.4 166.59 -380.2 0.48461 0.40948 78 -196
166.59 -380.2 0.48461 0.41154 78 -196 0 0.4 166.89 -379.89 0.48461 0.41154 78 -196
166.89 -379.89 0.48461 0.41154 78 -196 0 0.4 167.2 -379.58 0.48461 0.41154 78 -196
167.2 -379.58 0.48461 0.41154 78 -196 0 0.4 167.5 -379.27 0.48461 0.41154 78 -182
167.5 -379.27 0.48461 0.41154 78 -182 0 0.4 167.81 -379.04 0.48461 0.41154 78 -182
167.81 -379.04 0.48461 0.41154 78 -182 0 0.4 168.11 -378.88 0.48461 0.41154 78 -182
168.11 -378.88 0.48461 0.41154 78 -182 0 0.4 168.42 -378.65 0.48461 0.41154 78 -190
168.42 -378.65 0.48461 0.41385 78 -190 0 0.4 168.65 -378.41 0.48461 0.41385 78 -190
168.65 -378.41 0.48461 0.41385 78 -190 0 0.4 168.88 -378.18 0.48461 0.41385 78 -190
168.88 -378.18 0.48461 0.41385 78 -190 0 0.4 169.11 -377.95 0.48461 0.41385 78 -194
169.11 -377.95 0.48461 0.41514 78 -194 0 0.4 169.33 -377.72 0.48461 0.41514 78 -194
169.33 -377.72 0.48461 0.41514 78 -194 0 0 169.49 -377.48 0.48461 0.41514 77 -195
169.49 -377.48 0.48487 0.41514 77 -195 0 0 169.64 -377.25 0.48487 0.41514 77 -195
169.64 -377.25 0.48487 0.41514 77 -195 0 0 169.79 -377.1 0.48487 0.41514 77 -195
169.79 -377.1 0.48487 0.41514 77 -195 0 0 169.94 -376.94 0.48487 0.41514 78 -196
169.94 -376.94 0.48461 0.4172 78 -196 0 0 170.1 -376.79 0.48461 0.4172 78 -196
170.1 -376.79 0.48461 0.4172 78 -196 0 0 170.25 -376.63 0.48461 0.4172 78 -196
170.25 -376.63 0.48461 0.4172 78 -196 0 0 170.32 -376.48 0.48461 0.4172 78 -189
170.32 -376.48 0.48461 0.4172 78 -189 0 0 170.4 -376.32 0.48461 0.4172 78 -189
170.4 -376.32 0.48461 0.4172 78 -189 0 0 170.47 -376.17 0.48461 0.4172 78 -189
170.47 -376.17 0.48461 0.4172 78 -189 0 0 170.55 -376.09 0.48461 0.4172 77 -196
170.55 -376.09 0.48461 0.41797 77 -196 0 0 170.63 -376.01 0.48461 0.41797 77 -196
170.63 -376.01 0.48461 0.41797 77 -196 0 0 170.7 -375.93 0.48461 0.41797 77 -196
170.7 -375.93 0.48461 0.41797 77 -196 0 0 170.78 -375.86 0.48461 0.41797 78 -196
170.78 -375.86 0.48461 0.41797 78 -196 0 0 170.78 -375.86 0.48461 0.41797 78 -196
170.78 -375.86 0.48461 0.41797 78 -196 0 0 170.78 -375.86 0.48461 0.41797 78 -196
170.78 -375.86 0.48461 0.41797 78 -196 0 0 170.78 -375.86 0.48461 0.41797 78 -195
170.78 -375.86 0.48461 0.41823 78 -195 0 0 170.78 -375.86 0.48461 0.41823 78 -195
170.78 -375.86 0.48461 0.41823 78 -195 0 0 170.78 -375.86 0.48461 0.41823 78 -195
170.78 -375.86 0.48461 0.41823 78 -195 -0.2 0.2 170.78 -375.86 0.48461 0.41823 78 -195
170.78 -375.86 0.48461 0.41823 78 -195 -0.2 0.2 170.78 -375.86 0.48461 0.41823 78 -195
170.78 -375.86 0.48461 0.41823 78 -195 -0.2 0.2 170.78 -375.86 0.48461 0.41823 78 -195
170.78 -375.86 0.48461 0.41823 78 -195 -0.2 0.2 170.78 -375.86 0.48461 0.41823 77 -195
170.78 -375.86 0.48461 0.41823 77 -195 -0.2 0.2 170.78 -375.78 0.48461 0.41823 77 -195
170.78 -375.78 0.48461 0.41823 77 -195 -0.2 0.2 170.85 -375.7 0.48461 0.41823 77 -195
170.85 -375.7 0.48461 0.41823 77 -195 -0.2 0.2 170.93 -375.63 0.48461 0.41823 60 -195
170.93 -375.63 0.48461 0.41823 60 -195 -0.2 0.2 171.01 -375.55 0.48461 0.41823 60 -195
171.01 -375.55 0.48461 0.41823 60 -195 -0.2 0.2 171.08 -375.47 0.48461 0.41823 60 -195
171.08 -375.47 0.48461 0.41823 60 -195 -0.2 0.2 171.16 -375.39 0.48461 0.41823 59 -188
171.16 -375.39 0.48461 0.41925 59 -188 -0.2 0.2 171.24 -375.24 0.48461 0.41925 59 -188
171.24 -375.24 0.48461 0.41925 59 -188 -0.2 0.2 171.31 -375.08 0.48461 0.41925 59 -188
171.31 -375.08 0.48461 0.41925 59 -188 -0.2 0.2 171.39 -374.93 0.48461 0.41925 43 -181
171.39 -374.93 0.48435 0.41925 43 -181 -0.2 0.2 171.54 -374.77 0.48435 0.41925 43 -181
171.54 -374.77 0.48435 0.41925 43 -181 -0.2 0.2 171.77 -374.54 0.48435 0.41925 43 -181
171.77 -374.54 0.48435 0.41925 43 -181 -0.2 0.2 172 -374.39 0.48435 0.41925 38 -181
172 -374.39 0.48409 0.42028 38 -181 -0.2 0.2 172.23 -374.15 0.48409 0.42028 38 -181
172.23 -374.15 0.48409 0.42028 38 -181 -0.2 0.2 172.53 -374 0.48409 0.42028 38 -181
172.53 -374 0.48409 0.42028 38 -181 -0.2 0.2 172.76 -373.84 0.48409 0.42028 41 -188
172.76 -373.84 0.48358 0.42105 41 -188 -0.2 0.2 172.99 -373.61 0.48358 0.42105 41 -188
172.99 -373.61 0.48358 0.42105 41 -188 -0.2 0.2 173.22 -373.45 0.48358 0.42105 41 -188
173.22 -373.45 0.48358 0.42105 41 -188 0 0 173.45 -373.3 0.48358 0.42105 44 -167
173.45 -373.3 0.48281 0.42105 44 -167 0 0 173.68 -373.14 0.48281 0.42105 44 -167
173.68 -373.14 0.48281 0.42105 44 -167 0 0 173.91 -372.91 0.48281 0.42105 44 -167
173.91 -372.91 0.48281 0.42105 44 -167 0 0 174.21 -372.75 0.48281 0.42105 38 -184
174.21 -372.75 0.48281 0.42208 38 -184 0 0 174.44 -372.52 0.48281 0.42208 38 -184
174.44 -372.52 0.48281 0.42208 38 -184 0 0 174.67 -372.36 0.48281 0.42208 38 -184
174.67 -372.36 0.48281 0.42208 38 -184 0 0 174.83 -372.28 0.48281 0.42208 35 -178
174.83 -372.28 0.48204 0.42259 35 -178 0 0 174.98 -372.13 0.48204 0.42259 35 -178
174.98 -372.13 0.48204 0.42259 35 -178 0 0 175.13 -372.05 0.48204 0.42259 35 -178
175.13 -372.05 0.48204 0.42259 35 -178 0 0 175.21 -371.97 0.48204 0.42259 34 -178
175.21 -371.97 0.48204 0.42337 34 -178 0 0 175.28 -371.89 0.48204 0.42337 34 -178
175.28 -371.89 0.48204 0.42337 34 -178 0 0 175.36 -371.89 0.48204 0.42337 34 -178
175.36 -371.89 0.48204 0.42337 34 -178 0 0 175.44 -371.82 0.48204 0.42337 35 -178
175.44 -371.82 0.48204 0.42337 35 -178 0 0 175.51 -371.74 0.48204 0.42337 35 -178
175.51 -371.74 0.48204 0.42337 35 -178 0 0 175.59 -371.58 0.48204 0.42337 35 -178
175.59 -371.58 0.48204 0.42337 35 -178 0 0 175.67 -371.58 0.48204 0.42337 35 -178
175.67 -371.58 0.48204 0.42337 35 -178 0 0 175.66 -371.51 0.48204 0.42337 35 -178
175.66 -371.51 0.48204 0.42337 35 -178 0 0 175.74 -371.51 0.48204 0.42337 35 -178
175.74 -371.51 0.48204 0.42337 35 -178 0 0 175.74 -371.43 0.48204 0.42337 35 -178
175.74 -371.43 0.48204 0.42337 35 -178 0 0 175.74 -371.35 0.48204 0.42337 35 -178
175.74 -371.35 0.48204 0.42337 35 -178 0 0 175.74 -371.28 0.48204 0.42337 34 -178
175.74 -371.28 0.48204 0.42337 34 -178 0 0 175.74 -371.2 0.48204 0.42337 34 -178
175.74 -371.2 0.48204 0.42337 34 -178 0 0 175.74 -371.12 0.48204 0.42337 34 -178
175.74 -371.12 0.48204 0.42337 34 -178 0 0 175.74 -371.04 0.48204 0.42337 35 -178
175.74 -371.04 0.48204 0.42337 35 -178 0 0 175.74 -370.97 0.48204 0.42337 35 -178
175.74 -370.97 0.48204 0.42337 35 -178 0 0 175.74 -370.89 0.48204 0.42337 35 -178
175.74 -370.89 0.48204 0.42337 35 -178 0 0 175.74 -370.74 0.48204 0.42337 35 -178
175.74 -370.74 0.48204 0.42337 35 -178 0 0 175.73 -370.66 0.48204 0.42337 35 -178
175.73 -370.66 0.48204 0.42337 35 -178 0 0 175.73 -370.66 0.48204 0.42337 35 -178
175.73 -370.66 0.48204 0.42337 35 -178 0 0 175.73 -370.66 0.48204 0.42337 35 -178
175.73 -370.66 0.48204 0.42337 35 -178 0 0 175.73 -370.66 0.48204 0.42337 35 -178
175.73 -370.66 0.48204 0.42337 35 -178 -0.4 0 175.81 -370.66 0.48204 0.42337 35 -178
175.81 -370.66 0.48204 0.42337 35 -178 -0.4 0 175.89 -370.66 0.48204 0.42337 34 -177
175.89 -370.66 0.48204 0.42337 34 -177 -0.4 0 175.97 -370.66 0.48204 0.42337 34 -177
175.97 -370.66 0.48204 0.42337 34 -177 -0.4 0 176.04 -370.66 0.48204 0.42337 34 -177
176.04 -370.66 0.48204 0.42337 34 -177 -0.4 0 176.12 -370.66 0.48204 0.42337 35 -178
176.12 -370.66 0.48204 0.42337 35 -178 -0.4 0 176.2 -370.66 0.48204 0.42337 35 -178
176.2 -370.66 0.48204 0.42337 35 -178 -0.4 0 176.35 -370.58 0.48204 0.42337 35 -178
176.35 -370.58 0.48204 0.42337 35 -178 -0.4 0 176.5 -370.5 0.48204 0.42337 35 -178
176.5 -370.5 0.48127 0.42337 35 -178 -0.4 0 176.66 -370.5 0.48127 0.42337 35 -178
176.66 -370.5 0.48127 0.42337 35 -178 -0.4 0 176.81 -370.5 0.48127 0.42337 -3 -178
176.81 -370.5 0.48127 0.42337 -3 -178 -0.4 0 177.04 -370.42 0.48127 0.42337 -3 -178
177.04 -370.42 0.48127 0.42337 -3 -178 -0.4 0 177.27 -370.34 0.48127 0.42337 -3 -178
177.27 -370.34 0.48127 0.42337 -3 -178 -0.4 0 177.5 -370.26 0.48127 0.42337 34 -177
177.5 -370.26 0.47895 0.42337 34 -177 -0.4 0 177.65 -370.18 0.47895 0.42337 34 -177
177.65 -370.18 0.47895 0.42337 34 -177 -0.4 0 177.81 -370.1 0.47895 0.42337 34 -177
177.81 -370.1 0.47895 0.42337 34 -177 -0.4 0 178.04 -369.95 0.47895 0.42337 32 -170
178.04 -369.95 0.47895 0.42362 32 -170 -0.4 0 178.27 -369.79 0.47895 0.42362 32 -170
178.27 -369.79 0.47895 0.42362 32 -170 -0.4 0 178.49 -369.64 0.47895 0.42362 32 -170
178.49 -369.64 0.47895 0.42362 32 -170 -0.4 0 178.72 -369.48 0.47895 0.42362 26 -170
178.72 -369.48 0.47715 0.42362 26 -170 -0.4 0 178.95 -369.4 0.47715 0.42362 26 -170
178.95 -369.4 0.47715 0.42362 26 -170 -0.4 0 179.26 -369.24 0.47715 0.42362 26 -170
179.26 -369.24 0.47715 0.42362 26 -170 -0.4 0 179.64 -369.09 0.47715 0.42362 36 -170
179.64 -369.09 0.47587 0.42362 36 -170 -0.4 0 180.03 -368.93 0.47587 0.42362 36 -170
180.03 -368.93 0.47587 0.42362 36 -170 -0.4 0 180.26 -368.85 0.47587 0.42362 36 -170
180.26 -368.85 0.47587 0.42362 36 -170 -0.4 0 180.72 -368.69 0.47587 0.42362 -2 -170
180.72 -368.69 0.47587 0.42362 -2 -170 -0.4 0 181.18 -368.54 0.47587 0.42362 -2 -170
181.18 -368.54 0.47587 0.42362 -2 -170 -0.4 0 181.64 -368.38 0.47587 0.42362 -2 -170
181.64 -368.38 0.47587 0.42362 -2 -170 -0.4 0 182.1 -368.22 0.47587 0.42362 36 -153
182.1 -368.22 0.47407 0.42439 36 -153 -0.4 0 182.48 -368.14 0.47407 0.42439 36 -153
182.48 -368.14 0.47407 0.42439 36 -153 -0.4 0 183.02 -367.98 0.47407 0.42439 36 -153
183.02 -367.98 0.47407 0.42439 36 -153 -0.4 0 183.63 -367.82 0.47407 0.42439 26 -153
183.63 -367.82 0.47356 0.42439 26 -153 -0.4 0 184.25 -367.59 0.47356 0.42439 26 -153
184.25 -367.59 0.47356 0.42439 26 -153 -0.4 0 184.78 -367.35 0.47356 0.42439 30 -153
184.78 -367.35 0.47176 0.42439 30 -153 -0.4 0 185.24 -367.19 0.47176 0.42439 30 -153
185.24 -367.19 0.47176 0.42439 30 -153 -0.4 0 185.78 -366.96 0.47176 0.42439 30 -153
185.78 -366.96 0.47176 0.42439 30 -153 -0.4 0 186.39 -366.72 0.47176 0.42439 21 -136
186.39 -366.72 0.47021 0.42517 21 -136 -0.4 0 187.08 -366.41 0.47021 0.42517 21 -136
187.08 -366.41 0.47021 0.42517 21 -136 -0.4 0 187.47 -366.33 0.47021 0.42517 21 -136
187.47 -366.33 0.47021 0.42517 21 -136 -0.4 0 187.93 -366.17 0.47021 0.42517 -1 -134
187.93 -366.17 0.46996 0.42517 -1 -134 -0.4 0 188.39 -366.01 0.46996 0.42517 -1 -134
188.39 -366.01 0.46996 0.42517 -1 -134 -0.4 0 188.85 -365.85 0.46996 0.42517 -1 -134
188.85 -365.85 0.46996 0.42517 -1 -134 -0.4 0 189.38 -365.7 0.46996 0.42517 16 -135
189.38 -365.7 0.46816 0.42491 16 -135 -0.4 0 189.77 -365.54 0.46816 0.42491 16 -135
189.77 -365.54 0.46816 0.42491 16 -135 -0.4 0 190.15 -365.38 0.46816 0.42491 16 -135
190.15 -365.38 0.46816 0.42491 16 -135 -0.4 0 190.69 -365.3 0.46816 0.42491 19 -134
190.69 -365.3 0.4679 0.42517 19 -134 -0.4 0 191.3 -365.14 0.4679 0.42517 19 -134
191.3 -365.14 0.4679 0.42517 19 -134 -0.4 0 191.92 -364.98 0.4679 0.42517 19 -134
191.92 -364.98 0.4679 0.42517 19 -134 -0.4 0 192.45 -364.9 0.4679 0.42517 20 -135
192.45 -364.9 0.46662 0.42517 20 -135 -0.4 0 192.99 -364.74 0.46662 0.42517 20 -135
192.99 -364.74 0.46662 0.42517 20 -135 -0.4 0 193.61 -364.58 0.46662 0.42517 20 -135
193.61 -364.58 0.46662 0.42517 20 -135 -0.4 0 194.3 -364.27 0.46662 0.42517 15 -105
194.3 -364.27 0.46482 0.42594 15 -105 -0.4 0 194.91 -364.03 0.46482 0.42594 15 -105
194.91 -364.03 0.46482 0.42594 15 -105 -0.4 0 195.52 -363.8 0.46482 0.42594 15 -105
195.52 -363.8 0.46482 0.42594 15 -105 -0.4 0 196.29 -363.48 0.46482 0.42594 27 -105
196.29 -363.48 0.46456 0.42645 27 -105 -0.4 0 196.98 -363.17 0.46456 0.42645 27 -105
196.98 -363.17 0.46456 0.42645 27 -105 -0.4 0 197.74 -362.85 0.46456 0.42645 27 -105
197.74 -362.85 0.46456 0.42645 27 -105 -0.4 0 198.28 -362.62 0.46456 0.42645 15 -105
198.28 -362.62 0.4625 0.42645 15 -105 -0.4 0 198.82 -362.31 0.4625 0.42645 15 -105
198.82 -362.31 0.4625 0.42645 15 -105 -0.4 0 199.28 -362.15 0.4625 0.42645 15 -105
199.28 -362.15 0.4625 0.42645 15 -105 -0.4 0 199.74 -361.99 0.4625 0.42645 16 -99
199.74 -361.99 0.46122 0.42645 16 -99 -0.4 0 200.12 -361.83 0.46122 0.42645 16 -99
200.12 -361.83 0.46122 0.42645 16 -99 -0.4 0 200.43 -361.75 0.46122 0.42645 16 -99
200.43 -361.75 0.46122 0.42645 16 -99 -0.4 0 200.73 -361.67 0.46122 0.42645 14 -98
200.73 -361.67 0.46045 0.42671 14 -98 -0.4 0 201.04 -361.59 0.46045 0.42671 14 -98
201.04 -361.59 0.46045 0.42671 14 -98 -0.4 0 201.42 -361.44 0.46045 0.42671 15 -98
201.42 -361.44 0.4589 0.42671 15 -98 -0.4 0 201.88 -361.28 0.4589 0.42671 15 -98
201.88 -361.28 0.4589 0.42671 15 -98 -0.4 0 202.19 -361.28 0.4589 0.42671 15 -98
202.19 -361.28 0.4589 0.42671 15 -98 -0.4 0 202.65 -361.12 0.4589 0.42671 -3 -85
202.65 -361.12 0.4589 0.42671 -3 -85 -0.4 0 203.04 -361.04 0.4589 0.42671 -3 -85
203.04 -361.04 0.4589 0.42671 -3 -85 -0.4 0 203.65 -360.88 0.4589 0.42671 -3 -85
203.65 -360.88 0.4589 0.42671 -3 -85 -0.4 0 204.11 -360.8 0.4589 0.42671 15 -86
204.11 -360.8 0.45685 0.42722 15 -86 -0.4 0 204.49 -360.64 0.45685 0.42722 15 -86
204.49 -360.64 0.45685 0.42722 15 -86 -0.4 0 205.11 -360.41 0.45685 0.42722 15 -86
205.11 -360.41 0.45685 0.42722 15 -86 -0.4 0 205.72 -360.17 0.45685 0.42722 13 -81
205.72 -360.17 0.45556 0.42722 13 -81 -0.4 0 206.33 -359.93 0.45556 0.42722 13 -81
206.33 -359.93 0.45556 0.42722 13 -81 -0.4 0 206.87 -359.7 0.45556 0.42722 13 -81
206.87 -359.7 0.45556 0.42722 13 -81 -0.4 0 207.41 -359.46 0.45556 0.42722 13 -75
207.41 -359.46 0.45505 0.42748 13 -75 -0.4 0 207.94 -359.23 0.45505 0.42748 13 -75
207.94 -359.23 0.45505 0.42748 13 -75 -0.4 0 208.48 -359.07 0.45505 0.42748 13 -75
208.48 -359.07 0.45505 0.42748 13 -75 0 0 209.09 -358.68 0.45505 0.42748 12 -73
209.09 -358.68 0.45325 0.42774 12 -73 0 0 209.55 -358.44 0.45325 0.42774 12 -73
209.55 -358.44 0.45325 0.42774 12 -73 0 0 210.01 -358.21 0.45325 0.42774 12 -73
210.01 -358.21 0.45325 0.42774 12 -73 0 0 210.4 -357.97 0.45325 0.42774 16 -65
210.4 -357.97 0.45299 0.42774 16 -65 0 0 210.78 -357.82 0.45299 0.42774 16 -65
210.78 -357.82 0.45299 0.42774 16 -65 0 0 211.24 -357.58 0.45299 0.42774 16 -65
211.24 -357.58 0.45299 0.42774 16 -65 0 0 211.47 -357.43 0.45299 0.42774 12 -68
211.47 -357.43 0.45119 0.42799 12 -68 0 0 211.7 -357.35 0.45119 0.42799 12 -68
211.7 -357.35 0.45119 0.42799 12 -68 0 0 211.93 -357.27 0.45119 0.42799 10 -69
211.93 -357.27 0.45145 0.42799 10 -69 0 0 212.16 -357.19 0.45145 0.42799 10 -69
212.16 -357.19 0.45145 0.42799 10 -69 0 0 212.39 -357.11 0.45145 0.42799 10 -69
212.39 -357.11 0.45145 0.42799 10 -69 0 0 212.54 -357.11 0.45145 0.42799 13 -69
212.54 -357.11 0.45119 0.42799 13 -69 0 0 212.62 -357.03 0.45119 0.42799 13 -69
212.62 -357.03 0.45119 0.42799 13 -69 0 0 212.62 -357.11 0.45119 0.42799 13 -69
212.62 -357.11 0.45119 0.42799 13 -69 0 0 212.62 -357.19 0.45119 0.42799 13 -69
212.62 -357.19 0.45119 0.42799 13 -69 0 0 212.62 -357.26 0.45119 0.42799 13 -69
212.62 -357.26 0.45119 0.42799 13 -69 0 0 212.62 -357.34 0.45119 0.42799 13 -69
212.62 -357.34 0.45119 0.42799 13 -69 0 0 212.62 -357.34 0.45119 0.42799 14 -69
212.62 -357.34 0.45119 0.42799 14 -69 0 0 212.62 -357.42 0.45119 0.42799 14 -69
212.62 -357.42 0.45119 0.42799 14 -69 0 0 212.62 -357.49 0.45119 0.42799 14 -69
212.62 -357.49 0.45119 0.42799 14 -69 0 0 212.62 -357.49 0.45119 0.42799 13 -69
212.62 -357.49 0.45119 0.42799 13 -69 0 0 212.62 -357.49 0.45119 0.42799 13 -69
212.62 -357.49 0.45119 0.42799 13 -69 0 0 212.62 -357.49 0.45119 0.42799 13 -69
212.62 -357.49 0.45119 0.42799 13 -69 0 0 212.62 -357.49 0.45119 0.42799 13 -69
212.62 -357.49 0.45119 0.42799 13 -69 0 0 212.62 -357.49 0.45119 0.42799 13 -69
212.62 -357.49 0.45119 0.42799 13 -69 0 0 212.62 -357.49 0.45119 0.42799 13 -69
212.62 -357.49 0.45119 0.42799 13 -69 0 0 212.62 -357.49 0.45119 0.42799 14 -69
212.62 -357.49 0.45119 0.42799 14 -69 0 0 212.62 -357.49 0.45119 0.42799 14 -69
212.62 -357.49 0.45119 0.42799 14 -69 0 0 212.62 -357.49 0.45119 0.42799 14 -69
212.62 -357.49 0.45119 0.42799 14 -69 0 0 212.62 -357.49 0.45119 0.42799 13 -69
212.62 -357.49 0.45119 0.42799 13 -69 0 0 212.62 -357.49 0.45119 0.42799 13 -69
212.62 -357.49 0.45119 0.42799 13 -69 0 0 212.62 -357.49 0.45119 0.42799 13 -69
212.62 -357.49 0.45119 0.42799 13 -69 0 0 212.62 -357.49 0.45119 0.42799 14 -69
212.62 -357.49 0.45119 0.42799 14 -69 0 0 212.62 -357.49 0.45119 0.42799 14 -69
212.62 -357.49 0.45119 0.42799 14 -69 0 0 212.62 -357.49 0.45119 0.42799 14 -69
212.62 -357.49 0.45119 0.42799 14 -69 0 0 212.62 -357.49 0.45119 0.42799 10 -69
212.62 -357.49 0.45119 0.42799 10 -69 0 0 212.62 -357.49 0.45119 0.42799 10 -69
212.62 -357.49 0.45119 0.42799 10 -69 0 0 212.62 -357.49 0.45119 0.42799 13 -69
212.62 -357.49 0.45119 0.42799 13 -69 0 0 212.62 -357.49 0.45119 0.42799 13 -69
212.62 -357.49 0.45119 0.42799 13 -69 0 0 212.62 -357.49 0.45119 0.42799 13 -69
212.62 -357.49 0.45119 0.42799 13 -69 0 0 212.62 -357.49 0.45119 0.42799 14 -70
212.62 -357.49 0.45119 0.42799 14 -70 0 0 212.62 -357.49 0.45119 0.42799 14 -70
212.62 -357.49 0.45119 0.42799 14 -70 0 0 212.62 -357.49 0.45119 0.42799 14 -70
212.62 -357.49 0.45119 0.42799 14 -70 0 0 212.62 -357.49 0.45119 0.42799 13 -69
212.62 -357.49 0.45119 0.42799 13 -69 0 -0.4 212.62 -357.49 0.45119 0.42799 13 -69
212.62 -357.49 0.45119 0.42799 13 -69 0 -0.4 212.62 -357.49 0.45119 0.42799 13 -69
212.62 -357.49 0.45119 0.42799 13 -69 0 -0.4 212.62 -357.49 0.45119 0.42799 14 -69
212.62 -357.49 0.45119 0.42799 14 -69 0 -0.4 212.62 -357.49 0.45119 0.42799 14 -69
212.62 -357.49 0.45119 0.42799 14 -69 0 -0.4 212.62 -357.49 0.45119 0.42799 14 -69
212.62 -357.49 0.45119 0.42799 14 -69 0 -0.4 212.62 -357.49 0.45119 0.42799 15 -69
212.62 -357.49 0.45119 0.42774 15 -69 0 -0.4 212.62 -357.49 0.45119 0.42774 15 -69
212.62 -357.49 0.45119 0.42774 15 -69 0 -0.4 212.62 -357.49 0.45119 0.42774 15 -69
212.62 -357.49 0.45119 0.42774 15 -69 0 -0.4 212.62 -357.49 0.45119 0.42774 15 -33
212.62 -357.49 0.45119 0.42799 15 -33 0 -0.4 212.62 -357.49 0.45119 0.42799 15 -33
212.62 -357.49 0.45119 0.42799 15 -33 0 -0.4 212.62 -357.49 0.45119 0.42799 15 -33
212.62 -357.49 0.45119 0.42799 15 -33 0 -0.4 212.62 -357.49 0.45119 0.42799 14 -29
212.62 -357.49 0.45119 0.42799 14 -29 0 -0.4 212.62 -357.42 0.45119 0.42799 14 -29
212.62 -357.42 0.45119 0.42799 14 -29 0 -0.4 212.62 -357.34 0.45119 0.42799 14 -29
212.62 -357.34 0.45119 0.42799 14 -29 0 -0.4 212.54 -357.34 0.45119 0.42799 14 -19
212.54 -357.34 0.45119 0.42696 14 -19 0 -0.4 212.47 -357.34 0.45119 0.42696 14 -19
212.47 -357.34 0.45119 0.42696 14 -19 0 -0.4 212.39 -357.34 0.45119 0.42696 14 -19
212.39 -357.34 0.45119 0.42696 14 -19 0 -0.4 212.31 -357.34 0.45119 0.42696 13 -20
212.31 -357.34 0.45119 0.42645 13 -20 0 -0.4 212.24 -357.42 0.45119 0.42645 13 -20
212.24 -357.42 0.45119 0.42645 13 -20 0 -0.4 212.08 -357.5 0.45119 0.42645 13 -20
212.08 -357.5 0.45119 0.42645 13 -20 0 -0.4 211.93 -357.58 0.45119 0.42645 14 -20
211.93 -357.58 0.45145 0.42439 14 -20 0 -0.4 211.78 -357.65 0.45145 0.42439 14 -20
211.78 -357.65 0.45145 0.42439 14 -20 0 -0.4 211.62 -357.73 0.45145 0.42439 14 -20
211.62 -357.73 0.45145 0.42439 14 -20 0 -0.4 211.47 -357.89 0.45145 0.42439 13 -1
211.47 -357.89 0.45145 0.42414 13 -1 0 -0.4 211.4 -357.97 0.45145 0.42414 13 -1
211.4 -357.97 0.45145 0.42414 13 -1 0 -0.4 211.32 -358.12 0.45145 0.42414 13 -1
211.32 -358.12 0.45145 0.42414 13 -1 0 -0.4 211.24 -358.35 0.45145 0.42414 14 -20
211.24 -358.35 0.45119 0.42259 14 -20 0 -0.4 211.17 -358.51 0.45119 0.42259 14 -20
211.17 -358.51 0.45119 0.42259 14 -20 0 -0.4 211.09 -358.74 0.45119 0.42259 14 -20
211.09 -358.74 0.45119 0.42259 14 -20 0 -0.4 211.02 -358.97 0.45119 0.42259 15 -14
211.02 -358.97 0.45119 0.42131 15 -14 0 -0.4 210.94 -359.2 0.45119 0.42131 15 -14
210.94 -359.2 0.45119 0.42131 15 -14 0 -0.4 210.87 -359.36 0.45119 0.42131 12 1
210.87 -359.36 0.45119 0.4208 12 1 0 -0.4 210.87 -359.51 0.45119 0.4208 12 1
210.87 -359.51 0.45119 0.4208 12 1 0 -0.4 210.79 -359.74 0.45119 0.4208 12 1
210.79 -359.74 0.45119 0.4208 12 1 0 -0.4 210.72 -359.89 0.45119 0.4208 13 -19
210.72 -359.89 0.45119 0.419 13 -19 0 -0.4 210.64 -360.13 0.45119 0.419 13 -19
210.64 -360.13 0.45119 0.419 13 -19 0 -0.4 210.57 -360.28 0.45119 0.419 13 -19
210.57 -360.28 0.45119 0.419 13 -19 0 -0.4 210.42 -360.51 0.45119 0.419 13 -19
210.42 -360.51 0.45119 0.419 13 -19 0 -0.4 210.27 -360.75 0.45119 0.419 13 -19
210.27 -360.75 0.45119 0.419 13 -19 0 -0.4 210.19 -360.9 0.45119 0.419 13 -19
210.19 -360.9 0.45119 0.419 13 -19 0 -0.4 210.19 -361.05 0.45119 0.419 15 -13
210.19 -361.05 0.45119 0.41668 15 -13 0 -0.4 210.12 -361.21 0.45119 0.41668 15 -13
210.12 -361.21 0.45119 0.41668 15 -13 0 -0.4 210.04 -361.36 0.45119 0.41668 15 -13
210.04 -361.36 0.45119 0.41668 15 -13 0 -0.4 209.89 -361.52 0.45119 0.41668 15 0
209.89 -361.52 0.45119 0.41668 15 0 0 -0.4 209.73 -361.67 0.45119 0.41668 15 0
209.73 -361.67 0.45119 0.41668 15 0 0 -0.4 209.58 -361.83 0.45119 0.41668 15 0
209.58 -361.83 0.45119 0.41668 15 0 0 -0.4 209.51 -361.91 0.45119 0.41668 13 -4
209.51 -361.91 0.45119 0.4154 13 -4 0 -0.4 209.43 -362.06 0.45119 0.4154 13 -4
209.43 -362.06 0.45119 0.4154 13 -4 0 -0.4 209.35 -362.14 0.45119 0.4154 13 -4
209.35 -362.14 0.45119 0.4154 13 -4 0 -0.4 209.2 -362.29 0.45119 0.4154 13 0
209.2 -362.29 0.45119 0.41334 13 0 0 -0.4 209.05 -362.45 0.45119 0.41334 13 0
209.05 -362.45 0.45119 0.41334 13 0 0 -0.4 208.82 -362.6 0.45119 0.41334 13 0
208.82 -362.6 0.45119 0.41334 13 0 0 -0.4 208.59 -362.76 0.45119 0.41334 15 0
208.59 -362.76 0.45119 0.41257 15 0 0 -0.4 208.28 -362.99 0.45119 0.41257 15 0
208.28 -362.99 0.45119 0.41257 15 0 0 -0.4 208.06 -363.15 0.45119 0.41257 12 2
208.06 -363.15 0.45119 0.41077 12 2 0 -0.4 207.83 -363.3 0.45119 0.41077 12 2
207.83 -363.3 0.45119 0.41077 12 2 0 -0.4 207.67 -363.54 0.45119 0.41077 12 2
207.67 -363.54 0.45119 0.41077 12 2 0 -0.4 207.52 -363.77 0.45119 0.41077 13 0
207.52 -363.77 0.45119 0.41077 13 0 0 -0.4 207.22 -364 0.45119 0.41077 13 0
207.22 -364 0.45119 0.41077 13 0 0 -0.4 206.99 -364.31 0.45119 0.41077 13 0
206.99 -364.31 0.45119 0.41077 13 0 0 -0.4 206.76 -364.62 0.45119 0.41077 13 0
206.76 -364.62 0.45119 0.40923 13 0 0 -0.4 206.46 -364.93 0.45119 0.40923 13 0
206.46 -364.93 0.45119 0.40923 13 0 0 -0.4 206.15 -365.17 0.45119 0.40923 13 0
206.15 -365.17 0.45119 0.40923 13 0 0 -0.4 205.84 -365.48 0.45119 0.40923 13 0
205.84 -365.48 0.45119 0.40769 13 0 0 -0.4 205.69 -365.78 0.45119 0.40769 13 0
205.69 -365.78 0.45119 0.40769 13 0 0 -0.4 205.39 -366.02 0.45119 0.40769 13 0
205.39 -366.02 0.45119 0.40769 13 0 0 -0.4 205.08 -366.25 0.45119 0.40769 10 0
205.08 -366.25 0.45145 0.40692 10 0 0 -0.4 204.85 -366.48 0.45145 0.40692 10 0
204.85 -366.48 0.45145 0.40692 10 0 0 -0.4 204.55 -366.79 0.45145 0.40692 10 0
204.55 -366.79 0.45145 0.40692 10 0 0 -0.4 204.24 -367.03 0.45145 0.40692 7 0
204.24 -367.03 0.45145 0.40537 7 0 0 -0.4 204.01 -367.26 0.45145 0.40537 7 0
204.01 -367.26 0.45145 0.40537 7 0 0 -0.4 203.86 -367.49 0.45145 0.40537 7 0
203.86 -367.49 0.45145 0.40537 7 0 0 -0.4 203.56 -367.65 0.45145 0.40537 12 1
203.56 -367.65 0.45119 0.40512 12 1 0 -0.4 203.25 -367.81 0.45119 0.40512 12 1
203.25 -367.81 0.45119 0.40512 12 1 0 -0.4 203.02 -368.04 0.45119 0.40512 12 1
203.02 -368.04 0.45119 0.40512 12 1 0 -0.4 202.87 -368.27 0.45119 0.40512 10 2
202.87 -368.27 0.45145 0.40332 10 2 0 -0.4 202.72 -368.43 0.45145 0.40332 10 2
202.72 -368.43 0.45145 0.40332 10 2 0 -0.4 202.41 -368.66 0.45145 0.40332 10 2
202.41 -368.66 0.45145 0.40332 10 2 0 -0.4 202.18 -368.97 0.45145 0.40332 9 1
202.18 -368.97 0.45119 0.40152 9 1 0 -0.4 202.03 -369.2 0.45119 0.40152 9 1
202.03 -369.2 0.45119 0.40152 9 1 0 -0.4 201.8 -369.43 0.45119 0.40152 9 1
201.8 -369.43 0.45119 0.40152 9 1 0 -0.4 201.65 -369.59 0.45119 0.40152 10 4
201.65 -369.59 0.45119 0.40126 10 4 0 -0.4 201.5 -369.74 0.45119 0.40126 10 4
201.5 -369.74 0.45119 0.40126 10 4 0 -0.4 201.19 -369.98 0.45119 0.40126 10 2
201.19 -369.98 0.45119 0.39997 10 2 0 -0.4 201.04 -370.21 0.45119 0.39997 10 2
201.04 -370.21 0.45119 0.39997 10 2 0 -0.4 200.89 -370.44 0.45119 0.39997 10 2
200.89 -370.44 0.45119 0.39997 10 2 0 -0.4 200.66 -370.75 0.45119 0.39997 12 0
200.66 -370.75 0.45119 0.39946 12 0 0 -0.4 200.51 -370.98 0.45119 0.39946 12 0
200.51 -370.98 0.45119 0.39946 12 0 0 -0.4 200.36 -371.22 0.45119 0.39946 12 0
200.36 -371.22 0.45119 0.39946 12 0 0 -0.4 200.13 -371.45 0.45119 0.39946 8 2
200.13 -371.45 0.45145 0.39792 8 2 0 -0.4 199.97 -371.6 0.45145 0.39792 8 2
199.97 -371.6 0.45145 0.39792 8 2 0 -0.4 199.82 -371.84 0.45145 0.39792 8 2
199.82 -371.84 0.45145 0.39792 8 2 0 -0.4 199.59 -372.07 0.45145 0.39792 8 3
199.59 -372.07 0.45145 0.39586 8 3 0 -0.4 199.37 -372.38 0.45145 0.39586 8 3
199.37 -372.38 0.45145 0.39586 8 3 0 -0.4 199.14 -372.77 0.45145 0.39586 8 3
199.14 -372.77 0.45145 0.39586 8 3 0 -0.4 198.91 -373.31 0.45145 0.39586 12 0
198.91 -373.31 0.45145 0.3956 12 0 0 -0.4 198.3 -374 0.45145 0.3956 12 0
198.3 -374 0.45145 0.3956 12 0 0 -0.4 197.62 -374.7 0.45145 0.3956 12 0
197.62 -374.7 0.45145 0.3956 12 0 0 -0.4 197.01 -375.4 0.45145 0.3956 7 1
197.01 -375.4 0.45145 0.39406 7 1 0 -0.4 196.47 -376.02 0.45145 0.39406 7 1
196.47 -376.02 0.45145 0.39406 7 1 0 -0.4 195.86 -376.64 0.45145 0.39406 7 1
195.86 -376.64 0.45145 0.39406 7 1 0 -0.4 195.25 -377.26 0.45145 0.39406 7 1
195.25 -377.26 0.45119 0.39381 7 1 0 -0.4 194.72 -377.88 0.45119 0.39381 7 1
194.72 -377.88 0.45119 0.39381 7 1 0 -0.4 194.19 -378.5 0.45119 0.39381 7 1
194.19 -378.5 0.45119 0.39381 7 1 0 -0.4 193.65 -379.04 0.45119 0.39381 6 1
193.65 -379.04 0.45119 0.39201 6 1 0 -0.4 193.2 -379.59 0.45119 0.39201 6 1
193.2 -379.59 0.45119 0.39201 6 1 0 -0.4 192.74 -380.05 0.45119 0.39201 6 1
192.74 -380.05 0.45119 0.39201 6 1 0 -0.4 192.28 -380.44 0.45119 0.39201 10 1
192.28 -380.44 0.45145 0.39021 10 1 0 -0.4 191.82 -380.67 0.45145 0.39021 10 1
191.82 -380.67 0.45145 0.39021 10 1 0 -0.4 191.82 -380.67 0.45145 0.39021 7 3
191.82 -380.67 0.45145 0.39021 7 3 0 -0.4 191.82 -380.67 0.45145 0.39021 7 3
191.82 -380.67 0.45145 0.39021 7 3 0 -0.4 191.82 -380.67 0.45145 0.39021 7 3
191.82 -380.67 0.45145 0.39021 7 3 0 -0.4 191.82 -380.67 0.45145 0.39021 7 0
191.82 -380.67 0.45145 0.38841 7 0 0 -0.4 191.82 -380.67 0.45145 0.38841 7 0
191.82 -380.67 0.45145 0.38841 7 0 0 -0.4 191.82 -380.67 0.45145 0.38841 7 0
191.82 -380.67 0.45145 0.38841 7 0 0 -0.4 191.82 -380.67 0.45145 0.38841 7 1
191.82 -380.67 0.45145 0.38789 7 1 0 -0.4 191.82 -380.67 0.45145 0.38789 7 1
191.82 -380.67 0.45145 0.38789 7 1 0 -0.4 191.82 -380.67 0.45145 0.38789 7 1
191.82 -380.67 0.45145 0.38789 7 1 0 -0.4 191.82 -380.67 0.45145 0.38789 6 3
191.82 -380.67 0.45145 0.38635 6 3 0 -0.4 191.82 -380.67 0.45145 0.38635 6 3
191.82 -380.67 0.45145 0.38635 6 3 0 -0.4 191.82 -380.67 0.45145 0.38635 6 3
191.82 -380.67 0.45145 0.38635 6 3 0 -0.4 191.82 -380.67 0.45145 0.38635 10 2
191.82 -380.67 0.45145 0.38481 10 2 0 -0.4 191.82 -380.67 0.45145 0.38481 10 2
191.82 -380.67 0.45145 0.38481 10 2 0 -0.4 191.82 -380.67 0.45145 0.38481 10 2
191.82 -380.67 0.45145 0.38481 10 2 0 -0.4 191.82 -380.67 0.45145 0.38481 8 4
191.82 -380.67 0.45145 0.38455 8 4 0 -0.4 191.82 -380.67 0.45145 0.38455 8 4
