103.2 -408.39 0.48204 0.32003 63 -66 -0.2 0.2 103.2 -408.39 0.48204 0.32003 63 -66
103.2 -408.39 0.48204 0.32003 63 -66 -0.2 0.2 103.2 -408.39 0.48204 0.32003 63 -66
103.2 -408.39 0.48204 0.32003 63 -66 -0.2 0.2 103.2 -408.39 0.48204 0.32003 63 -67
103.2 -408.39 0.48204 0.32003 63 -67 -0.2 0.2 103.2 -408.39 0.48204 0.32003 63 -67
103.2 -408.39 0.48204 0.32003 63 -67 -0.2 0.2 103.2 -408.39 0.48204 0.32003 63 -67
103.2 -408.39 0.48204 0.32003 63 -67 -0.2 0.2 103.2 -408.39 0.48204 0.32003 58 -69
103.2 -408.39 0.48204 0.32003 58 -69 -0.2 0.2 103.2 -408.39 0.48204 0.32003 58 -69
103.2 -408.39 0.48204 0.32003 58 -69 -0.2 0.2 103.2 -408.39 0.48204 0.32003 58 -69
103.2 -408.39 0.48204 0.32003 58 -69 -0.2 0.2 103.2 -408.39 0.48204 0.32003 39 -70
103.2 -408.39 0.48204 0.32029 39 -70 -0.2 0.2 103.2 -408.39 0.48204 0.32029 39 -70
103.2 -408.39 0.48204 0.32029 39 -70 -0.2 0.2 103.2 -408.39 0.48204 0.32029 33 -65
103.2 -408.39 0.48204 0.32029 33 -65 -0.2 0.2 103.2 -408.32 0.48204 0.32029 33 -65
103.2 -408.32 0.48204 0.32029 33 -65 -0.2 0.2 103.2 -408.24 0.48204 0.32029 33 -65
103.2 -408.24 0.48204 0.32029 33 -65 -0.2 0.2 103.2 -408.16 0.48204 0.32029 25 -68
103.2 -408.16 0.48204 0.32132 25 -68 -0.2 0.2 103.2 -408.09 0.48204 0.32132 25 -68
103.2 -408.09 0.48204 0.32132 25 -68 -0.2 0.2 103.2 -408.01 0.48204 0.32132 25 -68
103.2 -408.01 0.48204 0.32132 25 -68 -0.2 0.2 103.27 -407.93 0.48204 0.32132 24 -72
103.27 -407.93 0.48178 0.32234 24 -72 -0.2 0.2 103.35 -407.86 0.48178 0.32234 24 -72
103.35 -407.86 0.48178 0.32234 24 -72 -0.2 0.2 103.42 -407.78 0.48178 0.32234 24 -72
103.42 -407.78 0.48178 0.32234 24 -72 -0.2 0.2 103.5 -407.7 0.48178 0.32234 14 -78
103.5 -407.7 0.48075 0.3226 14 -78 -0.2 0.2 103.58 -407.62 0.48075 0.3226 14 -78
103.58 -407.62 0.48075 0.3226 14 -78 -0.2 0.2 103.65 -407.54 0.48075 0.3226 14 -78
103.65 -407.54 0.48075 0.3226 14 -78 -0.2 0.2 103.73 -407.47 0.48075 0.3226 -1 -78
103.73 -407.47 0.48075 0.32311 -1 -78 -0.2 0.2 103.81 -407.39 0.48075 0.32311 -1 -78
103.81 -407.39 0.48075 0.32311 -1 -78 -0.2 0.2 104.19 -407.39 0.48075 0.32311 -1 -78
104.19 -407.39 0.48075 0.32311 -1 -78 -0.2 0.2 104.57 -407.38 0.48075 0.32311 15 -74
104.57 -407.38 0.47998 0.32311 15 -74 -0.2 0.2 105.04 -407.38 0.47998 0.32311 15 -74
105.04 -407.38 0.47998 0.32311 15 -74 -0.2 0.2 105.5 -407.37 0.47998 0.32311 15 -74
105.5 -407.37 0.47998 0.32311 15 -74 -0.2 0.2 106.04 -407.29 0.47998 0.32311 16 -72
106.04 -407.29 0.47998 0.32389 16 -72 -0.2 0.2 106.5 -407.21 0.47998 0.32389 16 -72
106.5 -407.21 0.47998 0.32389 16 -72 -0.2 0.2 106.96 -407.13 0.47998 0.32389 16 -72
106.96 -407.13 0.47998 0.32389 16 -72 -0.2 0.2 107.5 -407.13 0.47998 0.32389 16 -80
107.5 -407.13 0.47895 0.32466 16 -80 -0.2 0.2 108.03 -407.12 0.47895 0.32466 16 -80
108.03 -407.12 0.47895 0.32466 16 -80 -0.2 0.2 108.57 -407.12 0.47895 0.32466 11 -82
108.57 -407.12 0.47844 0.32466 11 -82 -0.2 0.2 109.34 -407.11 0.47844 0.32466 11 -82
109.34 -407.11 0.47844 0.32466 11 -82 -0.2 0.2 110.11 -407.1 0.47844 0.32466 11 -82
110.11 -407.1 0.47844 0.32466 11 -82 -0.2 0.2 110.88 -407.1 0.47844 0.32466 11 -82
110.88 -407.1 0.47844 0.32466 11 -82 -0.2 0.2 111.42 -407.02 0.47844 0.32466 0 -78
111.42 -407.02 0.47793 0.32543 0 -78 -0.2 0.2 111.96 -407.01 0.47793 0.32543 0 -78
111.96 -407.01 0.47793 0.32543 0 -78 -0.2 0.2 112.49 -406.93 0.47793 0.32543 0 -78
112.49 -406.93 0.47793 0.32543 0 -78 -0.2 0.2 113.03 -406.85 0.47793 0.32543 12 -75
113.03 -406.85 0.4769 0.3262 12 -75 -0.2 0.2 113.57 -406.84 0.4769 0.3262 12 -75
113.57 -406.84 0.4769 0.3262 12 -75 -0.2 0.2 114.19 -406.84 0.4769 0.3262 12 -75
114.19 -406.84 0.4769 0.3262 12 -75 -0.2 0.2 114.8 -406.83 0.4769 0.3262 11 -77
114.8 -406.83 0.47664 0.32646 11 -77 -0.2 0.2 115.34 -406.75 0.47664 0.32646 11 -77
115.34 -406.75 0.47664 0.32646 11 -77 -0.2 0.2 116.03 -406.67 0.47664 0.32646 11 -77
116.03 -406.67 0.47664 0.32646 11 -77 -0.2 0.2 116.72 -406.58 0.47664 0.32646 0 -75
116.72 -406.58 0.47638 0.32749 0 -75 -0.2 0.2 117.18 -406.5 0.47638 0.32749 0 -75
117.18 -406.5 0.47638 0.32749 0 -75 -0.2 0.2 117.64 -406.42 0.47638 0.32749 0 -75
117.64 -406.42 0.47638 0.32749 0 -75 -0.2 0.2 118.1 -406.34 0.47638 0.32749 14 -72
118.1 -406.34 0.4751 0.32826 14 -72 -0.2 0.2 118.49 -406.34 0.4751 0.32826 14 -72
118.49 -406.34 0.4751 0.32826 14 -72 -0.2 0.2 118.95 -406.26 0.4751 0.32826 16 -74
118.95 -406.26 0.47484 0.32851 16 -74 -0.2 0.2 119.33 -406.25 0.47484 0.32851 16 -74
119.33 -406.25 0.47484 0.32851 16 -74 -0.2 0.2 119.72 -406.25 0.47484 0.32851 16 -74
119.72 -406.25 0.47484 0.32851 16 -74 -0.2 0.2 120.33 -406.17 0.47484 0.32851 16 -72
120.33 -406.17 0.47433 0.32928 16 -72 -0.2 0.2 120.87 -406.09 0.47433 0.32928 16 -72
120.87 -406.09 0.47433 0.32928 16 -72 -0.2 0.2 121.33 -406.08 0.47433 0.32928 16 -72
121.33 -406.08 0.47433 0.32928 16 -72 -0.2 0.2 121.87 -406 0.47433 0.32928 12 -69
121.87 -406 0.47356 0.32954 12 -69 -0.2 0.2 122.41 -405.92 0.47356 0.32954 12 -69
122.41 -405.92 0.47356 0.32954 12 -69 -0.2 0.2 123.02 -405.84 0.47356 0.32954 12 -69
123.02 -405.84 0.47356 0.32954 12 -69 -0.2 0.2 123.64 -405.75 0.47356 0.32954 -2 -76
123.64 -405.75 0.4733 0.33006 -2 -76 -0.2 0.2 124.33 -405.67 0.4733 0.33006 -2 -76
124.33 -405.67 0.4733 0.33006 -2 -76 -0.2 0.2 125.02 -405.67 0.4733 0.33006 -2 -76
125.02 -405.67 0.4733 0.33006 -2 -76 -0.2 0.2 125.79 -405.58 0.4733 0.33006 12 -77
125.79 -405.58 0.47253 0.33108 12 -77 -0.2 0.2 126.48 -405.5 0.47253 0.33108 12 -77
126.48 -405.5 0.47253 0.33108 12 -77 -0.2 0.2 127.33 -405.41 0.47253 0.33108 12 -77
127.33 -405.41 0.47253 0.33108 12 -77 -0.2 0.2 128.17 -405.33 0.47253 0.33108 11 -76
128.17 -405.33 0.47176 0.33134 11 -76 -0.2 0.2 128.71 -405.33 0.47176 0.33134 11 -76
128.71 -405.33 0.47176 0.33134 11 -76 -0.2 0.2 129.25 -405.32 0.47176 0.33134 11 -76
129.25 -405.32 0.47176 0.33134 11 -76 -0.2 0.2 129.94 -405.24 0.47176 0.33134 15 -78
129.94 -405.24 0.47124 0.33211 15 -78 -0.2 0.2 130.48 -405.23 0.47124 0.33211 15 -78
130.48 -405.23 0.47124 0.33211 15 -78 -0.2 0.2 130.94 -405.23 0.47124 0.33211 15 -78
130.94 -405.23 0.47124 0.33211 15 -78 -0.2 0.2 131.4 -405.15 0.47124 0.33211 14 -70
131.4 -405.15 0.47047 0.33237 14 -70 -0.2 0.2 132.02 -405.07 0.47047 0.33237 14 -70
132.02 -405.07 0.47047 0.33237 14 -70 -0.2 0.2 132.55 -405.06 0.47047 0.33237 -1 -79
132.55 -405.06 0.47047 0.33314 -1 -79 -0.2 0.2 133.02 -404.98 0.47047 0.33314 -1 -79
133.02 -404.98 0.47047 0.33314 -1 -79 -0.2 0.2 133.55 -404.9 0.47047 0.33314 -1 -79
133.55 -404.9 0.47047 0.33314 -1 -79 -0.2 0.2 134.17 -404.89 0.47047 0.33314 13 -70
134.17 -404.89 0.4697 0.33314 13 -70 -0.2 0.2 134.71 -404.81 0.4697 0.33314 13 -70
134.71 -404.81 0.4697 0.33314 13 -70 -0.2 0.2 135.32 -404.73 0.4697 0.33314 13 -70
135.32 -404.73 0.4697 0.33314 13 -70 -0.2 0.2 135.94 -404.65 0.4697 0.33314 15 -77
135.94 -404.65 0.46944 0.33417 15 -77 -0.2 0.2 136.55 -404.56 0.46944 0.33417 15 -77
136.55 -404.56 0.46944 0.33417 15 -77 -0.2 0.2 137.17 -404.48 0.46944 0.33417 15 -77
137.17 -404.48 0.46944 0.33417 15 -77 -0.2 0.2 137.86 -404.4 0.46944 0.33417 11 -78
137.86 -404.4 0.46816 0.3352 11 -78 -0.2 0.2 138.47 -404.32 0.46816 0.3352 11 -78
138.47 -404.32 0.46816 0.3352 11 -78 -0.2 0.2 139.01 -404.31 0.46816 0.3352 11 -78
139.01 -404.31 0.46816 0.3352 11 -78 -0.2 0.2 139.55 -404.31 0.46816 0.3352 12 -76
139.55 -404.31 0.4679 0.33545 12 -76 -0.2 0.2 140.01 -404.23 0.4679 0.33545 12 -76
140.01 -404.23 0.4679 0.33545 12 -76 -0.2 0.2 140.7 -404.07 0.4679 0.33545 15 -76
140.7 -404.07 0.46739 0.33622 15 -76 -0.2 0.2 141.24 -404.06 0.46739 0.33622 15 -76
141.24 -404.06 0.46739 0.33622 15 -76 -0.2 0.2 141.78 -403.9 0.46739 0.33622 15 -76
141.78 -403.9 0.46739 0.33622 15 -76 -0.2 0.2 142.31 -403.82 0.46739 0.33622 12 -70
142.31 -403.82 0.46636 0.33648 12 -70 -0.2 0.2 142.77 -403.74 0.46636 0.33648 12 -70
142.77 -403.74 0.46636 0.33648 12 -70 -0.2 0.2 143.39 -403.66 0.46636 0.33648 12 -70
143.39 -403.66 0.46636 0.33648 12 -70 -0.2 0.2 144 -403.58 0.46636 0.33648 10 -78
144 -403.58 0.46636 0.337 10 -78 -0.2 0.2 144.62 -403.57 0.46636 0.337 10 -78
144.62 -403.57 0.46636 0.337 10 -78 -0.2 0.2 145.31 -403.49 0.46636 0.337 10 -78
145.31 -403.49 0.46636 0.337 10 -78 -0.2 0.2 146 -403.33 0.46636 0.337 12 -79
146 -403.33 0.46559 0.33777 12 -79 -0.2 0.2 146.77 -403.17 0.46559 0.33777 12 -79
146.77 -403.17 0.46559 0.33777 12 -79 -0.2 0.2 147.38 -403.01 0.46559 0.33777 12 -79
147.38 -403.01 0.46559 0.33777 12 -79 -0.2 0.2 148.07 -402.85 0.46559 0.33777 9 -78
148.07 -402.85 0.46533 0.33803 9 -78 -0.2 0.2 148.69 -402.84 0.46533 0.33803 9 -78
148.69 -402.84 0.46533 0.33803 9 -78 -0.2 0.2 149.38 -402.68 0.46533 0.33803 9 -78
149.38 -402.68 0.46533 0.33803 9 -78 -0.2 0.2 150 -402.68 0.46533 0.33803 14 -77
150 -402.68 0.46456 0.33905 14 -77 -0.2 0.2 150.53 -402.67 0.46456 0.33905 14 -77
150.53 -402.67 0.46456 0.33905 14 -77 -0.2 0.2 151.15 -402.59 0.46456 0.33905 14 -77
151.15 -402.59 0.46456 0.33905 14 -77 -0.2 0.2 151.61 -402.51 0.46456 0.33905 12 -72
151.61 -402.51 0.46379 0.33931 12 -72 -0.2 0.2 152.23 -402.43 0.46379 0.33931 12 -72
152.23 -402.43 0.46379 0.33931 12 -72 -0.2 0.2 152.76 -402.27 0.46379 0.33931 12 -72
152.76 -402.27 0.46379 0.33931 12 -72 -0.2 0.2 153.22 -402.19 0.46379 0.33931 0 -77
153.22 -402.19 0.46379 0.33982 0 -77 -0.2 0.2 153.76 -402.18 0.46379 0.33982 0 -77
153.76 -402.18 0.46379 0.33982 0 -77 -0.2 0.2 154.3 -402.1 0.46379 0.33982 13 -79
154.3 -402.1 0.46276 0.34034 13 -79 -0.2 0.2 154.91 -402.02 0.46276 0.34034 13 -79
154.91 -402.02 0.46276 0.34034 13 -79 -0.2 0.2 155.53 -401.94 0.46276 0.34034 13 -79
155.53 -401.94 0.46276 0.34034 13 -79 -0.2 0.2 156.07 -401.78 0.46276 0.34034 8 -79
156.07 -401.78 0.4625 0.34085 8 -79 -0.2 0.2 156.6 -401.62 0.4625 0.34085 8 -79
156.6 -401.62 0.4625 0.34085 8 -79 -0.2 0.2 157.22 -401.46 0.4625 0.34085 8 -79
157.22 -401.46 0.4625 0.34085 8 -79 -0.2 0.2 157.91 -401.3 0.4625 0.34085 14 -72
157.91 -401.3 0.46173 0.34188 14 -72 -0.2 0.2 158.52 -401.22 0.46173 0.34188 14 -72
158.52 -401.22 0.46173 0.34188 14 -72 -0.2 0.2 159.21 -401.14 0.46173 0.34188 14 -72
159.21 -401.14 0.46173 0.34188 14 -72 -0.2 0.2 159.83 -400.98 0.46173 0.34188 12 -67
159.83 -400.98 0.46096 0.34188 12 -67 -0.2 0.2 160.44 -400.82 0.46096 0.34188 12 -67
160.44 -400.82 0.46096 0.34188 12 -67 -0.2 0.2 161.06 -400.66 0.46096 0.34188 12 -67
161.06 -400.66 0.46096 0.34188 12 -67 -0.2 0.2 161.67 -400.5 0.46096 0.34188 12 -68
161.67 -400.5 0.46096 0.34291 12 -68 -0.2 0.2 162.21 -400.42 0.46096 0.34291 12 -68
162.21 -400.42 0.46096 0.34291 12 -68 -0.2 0.2 162.74 -400.26 0.46096 0.34291 12 -68
162.74 -400.26 0.46096 0.34291 12 -68 -0.2 0.2 163.36 -400.1 0.46096 0.34291 12 -74
163.36 -400.1 0.45993 0.34368 12 -74 -0.2 0.2 164.05 -399.94 0.45993 0.34368 12 -74
164.05 -399.94 0.45993 0.34368 12 -74 -0.2 0.2 164.66 -399.86 0.45993 0.34368 12 -74
164.66 -399.86 0.45993 0.34368 12 -74 -0.2 0.2 165.28 -399.7 0.45993 0.34368 10 -73
165.28 -399.7 0.45942 0.34394 10 -73 -0.2 0.2 165.82 -399.54 0.45942 0.34394 10 -73
165.82 -399.54 0.45942 0.34394 10 -73 -0.2 0.2 166.43 -399.38 0.45942 0.34394 10 -73
166.43 -399.38 0.45942 0.34394 10 -73 -0.2 0.2 166.97 -399.22 0.45942 0.34394 15 -72
166.97 -399.22 0.45865 0.34497 15 -72 -0.2 0.2 167.43 -399.14 0.45865 0.34497 15 -72
167.43 -399.14 0.45865 0.34497 15 -72 -0.2 0.2 167.97 -399.06 0.45865 0.34497 11 -68
167.97 -399.06 0.45813 0.34497 11 -68 -0.2 0.2 168.58 -398.9 0.45813 0.34497 11 -68
168.58 -398.9 0.45813 0.34497 11 -68 -0.2 0.2 169.19 -398.74 0.45813 0.34497 11 -68
169.19 -398.74 0.45813 0.34497 11 -68 -0.2 0.2 169.81 -398.58 0.45813 0.34497 5 -74
169.81 -398.58 0.45787 0.34574 5 -74 -0.2 0.2 170.42 -398.5 0.45787 0.34574 5 -74
170.42 -398.5 0.45787 0.34574 5 -74 -0.2 0.2 170.96 -398.42 0.45787 0.34574 5 -74
170.96 -398.42 0.45787 0.34574 5 -74 -0.2 0.2 171.5 -398.34 0.45787 0.34574 12 -72
171.5 -398.34 0.4571 0.34651 12 -72 -0.2 0.2 172.11 -398.18 0.4571 0.34651 12 -72
172.11 -398.18 0.4571 0.34651 12 -72 -0.2 0.2 172.57 -398.02 0.4571 0.34651 12 -72
172.57 -398.02 0.4571 0.34651 12 -72 -0.2 0.2 173.19 -397.94 0.4571 0.34651 9 -72
173.19 -397.94 0.45659 0.34676 9 -72 -0.2 0.2 173.72 -397.78 0.45659 0.34676 9 -72
173.72 -397.78 0.45659 0.34676 9 -72 -0.2 0.2 174.26 -397.62 0.45659 0.34676 9 -72
174.26 -397.62 0.45659 0.34676 9 -72 -0.2 0.2 174.95 -397.46 0.45659 0.34676 13 -73
174.95 -397.46 0.45582 0.34753 13 -73 -0.2 0.2 175.56 -397.22 0.45582 0.34753 13 -73
175.56 -397.22 0.45582 0.34753 13 -73 -0.2 0.2 176.18 -397.06 0.45582 0.34753 9 -73
176.18 -397.06 0.45531 0.34779 9 -73 -0.2 0.2 176.79 -396.9 0.45531 0.34779 9 -73
176.79 -396.9 0.45531 0.34779 9 -73 -0.2 0.2 177.41 -396.82 0.45531 0.34779 9 -73
177.41 -396.82 0.45531 0.34779 9 -73 -0.2 0.2 178.02 -396.66 0.45531 0.34779 12 -67
178.02 -396.66 0.45505 0.34908 12 -67 -0.2 0.2 178.64 -396.5 0.45505 0.34908 12 -67
178.64 -396.5 0.45505 0.34908 12 -67 -0.2 0.2 179.25 -396.34 0.45505 0.34908 12 -67
179.25 -396.34 0.45505 0.34908 12 -67 -0.2 0.2 179.71 -396.19 0.45505 0.34908 9 -65
179.71 -396.19 0.45402 0.34908 9 -65 -0.2 0.2 180.4 -396.1 0.45402 0.34908 9 -65
180.4 -396.1 0.45402 0.34908 9 -65 -0.2 0.2 181.01 -395.87 0.45402 0.34908 9 -65
181.01 -395.87 0.45402 0.34908 9 -65 -0.2 0.2 181.63 -395.71 0.45402 0.34908 0 -72
181.63 -395.71 0.45376 0.34985 0 -72 -0.2 0.2 182.32 -395.55 0.45376 0.34985 0 -72
182.32 -395.55 0.45376 0.34985 0 -72 -0.2 0.2 182.86 -395.39 0.45376 0.34985 0 -72
182.86 -395.39 0.45376 0.34985 0 -72 -0.2 0.2 183.47 -395.31 0.45376 0.34985 14 -73
183.47 -395.31 0.45299 0.35088 14 -73 -0.2 0.2 184.01 -395.15 0.45299 0.35088 14 -73
184.01 -395.15 0.45299 0.35088 14 -73 -0.2 0.2 184.47 -395.07 0.45299 0.35088 14 -73
184.47 -395.07 0.45299 0.35088 14 -73 -0.2 0.2 185.08 -394.83 0.45299 0.35088 11 -72
185.08 -394.83 0.45248 0.35113 11 -72 -0.2 0.2 185.62 -394.67 0.45248 0.35113 11 -72
185.62 -394.67 0.45248 0.35113 11 -72 -0.2 0.2 186.23 -394.51 0.45248 0.35113 11 -72
186.23 -394.51 0.45248 0.35113 11 -72 -0.2 0.2 186.77 -394.36 0.45248 0.35113 15 -73
186.77 -394.36 0.45196 0.35191 15 -73 -0.2 0.2 187.39 -394.27 0.45196 0.35191 15 -73
187.39 -394.27 0.45196 0.35191 15 -73 -0.2 0.2 187.85 -394.12 0.45196 0.35191 15 -73
187.85 -394.12 0.45196 0.35191 15 -73 0 0 188.31 -394.03 0.45196 0.35191 11 -73
188.31 -394.03 0.45119 0.35216 11 -73 0 0 188.84 -393.88 0.45119 0.35216 11 -73
188.84 -393.88 0.45119 0.35216 11 -73 0 0 189.3 -393.72 0.45119 0.35216 11 -73
189.3 -393.72 0.45119 0.35216 11 -73 0 0 189.76 -393.64 0.45119 0.35216 0 -77
189.76 -393.64 0.45093 0.35268 0 -77 0 0 190.15 -393.56 0.45093 0.35268 0 -77
190.15 -393.56 0.45093 0.35268 0 -77 0 0 190.53 -393.55 0.45093 0.35268 0 -77
190.53 -393.55 0.45093 0.35268 0 -77 0 0 190.92 -393.47 0.45093 0.35268 10 -78
190.92 -393.47 0.45042 0.35345 10 -78 0 0 191.15 -393.47 0.45042 0.35345 10 -78
191.15 -393.47 0.45042 0.35345 10 -78 0 0 191.38 -393.47 0.45042 0.35345 10 -78
191.38 -393.47 0.45042 0.35345 10 -78 0 0 191.53 -393.39 0.45042 0.35345 14 -78
191.53 -393.39 0.45042 0.35345 14 -78 0 0 191.69 -393.39 0.45042 0.35345 14 -78
191.69 -393.39 0.45042 0.35345 14 -78 0 0 191.84 -393.39 0.45042 0.35345 14 -78
191.84 -393.39 0.45042 0.35345 14 -78 0 0 191.99 -393.39 0.45042 0.35345 13 -78
191.99 -393.39 0.45016 0.35345 13 -78 0 0 192.07 -393.39 0.45016 0.35345 13 -78
192.07 -393.39 0.45016 0.35345 13 -78 0 0 192.07 -393.46 0.45016 0.35345 16 -78
192.07 -393.46 0.45016 0.35345 16 -78 0 0 192.07 -393.54 0.45016 0.35345 16 -78
192.07 -393.54 0.45016 0.35345 16 -78 0 0 192.07 -393.54 0.45016 0.35345 16 -78
192.07 -393.54 0.45016 0.35345 16 -78 0 0 192.07 -393.54 0.45016 0.35345 14 -78
192.07 -393.54 0.45016 0.35345 14 -78 0 0 192.07 -393.54 0.45016 0.35345 14 -78
192.07 -393.54 0.45016 0.35345 14 -78 0 0.4 192.07 -393.54 0.45016 0.35345 14 -78
192.07 -393.54 0.45016 0.35345 14 -78 0 0.4 192.07 -393.54 0.45016 0.35345 13 -78
192.07 -393.54 0.45016 0.35345 13 -78 0 0.4 192.07 -393.54 0.45016 0.35345 13 -78
192.07 -393.54 0.45016 0.35345 13 -78 0 0.4 192.07 -393.62 0.45016 0.35345 13 -78
192.07 -393.62 0.45016 0.35345 13 -78 0 0.4 192.07 -393.62 0.45016 0.35345 15 -78
192.07 -393.62 0.45016 0.35345 15 -78 0 0.4 192.15 -393.54 0.45016 0.35345 15 -78
192.15 -393.54 0.45016 0.35345 15 -78 0 0.4 192.3 -393.46 0.45016 0.35345 15 -78
192.3 -393.46 0.45016 0.35345 15 -78 0 0.4 192.46 -393.38 0.45016 0.35345 16 -78
192.46 -393.38 0.45016 0.35345 16 -78 0 0.4 192.61 -393.3 0.45016 0.35345 16 -78
192.61 -393.3 0.45016 0.35345 16 -78 0 0.4 192.76 -393.23 0.45016 0.35345 16 -78
192.76 -393.23 0.45016 0.35345 16 -78 0 0.4 192.99 -393.07 0.45016 0.35345 15 -84
192.99 -393.07 0.45016 0.35448 15 -84 0 0.4 193.22 -392.99 0.45016 0.35448 15 -84
193.22 -392.99 0.45016 0.35448 15 -84 0 0.4 193.53 -392.84 0.45016 0.35448 15 -84
193.53 -392.84 0.45016 0.35448 15 -84 0 0.4 193.83 -392.68 0.45016 0.35448 16 -85
193.83 -392.68 0.45016 0.35499 16 -85 0 0.4 194.14 -392.52 0.45016 0.35499 16 -85
194.14 -392.52 0.45016 0.35499 16 -85 0 0.4 194.45 -392.37 0.45016 0.35499 16 -85
194.45 -392.37 0.45016 0.35499 16 -85 0 0.4 194.75 -392.21 0.45016 0.35499 16 -91
194.75 -392.21 0.45016 0.35679 16 -91 0 0.4 194.98 -392.05 0.45016 0.35679 16 -91
194.98 -392.05 0.45016 0.35679 16 -91 0 0.4 195.21 -391.9 0.45016 0.35679 16 -85
195.21 -391.9 0.45016 0.35679 16 -85 0 0.4 195.29 -391.82 0.45016 0.35679 16 -85
195.29 -391.82 0.45016 0.35679 16 -85 0 0.4 195.52 -391.74 0.45016 0.35679 16 -85
195.52 -391.74 0.45016 0.35679 16 -85 0 0.4 195.75 -391.58 0.45016 0.35679 17 -98
195.75 -391.58 0.45016 0.35807 17 -98 0 0.4 195.9 -391.43 0.45016 0.35807 17 -98
195.9 -391.43 0.45016 0.35807 17 -98 0 0.4 195.98 -391.35 0.45016 0.35807 17 -98
195.98 -391.35 0.45016 0.35807 17 -98 0 0.4 196.13 -391.2 0.45016 0.35807 16 -107
196.13 -391.2 0.45016 0.35936 16 -107 0 0.4 196.2 -391.12 0.45016 0.35936 16 -107
196.2 -391.12 0.45016 0.35936 16 -107 0 0.4 196.36 -391.04 0.45016 0.35936 16 -107
196.36 -391.04 0.45016 0.35936 16 -107 0 0.4 196.51 -390.89 0.45016 0.35936 17 -108
196.51 -390.89 0.45042 0.35962 17 -108 0 0.4 196.66 -390.81 0.45042 0.35962 17 -108
196.66 -390.81 0.45042 0.35962 17 -108 0 0.4 196.82 -390.73 0.45042 0.35962 17 -108
196.82 -390.73 0.45042 0.35962 17 -108 0 0.4 197.05 -390.57 0.45042 0.35962 17 -108
197.05 -390.57 0.45016 0.36167 17 -108 0 0.4 197.28 -390.49 0.45016 0.36167 17 -108
197.28 -390.49 0.45016 0.36167 17 -108 0 0.4 197.51 -390.34 0.45016 0.36167 17 -108
197.51 -390.34 0.45016 0.36167 17 -108 0 0.4 197.66 -390.18 0.45016 0.36167 17 -101
197.66 -390.18 0.45016 0.36167 17 -101 0 0.4 197.89 -390.1 0.45016 0.36167 17 -101
197.89 -390.1 0.45016 0.36167 17 -101 0 0.4 198.27 -389.95 0.45016 0.36167 17 -101
198.27 -389.95 0.45016 0.36167 17 -101 0 0.4 198.58 -389.79 0.45016 0.36167 17 -102
198.58 -389.79 0.45016 0.36399 17 -102 0 0.4 198.81 -389.56 0.45016 0.36399 17 -102
198.81 -389.56 0.45016 0.36399 17 -102 0 0.4 199.11 -389.4 0.45016 0.36399 17 -102
199.11 -389.4 0.45016 0.36399 17 -102 0 0.4 199.34 -389.17 0.45016 0.36399 17 -108
199.34 -389.17 0.45016 0.36553 17 -108 0 0.4 199.57 -389.09 0.45016 0.36553 17 -108
199.57 -389.09 0.45016 0.36553 17 -108 0 0.4 199.88 -388.93 0.45016 0.36553 17 -108
199.88 -388.93 0.45016 0.36553 17 -108 0 0.4 200.18 -388.78 0.45016 0.36553 17 -122
200.18 -388.78 0.45016 0.36579 17 -122 0 0.4 200.49 -388.7 0.45016 0.36579 17 -122
200.49 -388.7 0.45016 0.36579 17 -122 0 0.4 200.64 -388.54 0.45016 0.36579 17 -122
200.64 -388.54 0.45016 0.36579 17 -122 0 0.4 200.95 -388.39 0.45016 0.36579 17 -115
200.95 -388.39 0.45016 0.36733 17 -115 0 0.4 201.18 -388.23 0.45016 0.36733 17 -115
201.18 -388.23 0.45016 0.36733 17 -115 0 0.4 201.33 -388.07 0.45016 0.36733 17 -118
201.33 -388.07 0.45016 0.36733 17 -118 0 0.4 201.49 -388 0.45016 0.36733 17 -118
201.49 -388 0.45016 0.36733 17 -118 0 0.4 201.71 -387.84 0.45016 0.36733 17 -118
201.71 -387.84 0.45016 0.36733 17 -118 0 0.4 202.02 -387.76 0.45016 0.36733 17 -119
202.02 -387.76 0.45016 0.36887 17 -119 0 0.4 202.25 -387.6 0.45016 0.36887 17 -119
202.25 -387.6 0.45016 0.36887 17 -119 0 0.4 202.48 -387.53 0.45016 0.36887 17 -119
202.48 -387.53 0.45016 0.36887 17 -119 0 0.4 202.79 -387.29 0.45016 0.36887 17 -113
202.79 -387.29 0.45016 0.37067 17 -113 0 0.4 203.02 -387.06 0.45016 0.37067 17 -113
203.02 -387.06 0.45016 0.37067 17 -113 0 0.4 203.24 -386.83 0.45016 0.37067 17 -113
203.24 -386.83 0.45016 0.37067 17 -113 0 0.4 203.47 -386.59 0.45016 0.37067 17 -113
203.47 -386.59 0.45016 0.37067 17 -113 0 0.4 203.78 -386.44 0.45016 0.37067 23 -98
203.78 -386.44 0.45016 0.37118 23 -98 0 0.4 204.01 -386.28 0.45016 0.37118 23 -98
204.01 -386.28 0.45016 0.37118 23 -98 0 0.4 204.32 -386.13 0.45016 0.37118 28 -118
204.32 -386.13 0.45016 0.37273 28 -118 0 0.4 204.54 -385.97 0.45016 0.37273 28 -118
204.54 -385.97 0.45016 0.37273 28 -118 0 0.4 204.77 -385.81 0.45016 0.37273 28 -118
204.77 -385.81 0.45016 0.37273 28 -118 0 0.4 205 -385.66 0.45016 0.37273 24 -123
205 -385.66 0.44991 0.37401 24 -123 0 0.4 205.16 -385.5 0.44991 0.37401 24 -123
205.16 -385.5 0.44991 0.37401 24 -123 0 0.4 205.31 -385.35 0.44991 0.37401 24 -123
205.31 -385.35 0.44991 0.37401 24 -123 0 0.4 205.54 -385.19 0.44991 0.37401 25 -133
205.54 -385.19 0.45016 0.37401 25 -133 0 0.4 205.69 -385.11 0.45016 0.37401 25 -133
205.69 -385.11 0.45016 0.37401 25 -133 0 0.4 205.84 -385.03 0.45016 0.37401 25 -133
205.84 -385.03 0.45016 0.37401 25 -133 0 0.4 206 -384.88 0.45016 0.37401 28 -126
206 -384.88 0.44991 0.37581 28 -126 0 0.4 206.15 -384.72 0.44991 0.37581 28 -126
206.15 -384.72 0.44991 0.37581 28 -126 0 0.4 206.46 -384.57 0.44991 0.37581 28 -126
206.46 -384.57 0.44991 0.37581 28 -126 0 0.4 206.68 -384.41 0.44991 0.37581 33 -121
206.68 -384.41 0.44991 0.37607 33 -121 0 0.4 206.91 -384.26 0.44991 0.37607 33 -121
206.91 -384.26 0.44991 0.37607 33 -121 0 0.4 207.22 -384.02 0.44991 0.37607 33 -121
207.22 -384.02 0.44991 0.37607 33 -121 0 0.4 207.45 -383.79 0.44991 0.37607 34 -124
207.45 -383.79 0.44991 0.37812 34 -124 0 0.4 207.6 -383.63 0.44991 0.37812 34 -124
207.6 -383.63 0.44991 0.37812 34 -124 0 0.4 207.83 -383.48 0.44991 0.37812 34 -124
207.83 -383.48 0.44991 0.37812 34 -124 0 0.4 208.14 -383.32 0.44991 0.37812 34 -127
208.14 -383.32 0.44991 0.37967 34 -127 0 0.4 208.37 -383.17 0.44991 0.37967 34 -127
208.37 -383.17 0.44991 0.37967 34 -127 0 0.4 208.6 -383.01 0.44991 0.37967 34 -127
208.6 -383.01 0.44991 0.37967 34 -127 0 0.4 208.82 -382.78 0.44991 0.37967 30 -130
208.82 -382.78 0.44991 0.37967 30 -130 0 0.4 209.05 -382.7 0.44991 0.37967 30 -130
209.05 -382.7 0.44991 0.37967 30 -130 0 0.4 209.28 -382.54 0.44991 0.37967 30 -130
209.28 -382.54 0.44991 0.37967 30 -130 0 0.4 209.44 -382.39 0.44991 0.37967 29 -139
209.44 -382.39 0.44991 0.38121 29 -139 0 0.4 209.67 -382.23 0.44991 0.38121 29 -139
209.67 -382.23 0.44991 0.38121 29 -139 0 0.4 209.82 -382.08 0.44991 0.38121 29 -139
209.82 -382.08 0.44991 0.38121 29 -139 0 0.4 209.97 -382 0.44991 0.38121 34 -149
209.97 -382 0.44991 0.38275 34 -149 0 0.4 210.2 -381.92 0.44991 0.38275 34 -149
210.2 -381.92 0.44991 0.38275 34 -149 0 0.4 210.51 -381.84 0.44991 0.38275 34 -149
210.51 -381.84 0.44991 0.38275 34 -149 0 0.4 210.74 -381.76 0.44991 0.38275 28 -149
210.74 -381.76 0.44991 0.38301 28 -149 0 0.4 210.89 -381.61 0.44991 0.38301 28 -149
210.89 -381.61 0.44991 0.38301 28 -149 0 0.4 211.04 -381.37 0.44991 0.38301 35 -142
211.04 -381.37 0.44991 0.38506 35 -142 0 0.4 211.27 -381.14 0.44991 0.38506 35 -142
211.27 -381.14 0.44991 0.38506 35 -142 0 0.4 211.5 -380.99 0.44991 0.38506 35 -142
211.5 -380.99 0.44991 0.38506 35 -142 0 0.4 211.73 -380.75 0.44991 0.38506 32 -128
211.73 -380.75 0.44991 0.38506 32 -128 0 0.4 211.96 -380.6 0.44991 0.38506 32 -128
211.96 -380.6 0.44991 0.38506 32 -128 0 0.4 212.19 -380.36 0.44991 0.38506 32 -128
212.19 -380.36 0.44991 0.38506 32 -128 0 0.4 212.49 -380.21 0.44991 0.38506 35 -142
212.49 -380.21 0.44991 0.38661 35 -142 0 0.4 212.72 -379.97 0.44991 0.38661 35 -142
212.72 -379.97 0.44991 0.38661 35 -142 0 0.4 212.95 -379.74 0.44991 0.38661 35 -142
212.95 -379.74 0.44991 0.38661 35 -142 0 0.4 213.1 -379.51 0.44991 0.38661 35 -139
213.1 -379.51 0.44991 0.38789 35 -139 0 0.4 213.25 -379.2 0.44991 0.38789 35 -139
213.25 -379.2 0.44991 0.38789 35 -139 0 0.4 213.48 -378.89 0.44991 0.38789 35 -139
213.48 -378.89 0.44991 0.38789 35 -139 0 0.4 213.71 -378.66 0.44991 0.38789 35 -142
213.71 -378.66 0.44991 0.38841 35 -142 0 0.4 213.94 -378.5 0.44991 0.38841 35 -142
213.94 -378.5 0.44991 0.38841 35 -142 0 0.4 214.17 -378.35 0.44991 0.38841 35 -142
214.17 -378.35 0.44991 0.38841 35 -142 0 0.4 214.4 -378.19 0.44991 0.38841 34 -138
214.4 -378.19 0.44991 0.39046 34 -138 0 0.4 214.71 -377.96 0.44991 0.39046 34 -138
214.71 -377.96 0.44991 0.39046 34 -138 0 0.4 214.93 -377.72 0.44991 0.39046 34 -138
214.93 -377.72 0.44991 0.39046 34 -138 0 0.4 215.09 -377.57 0.44991 0.39046 35 -139
215.09 -377.57 0.44991 0.39072 35 -139 0 0.4 215.24 -377.34 0.44991 0.39072 35 -139
215.24 -377.34 0.44991 0.39072 35 -139 0 0.4 215.47 -377.1 0.44991 0.39072 35 -139
215.47 -377.1 0.44991 0.39072 35 -139 0 0.4 215.7 -376.87 0.44991 0.39072 34 -142
215.7 -376.87 0.44991 0.39252 34 -142 0 0.4 216 -376.71 0.44991 0.39252 34 -142
216 -376.71 0.44991 0.39252 34 -142 0 0.4 216.31 -376.64 0.44991 0.39252 35 -142
216.31 -376.64 0.44991 0.39406 35 -142 0 0.4 216.54 -376.48 0.44991 0.39406 35 -142
216.54 -376.48 0.44991 0.39406 35 -142 0 0.4 216.77 -376.32 0.44991 0.39406 35 -142
216.77 -376.32 0.44991 0.39406 35 -142 0 0.4 217 -376.17 0.44991 0.39406 35 -143
217 -376.17 0.44991 0.39483 35 -143 0 0.4 217.15 -375.94 0.44991 0.39483 35 -143
217.15 -375.94 0.44991 0.39483 35 -143 0 0.4 217.3 -375.7 0.44991 0.39483 35 -143
217.3 -375.7 0.44991 0.39483 35 -143 0 0.4 217.38 -375.55 0.44991 0.39483 35 -148
217.38 -375.55 0.44991 0.39612 35 -148 0 0.4 217.61 -375.39 0.44991 0.39612 35 -148
217.61 -375.39 0.44991 0.39612 35 -148 0 0.4 217.84 -375.16 0.44991 0.39612 35 -148
217.84 -375.16 0.44991 0.39612 35 -148 0 0.4 217.99 -374.93 0.44991 0.39612 35 -156
217.99 -374.93 0.44991 0.39612 35 -156 0 0.4 218.14 -374.77 0.44991 0.39612 35 -156
218.14 -374.77 0.44991 0.39612 35 -156 0 0.4 218.37 -374.62 0.44991 0.39612 35 -156
218.37 -374.62 0.44991 0.39612 35 -156 0 0.4 218.52 -374.38 0.44991 0.39612 35 -153
218.52 -374.38 0.44991 0.39792 35 -153 0 0.4 218.67 -374.08 0.44991 0.39792 35 -153
218.67 -374.08 0.44991 0.39792 35 -153 0 0.4 218.9 -373.92 0.44991 0.39792 35 -153
218.9 -373.92 0.44991 0.39792 35 -153 0 0.4 219.05 -373.69 0.44991 0.39792 35 -140
219.05 -373.69 0.44991 0.39818 35 -140 0 0.4 219.36 -373.45 0.44991 0.39818 35 -140
219.36 -373.45 0.44991 0.39818 35 -140 0 0.4 219.67 -373.3 0.44991 0.39818 34 -150
219.67 -373.3 0.44991 0.39997 34 -150 0 0.4 219.97 -373.14 0.44991 0.39997 34 -150
219.97 -373.14 0.44991 0.39997 34 -150 0 0.4 220.28 -372.98 0.44991 0.39997 34 -150
220.28 -372.98 0.44991 0.39997 34 -150 0 0.4 220.43 -372.75 0.44991 0.39997 35 -158
220.43 -372.75 0.44991 0.40152 35 -158 0 0.4 220.66 -372.52 0.44991 0.40152 35 -158
220.66 -372.52 0.44991 0.40152 35 -158 0 0.4 220.96 -372.36 0.44991 0.40152 35 -158
220.96 -372.36 0.44991 0.40152 35 -158 0 0.4 221.27 -372.21 0.44991 0.40152 35 -159
221.27 -372.21 0.44991 0.40152 35 -159 0 0.4 221.5 -372.05 0.44991 0.40152 35 -159
221.5 -372.05 0.44991 0.40152 35 -159 0 0.4 221.73 -371.82 0.44991 0.40152 35 -159
221.73 -371.82 0.44991 0.40152 35 -159 0 0.4 222.04 -371.66 0.44991 0.40152 35 -164
222.04 -371.66 0.44991 0.40332 35 -164 0 0.4 222.26 -371.43 0.44991 0.40332 35 -164
222.26 -371.43 0.44991 0.40332 35 -164 0 0.4 222.57 -371.2 0.44991 0.40332 35 -164
222.57 -371.2 0.44991 0.40332 35 -164 0 0.4 222.64 -370.89 0.44991 0.40332 35 -148
222.64 -370.89 0.44991 0.40332 35 -148 0 0.4 222.8 -370.66 0.44991 0.40332 35 -148
222.8 -370.66 0.44991 0.40332 35 -148 0 0.4 223.02 -370.42 0.44991 0.40332 35 -148
223.02 -370.42 0.44991 0.40332 35 -148 0 0.4 223.25 -370.19 0.44991 0.40332 34 -159
223.25 -370.19 0.44991 0.40563 34 -159 0 0.4 223.56 -370.03 0.44991 0.40563 34 -159
223.56 -370.03 0.44991 0.40563 34 -159 0 0.4 223.79 -369.95 0.44991 0.40563 35 -165
223.79 -369.95 0.44991 0.40692 35 -165 0 0.4 224.02 -369.72 0.44991 0.40692 35 -165
224.02 -369.72 0.44991 0.40692 35 -165 0 0.4 224.17 -369.41 0.44991 0.40692 35 -165
224.17 -369.41 0.44991 0.40692 35 -165 0 0.4 224.4 -369.1 0.44991 0.40692 34 -164
224.4 -369.1 0.44991 0.40717 34 -164 0 0.4 224.55 -368.87 0.44991 0.40717 34 -164
224.55 -368.87 0.44991 0.40717 34 -164 0 0.4 224.62 -368.64 0.44991 0.40717 34 -164
224.62 -368.64 0.44991 0.40717 34 -164 0 0.4 224.78 -368.41 0.44991 0.40717 34 -172
224.78 -368.41 0.44991 0.40871 34 -172 0 0.4 224.93 -368.25 0.44991 0.40871 34 -172
224.93 -368.25 0.44991 0.40871 34 -172 0 0.4 225.16 -368.1 0.44991 0.40871 34 -172
225.16 -368.1 0.44991 0.40871 34 -172 0 0.4 225.31 -367.86 0.44991 0.40871 36 -183
225.31 -367.86 0.44991 0.40871 36 -183 0 0.4 225.39 -367.71 0.44991 0.40871 36 -183
225.39 -367.71 0.44991 0.40871 36 -183 0 0.4 225.54 -367.4 0.44991 0.40871 36 -183
225.54 -367.4 0.44991 0.40871 36 -183 0 0.4 225.69 -367.17 0.44991 0.40871 39 -164
225.69 -367.17 0.44991 0.41077 39 -164 0 0.4 225.84 -366.86 0.44991 0.41077 39 -164
225.84 -366.86 0.44991 0.41077 39 -164 0 0.4 225.91 -366.63 0.44991 0.41077 39 -164
225.91 -366.63 0.44991 0.41077 39 -164 0 0.4 226.07 -366.47 0.44991 0.41077 40 -162
226.07 -366.47 0.44991 0.41103 40 -162 0 0.4 226.22 -366.32 0.44991 0.41103 40 -162
226.22 -366.32 0.44991 0.41103 40 -162 0 0.4 226.45 -366.08 0.44991 0.41103 41 -165
226.45 -366.08 0.44991 0.41257 41 -165 0 0.4 226.68 -365.85 0.44991 0.41257 41 -165
226.68 -365.85 0.44991 0.41257 41 -165 0 0.4 226.83 -365.62 0.44991 0.41257 41 -165
226.83 -365.62 0.44991 0.41257 41 -165 0 0.4 226.98 -365.31 0.44991 0.41257 40 -158
226.98 -365.31 0.44991 0.41411 40 -158 0 0.4 227.21 -365.08 0.44991 0.41411 40 -158
227.21 -365.08 0.44991 0.41411 40 -158 0 0.4 227.44 -364.92 0.44991 0.41411 40 -158
227.44 -364.92 0.44991 0.41411 40 -158 0 0.4 227.67 -364.69 0.44991 0.41411 40 -158
227.67 -364.69 0.44991 0.41488 40 -158 0 0.4 227.82 -364.61 0.44991 0.41488 40 -158
227.82 -364.61 0.44991 0.41488 40 -158 0 0 227.97 -364.38 0.44991 0.41488 40 -158
227.97 -364.38 0.44991 0.41488 40 -158 0 0 228.2 -364.22 0.44991 0.41488 38 -165
228.2 -364.22 0.44991 0.41643 38 -165 0 0 228.35 -363.99 0.44991 0.41643 38 -165
228.35 -363.99 0.44991 0.41643 38 -165 0 0 228.58 -363.68 0.44991 0.41643 38 -165
228.58 -363.68 0.44991 0.41643 38 -165 0 0 228.73 -363.45 0.44991 0.41643 39 -164
228.73 -363.45 0.44991 0.41668 39 -164 0 0 228.96 -363.29 0.44991 0.41668 39 -164
228.96 -363.29 0.44991 0.41668 39 -164 0 0 229.11 -363.06 0.44991 0.41668 39 -164
229.11 -363.06 0.44991 0.41668 39 -164 0 0 229.34 -362.91 0.44991 0.41668 40 -175
229.34 -362.91 0.44991 0.41823 40 -175 0 0 229.57 -362.83 0.44991 0.41823 40 -175
229.57 -362.83 0.44991 0.41823 40 -175 -0.2 0.2 229.73 -362.75 0.44991 0.41823 40 -175
229.73 -362.75 0.44991 0.41823 40 -175 -0.2 0.2 229.88 -362.59 0.44991 0.41823 38 -175
229.88 -362.59 0.44991 0.41823 38 -175 -0.2 0.2 230.03 -362.44 0.44991 0.41823 38 -175
230.03 -362.44 0.44991 0.41823 38 -175 -0.2 0.2 230.18 -362.21 0.44991 0.41823 38 -175
230.18 -362.21 0.44991 0.41823 38 -175 -0.2 0.2 230.34 -362.05 0.44991 0.41823 29 -174
230.34 -362.05 0.44965 0.41823 29 -174 -0.2 0.2 230.41 -361.9 0.44965 0.41823 29 -174
230.41 -361.9 0.44965 0.41823 29 -174 -0.2 0.2 230.64 -361.82 0.44965 0.41823 29 -174
230.64 -361.82 0.44965 0.41823 29 -174 -0.2 0.2 230.8 -361.74 0.44965 0.41823 28 -178
230.8 -361.74 0.44965 0.41848 28 -178 -0.2 0.2 230.95 -361.58 0.44965 0.41848 28 -178
230.95 -361.58 0.44965 0.41848 28 -178 -0.2 0.2 231.02 -361.43 0.44965 0.41848 32 -178
231.02 -361.43 0.44888 0.41848 32 -178 -0.2 0.2 231.18 -361.27 0.44888 0.41848 32 -178
231.18 -361.27 0.44888 0.41848 32 -178 -0.2 0.2 231.25 -361.04 0.44888 0.41848 32 -178
231.25 -361.04 0.44888 0.41848 32 -178 -0.2 0.2 231.4 -360.89 0.44888 0.41848 -1 -162
231.4 -360.89 0.44888 0.41977 -1 -162 -0.2 0.2 231.56 -360.66 0.44888 0.41977 -1 -162
231.56 -360.66 0.44888 0.41977 -1 -162 -0.2 0.2 231.71 -360.42 0.44888 0.41977 -1 -162
231.71 -360.42 0.44888 0.41977 -1 -162 -0.2 0.2 231.94 -360.19 0.44888 0.41977 38 -158
231.94 -360.19 0.44759 0.42002 38 -158 -0.2 0.2 232.09 -359.96 0.44759 0.42002 38 -158
232.09 -359.96 0.44759 0.42002 38 -158 -0.2 0.2 232.24 -359.73 0.44759 0.42002 38 -158
232.24 -359.73 0.44759 0.42002 38 -158 -0.2 0.2 232.47 -359.49 0.44759 0.42002 35 -158
232.47 -359.49 0.44759 0.42105 35 -158 -0.2 0.2 232.7 -359.26 0.44759 0.42105 35 -158
232.7 -359.26 0.44759 0.42105 35 -158 -0.2 0.2 232.93 -359.1 0.44759 0.42105 35 -158
232.93 -359.1 0.44759 0.42105 35 -158 -0.2 0.2 233.15 -358.87 0.44759 0.42105 35 -156
233.15 -358.87 0.44682 0.42182 35 -156 -0.2 0.2 233.38 -358.64 0.44682 0.42182 35 -156
233.38 -358.64 0.44682 0.42182 35 -156 -0.2 0.2 233.69 -358.48 0.44682 0.42182 35 -156
233.69 -358.48 0.44682 0.42182 35 -156 -0.2 0.2 234 -358.25 0.44682 0.42182 35 -149
234 -358.25 0.44579 0.42182 35 -149 -0.2 0.2 234.22 -357.94 0.44579 0.42182 35 -149
234.22 -357.94 0.44579 0.42182 35 -149 -0.2 0.2 234.45 -357.71 0.44579 0.42182 35 -149
234.45 -357.71 0.44579 0.42182 35 -149 -0.2 0.2 234.68 -357.4 0.44579 0.42182 32 -148
234.68 -357.4 0.44579 0.42311 32 -148 -0.2 0.2 234.91 -357.16 0.44579 0.42311 32 -148
234.91 -357.16 0.44579 0.42311 32 -148 -0.2 0.2 235.22 -357.01 0.44579 0.42311 32 -148
235.22 -357.01 0.44579 0.42311 32 -148 -0.2 0.2 235.52 -356.85 0.44579 0.42311 38 -158
235.52 -356.85 0.44477 0.42388 38 -158 -0.2 0.2 235.67 -356.62 0.44477 0.42388 38 -158
235.67 -356.62 0.44477 0.42388 38 -158 -0.2 0.2 235.83 -356.39 0.44477 0.42388 38 -158
235.83 -356.39 0.44477 0.42388 38 -158 -0.2 0.2 236.05 -356.08 0.44477 0.42388 19 -157
236.05 -356.08 0.44425 0.42388 19 -157 -0.2 0.2 236.28 -355.92 0.44425 0.42388 19 -157
236.28 -355.92 0.44425 0.42388 19 -157 -0.2 0.2 236.51 -355.69 0.44425 0.42388 19 -152
236.51 -355.69 0.44399 0.42517 19 -152 -0.2 0.2 236.74 -355.38 0.44399 0.42517 19 -152
236.74 -355.38 0.44399 0.42517 19 -152 -0.2 0.2 236.89 -355.15 0.44399 0.42517 19 -152
236.89 -355.15 0.44399 0.42517 19 -152 -0.2 0.2 237.12 -354.91 0.44399 0.42517 18 -152
237.12 -354.91 0.44322 0.42517 18 -152 -0.2 0.2 237.35 -354.68 0.44322 0.42517 18 -152
237.35 -354.68 0.44322 0.42517 18 -152 -0.2 0.2 237.65 -354.45 0.44322 0.42517 18 -152
237.65 -354.45 0.44322 0.42517 18 -152 -0.2 0.2 237.88 -354.14 0.44322 0.42517 18 -146
237.88 -354.14 0.44297 0.42645 18 -146 -0.2 0.2 238.19 -353.9 0.44297 0.42645 18 -146
238.19 -353.9 0.44297 0.42645 18 -146 -0.2 0.2 238.49 -353.52 0.44297 0.42645 18 -146
238.49 -353.52 0.44297 0.42645 18 -146 -0.2 0.2 238.88 -353.28 0.44297 0.42645 24 -128
238.88 -353.28 0.44194 0.42645 24 -128 -0.2 0.2 239.26 -352.97 0.44194 0.42645 24 -128
239.26 -352.97 0.44194 0.42645 24 -128 -0.2 0.2 239.56 -352.74 0.44194 0.42645 24 -128
239.56 -352.74 0.44194 0.42645 24 -128 -0.2 0.2 239.87 -352.35 0.44194 0.42645 21 -141
239.87 -352.35 0.44168 0.42774 21 -141 -0.2 0.2 240.17 -352.04 0.44168 0.42774 21 -141
240.17 -352.04 0.44168 0.42774 21 -141 -0.2 0.2 240.4 -351.81 0.44168 0.42774 21 -141
240.4 -351.81 0.44168 0.42774 21 -141 -0.2 0.2 240.86 -351.65 0.44168 0.42774 17 -140
240.86 -351.65 0.44117 0.42825 17 -140 -0.2 0.2 241.17 -351.42 0.44117 0.42825 17 -140
241.17 -351.42 0.44117 0.42825 17 -140 -0.2 0.2 241.47 -351.18 0.44117 0.42825 17 -139
241.47 -351.18 0.4404 0.42902 17 -139 -0.2 0.2 241.78 -351.03 0.4404 0.42902 17 -139
241.78 -351.03 0.4404 0.42902 17 -139 -0.2 0.2 242.08 -350.79 0.4404 0.42902 17 -139
242.08 -350.79 0.4404 0.42902 17 -139 -0.2 0.2 242.39 -350.56 0.4404 0.42902 17 -143
242.39 -350.56 0.44014 0.42954 17 -143 -0.2 0.2 242.7 -350.48 0.44014 0.42954 17 -143
242.7 -350.48 0.44014 0.42954 17 -143 -0.2 0.2 243.08 -350.17 0.44014 0.42954 17 -143
243.08 -350.17 0.44014 0.42954 17 -143 -0.2 0.2 243.46 -349.94 0.44014 0.42954 15 -134
243.46 -349.94 0.43937 0.42954 15 -134 -0.2 0.2 243.77 -349.7 0.43937 0.42954 15 -134
243.77 -349.7 0.43937 0.42954 15 -134 -0.2 0.2 244.23 -349.47 0.43937 0.42954 15 -134
244.23 -349.47 0.43937 0.42954 15 -134 -0.2 0.2 244.69 -349.23 0.43937 0.42954 24 -145
244.69 -349.23 0.43937 0.43056 24 -145 -0.2 0.2 245.15 -348.92 0.43937 0.43056 24 -145
245.15 -348.92 0.43937 0.43056 24 -145 -0.2 0.2 245.45 -348.53 0.43937 0.43056 24 -145
245.45 -348.53 0.43937 0.43056 24 -145 -0.2 0.2 245.91 -348.3 0.43937 0.43056 18 -140
245.91 -348.3 0.43834 0.43159 18 -140 -0.2 0.2 246.44 -347.99 0.43834 0.43159 18 -140
246.44 -347.99 0.43834 0.43159 18 -140 0 0 246.9 -347.67 0.43834 0.43159 18 -140
246.9 -347.67 0.43834 0.43159 18 -140 0 0 247.36 -347.44 0.43834 0.43159 18 -140
247.36 -347.44 0.43757 0.43185 18 -140 0 0 247.75 -347.13 0.43757 0.43185 18 -140
247.75 -347.13 0.43757 0.43185 18 -140 0 0 248.13 -346.82 0.43757 0.43185 18 -140
248.13 -346.82 0.43757 0.43185 18 -140 0 0 248.43 -346.58 0.43757 0.43185 17 -137
248.43 -346.58 0.43731 0.43313 17 -137 0 0 248.66 -346.35 0.43731 0.43313 17 -137
248.66 -346.35 0.43731 0.43313 17 -137 0 0 248.97 -346.12 0.43731 0.43313 17 -137
248.97 -346.12 0.43731 0.43313 17 -137 0 0 249.12 -345.96 0.43731 0.43313 18 -140
249.12 -345.96 0.4368 0.43313 18 -140 0 0 249.27 -345.81 0.4368 0.43313 18 -140
249.27 -345.81 0.4368 0.43313 18 -140 0 0 249.43 -345.73 0.4368 0.43313 18 -140
249.43 -345.73 0.4368 0.43313 18 -140 -0.4 0 249.58 -345.73 0.4368 0.43313 18 -140
249.58 -345.73 0.4368 0.43313 18 -140 -0.4 0 249.66 -345.65 0.4368 0.43313 18 -140
249.66 -345.65 0.4368 0.43313 18 -140 -0.4 0 249.73 -345.5 0.4368 0.43313 19 -140
249.73 -345.5 0.4368 0.43313 19 -140 -0.4 0 249.81 -345.34 0.4368 0.43313 19 -140
249.81 -345.34 0.4368 0.43313 19 -140 -0.4 0 249.88 -345.19 0.4368 0.43313 19 -140
249.88 -345.19 0.4368 0.43313 19 -140 -0.4 0 250.19 -345.03 0.4368 0.43313 20 -130
250.19 -345.03 0.43628 0.43313 20 -130 -0.4 0 250.42 -344.8 0.43628 0.43313 20 -130
250.42 -344.8 0.43628 0.43313 20 -130 -0.4 0 250.72 -344.64 0.43628 0.43313 20 -130
250.72 -344.64 0.43628 0.43313 20 -130 -0.4 0 251.03 -344.48 0.43628 0.43313 17 -129
251.03 -344.48 0.43603 0.43339 17 -129 -0.4 0 251.34 -344.33 0.43603 0.43339 17 -129
251.34 -344.33 0.43603 0.43339 17 -129 -0.4 0 251.87 -344.09 0.43603 0.43339 17 -129
251.87 -344.09 0.43603 0.43339 17 -129 -0.4 0 252.41 -343.86 0.43603 0.43339 16 -115
252.41 -343.86 0.43397 0.4339 16 -115 -0.4 0 252.95 -343.62 0.43397 0.4339 16 -115
252.95 -343.62 0.43397 0.4339 16 -115 -0.4 0 253.48 -343.31 0.43397 0.4339 16 -115
253.48 -343.31 0.43397 0.4339 16 -115 -0.4 0 254.17 -342.84 0.43397 0.4339 22 -99
254.17 -342.84 0.43423 0.43416 22 -99 -0.4 0 254.78 -342.61 0.43423 0.43416 22 -99
254.78 -342.61 0.43423 0.43416 22 -99 -0.4 0 255.47 -342.37 0.43423 0.43416 22 -99
255.47 -342.37 0.43423 0.43416 22 -99 -0.4 0 256.16 -342.13 0.43423 0.43416 17 -105
256.16 -342.13 0.43217 0.43468 17 -105 -0.4 0 256.62 -341.9 0.43217 0.43468 17 -105
256.62 -341.9 0.43217 0.43468 17 -105 -0.4 0 257.24 -341.66 0.43217 0.43468 17 -105
257.24 -341.66 0.43217 0.43468 17 -105 -0.4 0 257.77 -341.35 0.43217 0.43468 14 -96
257.77 -341.35 0.43037 0.43493 14 -96 -0.4 0 258.31 -341.04 0.43037 0.43493 14 -96
258.31 -341.04 0.43037 0.43493 14 -96 -0.4 0 258.84 -340.72 0.43037 0.43493 14 -96
258.84 -340.72 0.43037 0.43493 14 -96 -0.4 0 259.15 -340.49 0.43037 0.43493 -1 -96
259.15 -340.49 0.43037 0.43493 -1 -96 -0.4 0 259.61 -340.26 0.43037 0.43493 -1 -96
259.61 -340.26 0.43037 0.43493 -1 -96 -0.4 0 260.14 -339.94 0.43037 0.43493 -1 -96
260.14 -339.94 0.43037 0.43493 -1 -96 -0.4 0 260.68 -339.63 0.43037 0.43493 12 -94
260.68 -339.63 0.42857 0.43519 12 -94 -0.4 0 261.06 -339.47 0.42857 0.43519 12 -94
261.06 -339.47 0.42857 0.43519 12 -94 -0.4 0 261.45 -339.16 0.42857 0.43519 12 -94
261.45 -339.16 0.42857 0.43519 12 -94 -0.4 0 261.9 -338.85 0.42857 0.43519 14 -74
261.9 -338.85 0.42831 0.43519 14 -74 -0.4 0 262.36 -338.46 0.42831 0.43519 14 -74
262.36 -338.46 0.42831 0.43519 14 -74 -0.4 0 262.82 -338.07 0.42831 0.43519 16 -79
262.82 -338.07 0.42651 0.43571 16 -79 -0.4 0 263.2 -337.76 0.42651 0.43571 16 -79
263.2 -337.76 0.42651 0.43571 16 -79 -0.4 0 263.59 -337.6 0.42651 0.43571 16 -79
263.59 -337.6 0.42651 0.43571 16 -79 -0.4 0 264.12 -337.22 0.42651 0.43571 12 -78
264.12 -337.22 0.42497 0.43571 12 -78 -0.4 0 264.73 -336.9 0.42497 0.43571 12 -78
264.73 -336.9 0.42497 0.43571 12 -78 -0.4 0 265.35 -336.59 0.42497 0.43571 12 -78
265.35 -336.59 0.42497 0.43571 12 -78 -0.4 0 265.8 -336.28 0.42497 0.43571 -1 -71
265.8 -336.28 0.42446 0.43571 -1 -71 -0.4 0 266.19 -335.97 0.42446 0.43571 -1 -71
266.19 -335.97 0.42446 0.43571 -1 -71 -0.4 0 266.65 -335.65 0.42446 0.43571 -1 -71
266.65 -335.65 0.42446 0.43571 -1 -71 -0.4 0 267.1 -335.27 0.42446 0.43571 13 -70
267.1 -335.27 0.42266 0.43596 13 -70 -0.4 0 267.56 -334.95 0.42266 0.43596 13 -70
267.56 -334.95 0.42266 0.43596 13 -70 -0.4 0 267.87 -334.64 0.42266 0.43596 13 -70
267.87 -334.64 0.42266 0.43596 13 -70 -0.4 0 268.33 -334.41 0.42266 0.43596 9 -70
268.33 -334.41 0.4224 0.43596 9 -70 -0.4 0 268.86 -334.1 0.4224 0.43596 9 -70
268.86 -334.1 0.4224 0.43596 9 -70 -0.4 0 269.4 -333.86 0.4224 0.43596 9 -70
269.4 -333.86 0.4224 0.43596 9 -70 -0.4 0 269.93 -333.47 0.4224 0.43596 10 -69
269.93 -333.47 0.42112 0.43596 10 -69 -0.4 0 270.32 -333.32 0.42112 0.43596 10 -69
270.32 -333.32 0.42112 0.43596 10 -69 -0.4 0 270.7 -332.93 0.42112 0.43596 10 -69
270.7 -332.93 0.42112 0.43596 10 -69 -0.4 0 271.16 -332.54 0.42112 0.43596 8 -61
271.16 -332.54 0.41932 0.43622 8 -61 -0.4 0 271.61 -332.15 0.41932 0.43622 8 -61
271.61 -332.15 0.41932 0.43622 8 -61 -0.4 0 272.07 -331.84 0.41932 0.43622 8 -61
272.07 -331.84 0.41932 0.43622 8 -61 -0.4 0 272.53 -331.53 0.41932 0.43622 -5 -61
272.53 -331.53 0.41906 0.43622 -5 -61 -0.4 0 272.99 -331.29 0.41906 0.43622 -5 -61
272.99 -331.29 0.41906 0.43622 -5 -61 -0.4 0 273.53 -331.06 0.41906 0.43622 9 -53
273.53 -331.06 0.41726 0.43673 9 -53 -0.4 0 274.06 -330.74 0.41726 0.43673 9 -53
274.06 -330.74 0.41726 0.43673 9 -53 -0.4 0 274.45 -330.43 0.41726 0.43673 9 -53
274.45 -330.43 0.41726 0.43673 9 -53 -0.4 0 274.83 -330.2 0.41726 0.43673 -1 -56
274.83 -330.2 0.41675 0.43673 -1 -56 0 0 275.21 -329.81 0.41675 0.43673 -1 -56
275.21 -329.81 0.41675 0.43673 -1 -56 0 0 275.67 -329.58 0.41675 0.43673 -1 -56
275.67 -329.58 0.41675 0.43673 -1 -56 0 0 276.13 -329.34 0.41675 0.43673 6 -53
276.13 -329.34 0.41546 0.43673 6 -53 0 0 276.44 -329.26 0.41546 0.43673 6 -53
276.44 -329.26 0.41546 0.43673 6 -53 0 0 276.74 -329.1 0.41546 0.43673 6 -53
276.74 -329.1 0.41546 0.43673 6 -53 0 0 277.05 -329.03 0.41546 0.43673 1 -48
277.05 -329.03 0.41443 0.43673 1 -48 0 0 277.36 -328.87 0.41443 0.43673 1 -48
277.36 -328.87 0.41443 0.43673 1 -48 0 0 277.59 -328.79 0.41443 0.43673 1 -48
277.59 -328.79 0.41443 0.43673 1 -48 -0.2 0.2 277.82 -328.71 0.41443 0.43673 4 -45
277.82 -328.71 0.41443 0.43699 4 -45 -0.2 0.2 277.97 -328.48 0.41443 0.43699 4 -45
277.97 -328.48 0.41443 0.43699 4 -45 -0.2 0.2 278.12 -328.32 0.41443 0.43699 4 -45
278.12 -328.32 0.41443 0.43699 4 -45 -0.2 0.2 278.27 -328.17 0.41443 0.43699 4 -45
278.27 -328.17 0.41418 0.43699 4 -45 -0.2 0.2 278.43 -328.09 0.41418 0.43699 4 -45
278.43 -328.09 0.41418 0.43699 4 -45 -0.2 0.2 278.66 -328.01 0.41418 0.43699 4 -45
278.66 -328.01 0.41418 0.43699 4 -45 -0.2 0.2 278.81 -327.86 0.41418 0.43699 -1 -46
278.81 -327.86 0.41392 0.43699 -1 -46 -0.2 0.2 278.96 -327.78 0.41392 0.43699 -1 -46
278.96 -327.78 0.41392 0.43699 -1 -46 -0.2 0.2 279.19 -327.54 0.41392 0.43699 -1 -46
279.19 -327.54 0.41392 0.43699 -1 -46 -0.2 0.2 279.42 -327.39 0.41392 0.43699 -3 -52
279.42 -327.39 0.41366 0.43725 -3 -52 -0.2 0.2 279.65 -327.16 0.41366 0.43725 -3 -52
279.65 -327.16 0.41366 0.43725 -3 -52 -0.2 0.2 279.95 -327 0.41366 0.43725 -3 -52
279.95 -327 0.41366 0.43725 -3 -52 -0.2 0.2 280.26 -326.77 0.41366 0.43725 6 -48
280.26 -326.77 0.41289 0.4375 6 -48 -0.2 0.2 280.64 -326.38 0.41289 0.4375 6 -48
280.64 -326.38 0.41289 0.4375 6 -48 -0.2 0.2 281.02 -326.14 0.41289 0.4375 6 -48
281.02 -326.14 0.41289 0.4375 6 -48 -0.2 0.2 281.41 -325.91 0.41289 0.4375 0 -49
281.41 -325.91 0.41263 0.43828 0 -49 -0.2 0.2 281.79 -325.68 0.41263 0.43828 0 -49
281.79 -325.68 0.41263 0.43828 0 -49 -0.2 0.2 282.17 -325.36 0.41263 0.43828 0 -49
282.17 -325.36 0.41263 0.43828 0 -49 -0.2 0.2 282.48 -325.05 0.41263 0.43828 7 -55
282.48 -325.05 0.41186 0.43905 7 -55 -0.2 0.2 282.78 -324.74 0.41186 0.43905 7 -55
282.78 -324.74 0.41186 0.43905 7 -55 -0.2 0.2 283.09 -324.36 0.41186 0.43905 7 -55
283.09 -324.36 0.41186 0.43905 7 -55 -0.2 0.2 283.39 -324.12 0.41186 0.43905 7 -60
283.39 -324.12 0.41084 0.43905 7 -60 -0.2 0.2 283.77 -323.81 0.41084 0.43905 7 -60
283.77 -323.81 0.41084 0.43905 7 -60 -0.2 0.2 284.16 -323.5 0.41084 0.43905 0 -52
284.16 -323.5 0.41058 0.44007 0 -52 -0.2 0.2 284.46 -323.19 0.41058 0.44007 0 -52
284.46 -323.19 0.41058 0.44007 0 -52 -0.2 0.2 284.77 -322.88 0.41058 0.44007 0 -52
284.77 -322.88 0.41058 0.44007 0 -52 -0.2 0.2 285.15 -322.65 0.41058 0.44007 5 -48
285.15 -322.65 0.40981 0.44033 5 -48 -0.2 0.2 285.53 -322.41 0.40981 0.44033 5 -48
285.53 -322.41 0.40981 0.44033 5 -48 -0.2 0.2 285.99 -322.1 0.40981 0.44033 5 -48
285.99 -322.1 0.40981 0.44033 5 -48 -0.2 0.2 286.45 -321.79 0.40981 0.44033 6 -47
286.45 -321.79 0.40955 0.4411 6 -47 -0.2 0.2 286.83 -321.48 0.40955 0.4411 6 -47
286.83 -321.48 0.40955 0.4411 6 -47 -0.2 0.2 287.21 -321.24 0.40955 0.4411 6 -47
287.21 -321.24 0.40955 0.4411 6 -47 -0.2 0.2 287.6 -321.01 0.40955 0.4411 9 -56
287.6 -321.01 0.40852 0.44213 9 -56 -0.2 0.2 287.98 -320.78 0.40852 0.44213 9 -56
287.98 -320.78 0.40852 0.44213 9 -56 -0.2 0.2 288.51 -320.46 0.40852 0.44213 9 -56
288.51 -320.46 0.40852 0.44213 9 -56 -0.2 0.2 288.9 -320.15 0.40852 0.44213 5 -49
288.9 -320.15 0.40826 0.44187 5 -49 -0.2 0.2 289.28 -319.84 0.40826 0.44187 5 -49
289.28 -319.84 0.40826 0.44187 5 -49 -0.2 0.2 289.66 -319.53 0.40826 0.44187 5 -49
289.66 -319.53 0.40826 0.44187 5 -49 -0.2 0.2 290.04 -319.22 0.40826 0.44187 -1 -54
290.04 -319.22 0.40775 0.4429 -1 -54 -0.2 0.2 290.42 -318.91 0.40775 0.4429 -1 -54
290.42 -318.91 0.40775 0.4429 -1 -54 -0.2 0.2 290.8 -318.6 0.40775 0.4429 -1 -54
290.8 -318.6 0.40775 0.4429 -1 -54 -0.2 0.2 291.19 -318.36 0.40775 0.4429 7 -55
291.19 -318.36 0.40672 0.44367 7 -55 -0.2 0.2 291.57 -318.05 0.40672 0.44367 7 -55
291.57 -318.05 0.40672 0.44367 7 -55 -0.2 0.2 291.95 -317.74 0.40672 0.44367 7 -55
291.95 -317.74 0.40672 0.44367 7 -55 -0.2 0.2 292.33 -317.43 0.40672 0.44367 7 -54
292.33 -317.43 0.40621 0.44393 7 -54 -0.2 0.2 292.72 -317.12 0.40621 0.44393 7 -54
292.72 -317.12 0.40621 0.44393 7 -54 -0.2 0.2 293.17 -316.73 0.40621 0.44393 7 -54
293.17 -316.73 0.40621 0.44393 7 -54 -0.2 0.2 293.56 -316.42 0.40621 0.44393 10 -60
293.56 -316.42 0.40569 0.44444 10 -60 -0.2 0.2 293.94 -316.18 0.40569 0.44444 10 -60
293.94 -316.18 0.40569 0.44444 10 -60 -0.2 0.2 294.32 -315.95 0.40569 0.44444 10 -60
294.32 -315.95 0.40569 0.44444 10 -60 -0.2 0.2 294.7 -315.64 0.40569 0.44444 10 -60
294.7 -315.64 0.40569 0.44444 10 -60 -0.2 0.2 295.16 -315.33 0.40569 0.44444 10 -60
295.16 -315.33 0.40569 0.44444 10 -60 -0.2 0.2 295.47 -315.09 0.40569 0.44444 10 -60
295.47 -315.09 0.40569 0.44444 10 -60 -0.2 0.2 295.77 -314.86 0.40569 0.44444 7 -48
295.77 -314.86 0.40492 0.4447 7 -48 -0.2 0.2 296 -314.63 0.40492 0.4447 7 -48
296 -314.63 0.40492 0.4447 7 -48 -0.2 0.2 296.38 -314.39 0.40492 0.4447 7 -48
296.38 -314.39 0.40492 0.4447 7 -48 -0.2 0.2 296.77 -314.16 0.40492 0.4447 0 -57
296.77 -314.16 0.40466 0.44573 0 -57 -0.2 0.2 297.15 -313.77 0.40466 0.44573 0 -57
297.15 -313.77 0.40466 0.44573 0 -57 0 0 297.53 -313.38 0.40466 0.44573 0 -57
297.53 -313.38 0.40466 0.44573 0 -57 0 0 297.91 -313 0.40466 0.44573 8 -55
297.91 -313 0.40364 0.4465 8 -55 0 0 298.21 -312.61 0.40364 0.4465 8 -55
298.21 -312.61 0.40364 0.4465 8 -55 0 0 298.6 -312.3 0.40364 0.4465 6 -55
298.6 -312.3 0.40287 0.44701 6 -55 0 0 298.98 -311.99 0.40287 0.44701 6 -55
298.98 -311.99 0.40287 0.44701 6 -55 0 0 299.36 -311.75 0.40287 0.44701 6 -55
299.36 -311.75 0.40287 0.44701 6 -55 0 0 299.67 -311.52 0.40287 0.44701 12 -59
299.67 -311.52 0.40235 0.44804 12 -59 0 0 299.97 -311.29 0.40235 0.44804 12 -59
299.97 -311.29 0.40235 0.44804 12 -59 0 0 300.28 -311.05 0.40235 0.44804 12 -59
300.28 -311.05 0.40235 0.44804 12 -59 0 0 300.58 -310.82 0.40235 0.44804 9 -59
300.58 -310.82 0.40209 0.44804 9 -59 0 0 300.74 -310.66 0.40209 0.44804 9 -59
300.74 -310.66 0.40209 0.44804 9 -59 0 0 300.89 -310.51 0.40209 0.44804 9 -59
300.89 -310.51 0.40209 0.44804 9 -59 0 0 301.04 -310.51 0.40209 0.44804 12 -59
301.04 -310.51 0.40209 0.44804 12 -59 0 0 301.2 -310.51 0.40209 0.44804 12 -59
301.2 -310.51 0.40209 0.44804 12 -59 0 0 301.27 -310.58 0.40209 0.44804 12 -59
301.27 -310.58 0.40209 0.44804 12 -59 0 0 301.35 -310.66 0.40209 0.44804 9 -59
301.35 -310.66 0.40209 0.44804 9 -59 0 0 301.35 -310.66 0.40209 0.44804 9 -59
301.35 -310.66 0.40209 0.44804 9 -59 0 0 301.35 -310.66 0.40209 0.44804 9 -59
301.35 -310.66 0.40209 0.44804 9 -59 0 0 301.35 -310.66 0.40209 0.44804 12 -59
301.35 -310.66 0.40235 0.44804 12 -59 0 0 301.35 -310.58 0.40235 0.44804 12 -59
301.35 -310.58 0.40235 0.44804 12 -59 0 0 301.35 -310.58 0.40235 0.44804 12 -59
301.35 -310.58 0.40235 0.44804 12 -59 0 0 301.35 -310.58 0.40235 0.44804 15 -59
301.35 -310.58 0.40209 0.44804 15 -59 0 0 301.35 -310.58 0.40209 0.44804 15 -59
301.35 -310.58 0.40209 0.44804 15 -59 0 0 301.35 -310.58 0.40209 0.44804 15 -59
301.35 -310.58 0.40209 0.44804 15 -59 0 -0.4 301.35 -310.58 0.40209 0.44804 11 -59
301.35 -310.58 0.40209 0.44804 11 -59 0 -0.4 301.35 -310.58 0.40209 0.44804 11 -59
301.35 -310.58 0.40209 0.44804 11 -59 0 -0.4 301.35 -310.5 0.40209 0.44804 11 -59
301.35 -310.5 0.40209 0.44804 11 -59 0 -0.4 301.35 -310.5 0.40209 0.44804 12 -59
301.35 -310.5 0.40209 0.44804 12 -59 0 -0.4 301.35 -310.5 0.40209 0.44804 12 -59
301.35 -310.5 0.40209 0.44804 12 -59 0 -0.4 301.35 -310.5 0.40209 0.44804 12 -59
301.35 -310.5 0.40209 0.44804 12 -59 0 -0.4 301.35 -310.5 0.40209 0.44804 14 -60
301.35 -310.5 0.40209 0.44804 14 -60 0 -0.4 301.35 -310.5 0.40209 0.44804 14 -60
301.35 -310.5 0.40209 0.44804 14 -60 0 -0.4 301.35 -310.58 0.40209 0.44804 14 -60
301.35 -310.58 0.40209 0.44804 14 -60 0 -0.4 301.35 -310.58 0.40209 0.44804 11 -17
301.35 -310.58 0.40235 0.44804 11 -17 0 -0.4 301.35 -310.58 0.40235 0.44804 11 -17
301.35 -310.58 0.40235 0.44804 11 -17 0 -0.4 301.27 -310.58 0.40235 0.44804 11 -17
301.27 -310.58 0.40235 0.44804 11 -17 0 -0.4 301.2 -310.58 0.40235 0.44804 11 -18
301.2 -310.58 0.40235 0.44779 11 -18 0 -0.4 301.12 -310.58 0.40235 0.44779 11 -18
301.12 -310.58 0.40235 0.44779 11 -18 0 -0.4 301.04 -310.58 0.40235 0.44779 15 -3
301.04 -310.58 0.40235 0.44701 15 -3 0 -0.4 301.04 -310.74 0.40235 0.44701 15 -3
301.04 -310.74 0.40235 0.44701 15 -3 0 -0.4 301.04 -310.81 0.40235 0.44701 15 -3
301.04 -310.81 0.40235 0.44701 15 -3 0 -0.4 301.05 -310.89 0.40235 0.44701 15 -11
301.05 -310.89 0.40235 0.44624 15 -11 0 -0.4 301.05 -310.97 0.40235 0.44624 15 -11
301.05 -310.97 0.40235 0.44624 15 -11 0 -0.4 300.97 -311.05 0.40235 0.44624 15 -11
300.97 -311.05 0.40235 0.44624 15 -11 0 -0.4 300.97 -311.12 0.40235 0.44624 8 -13
300.97 -311.12 0.40209 0.44444 8 -13 0 -0.4 300.89 -311.2 0.40209 0.44444 8 -13
300.89 -311.2 0.40209 0.44444 8 -13 0 -0.4 300.82 -311.28 0.40209 0.44444 8 -13
300.82 -311.28 0.40209 0.44444 8 -13 0 -0.4 300.74 -311.43 0.40209 0.44444 14 1
300.74 -311.43 0.40235 0.44419 14 1 0 -0.4 300.74 -311.59 0.40235 0.44419 14 1
300.74 -311.59 0.40235 0.44419 14 1 0 -0.4 300.75 -311.74 0.40235 0.44419 14 1
300.75 -311.74 0.40235 0.44419 14 1 0 -0.4 300.75 -311.89 0.40235 0.44419 14 -4
300.75 -311.89 0.40209 0.44265 14 -4 0 -0.4 300.75 -312.05 0.40209 0.44265 14 -4
300.75 -312.05 0.40209 0.44265 14 -4 0 -0.4 300.67 -312.13 0.40209 0.44265 14 -4
300.67 -312.13 0.40209 0.44265 14 -4 0 -0.4 300.6 -312.2 0.40209 0.44265 10 0
300.6 -312.2 0.40209 0.44136 10 0 0 -0.4 300.52 -312.28 0.40209 0.44136 10 0
300.52 -312.28 0.40209 0.44136 10 0 0 -0.4 300.44 -312.36 0.40209 0.44136 10 0
300.44 -312.36 0.40209 0.44136 10 0 0 -0.4 300.44 -312.44 0.40209 0.44136 16 -12
300.44 -312.44 0.40209 0.44059 16 -12 0 -0.4 300.37 -312.51 0.40209 0.44059 16 -12
300.37 -312.51 0.40209 0.44059 16 -12 0 -0.4 300.37 -312.59 0.40209 0.44059 16 -12
300.37 -312.59 0.40209 0.44059 16 -12 0 -0.4 300.37 -312.67 0.40209 0.44059 11 0
300.37 -312.67 0.40209 0.43853 11 0 0 -0.4 300.37 -312.67 0.40209 0.43853 11 0
300.37 -312.67 0.40209 0.43853 11 0 0 -0.4 300.37 -312.67 0.40209 0.43853 15 -1
300.37 -312.67 0.40235 0.43828 15 -1 0 -0.4 300.29 -312.9 0.40235 0.43828 15 -1
300.29 -312.9 0.40235 0.43828 15 -1 0 -0.4 300.22 -313.13 0.40235 0.43828 15 -1
300.22 -313.13 0.40235 0.43828 15 -1 0 -0.4 300.14 -313.36 0.40235 0.43828 11 -1
300.14 -313.36 0.40235 0.43699 11 -1 0 -0.4 299.99 -313.59 0.40235 0.43699 11 -1
299.99 -313.59 0.40235 0.43699 11 -1 0 -0.4 299.84 -313.98 0.40235 0.43699 11 -1
299.84 -313.98 0.40235 0.43699 11 -1 0 -0.4 299.69 -314.37 0.40235 0.43699 10 1
299.69 -314.37 0.40209 0.43571 10 1 0 -0.4 299.54 -314.75 0.40209 0.43571 10 1
299.54 -314.75 0.40209 0.43571 10 1 0 -0.4 299.39 -315.14 0.40209 0.43571 10 1
299.39 -315.14 0.40209 0.43571 10 1 0 -0.4 299.16 -315.6 0.40209 0.43571 9 7
299.16 -315.6 0.40209 0.43493 9 7 0 -0.4 298.94 -316.06 0.40209 0.43493 9 7
298.94 -316.06 0.40209 0.43493 9 7 0 -0.4 298.71 -316.53 0.40209 0.43493 9 7
298.71 -316.53 0.40209 0.43493 9 7 0 -0.4 298.48 -316.99 0.40209 0.43493 8 3
298.48 -316.99 0.40235 0.43313 8 3 0 -0.4 298.26 -317.45 0.40235 0.43313 8 3
298.26 -317.45 0.40235 0.43313 8 3 0 -0.4 298.1 -317.69 0.40235 0.43313 8 3
298.1 -317.69 0.40235 0.43313 8 3 0 -0.4 297.95 -317.92 0.40235 0.43313 11 3
297.95 -317.92 0.40235 0.43262 11 3 0 -0.4 297.72 -318.23 0.40235 0.43262 11 3
297.72 -318.23 0.40235 0.43262 11 3 0 -0.4 297.57 -318.61 0.40235 0.43262 11 3
297.57 -318.61 0.40235 0.43262 11 3 0 -0.4 297.42 -318.85 0.40235 0.43262 10 3
297.42 -318.85 0.40235 0.43159 10 3 0 -0.4 297.27 -319.16 0.40235 0.43159 10 3
297.27 -319.16 0.40235 0.43159 10 3 0 -0.4 297.05 -319.7 0.40235 0.43159 10 3
297.05 -319.7 0.40235 0.43159 10 3 0 -0.4 296.82 -320.24 0.40235 0.43159 9 3
296.82 -320.24 0.40235 0.42979 9 3 0 -0.4 296.67 -320.7 0.40235 0.42979 9 3
296.67 -320.7 0.40235 0.42979 9 3 0 -0.4 296.52 -321.16 0.40235 0.42979 9 3
296.52 -321.16 0.40235 0.42979 9 3 0 -0.4 296.37 -321.63 0.40235 0.42979 9 8
296.37 -321.63 0.40235 0.42954 9 8 0 -0.4 296.22 -322.09 0.40235 0.42954 9 8
296.22 -322.09 0.40235 0.42954 9 8 0 -0.4 296.07 -322.55 0.40235 0.42954 9 8
296.07 -322.55 0.40235 0.42954 9 8 0 -0.4 295.92 -323.01 0.40235 0.42954 6 2
295.92 -323.01 0.40235 0.42774 6 2 0 -0.4 295.77 -323.48 0.40235 0.42774 6 2
295.77 -323.48 0.40235 0.42774 6 2 0 -0.4 295.7 -323.86 0.40235 0.42774 6 2
295.7 -323.86 0.40235 0.42774 6 2 0 -0.4 295.62 -324.17 0.40235 0.42774 8 2
295.62 -324.17 0.40235 0.42748 8 2 0 -0.4 295.55 -324.48 0.40235 0.42748 8 2
295.55 -324.48 0.40235 0.42748 8 2 0 -0.4 295.47 -324.71 0.40235 0.42748 9 3
295.47 -324.71 0.40235 0.42594 9 3 0 -0.4 295.47 -324.71 0.40235 0.42594 9 3
295.47 -324.71 0.40235 0.42594 9 3 0 -0.4 295.47 -324.71 0.40235 0.42594 9 3
295.47 -324.71 0.40235 0.42594 9 3 0 -0.4 295.47 -324.71 0.40235 0.42594 6 2
295.47 -324.71 0.40235 0.42388 6 2 0 -0.4 295.47 -324.71 0.40235 0.42388 6 2
295.47 -324.71 0.40235 0.42388 6 2 0 -0.4 295.47 -324.71 0.40235 0.42388 6 2
295.47 -324.71 0.40235 0.42388 6 2 0 -0.4 295.47 -324.71 0.40235 0.42388 7 2
