121.84 -422.67 0.48924 0.32671 63 -67 -0.2 0.2 120.84 -421.68 0.48924 0.32671 64 -67
120.84 -421.68 0.48924 0.32671 64 -67 -0.2 0.2 120.84 -421.68 0.48924 0.32671 64 -67
120.84 -421.68 0.48924 0.32671 64 -67 -0.2 0.2 121.84 -421.67 0.48924 0.32671 64 -67
121.84 -421.67 0.48924 0.32671 64 -67 -0.2 0.2 120.84 -422.68 0.48924 0.32671 63 -67
120.84 -422.68 0.48924 0.32671 63 -67 -0.2 0.2 121.84 -422.67 0.48924 0.32671 63 -67
121.84 -422.67 0.48924 0.32671 63 -67 -0.2 0.2 121.3 -422.14 0.48924 0.32671 63 -67
121.3 -422.14 0.48924 0.32671 63 -67 -0.2 0.2 121.3 -422.14 0.48924 0.32671 59 -66
121.3 -422.14 0.48924 0.32671 59 -66 -0.2 0.2 121.3 -422.21 0.48924 0.32671 59 -66
121.3 -422.21 0.48924 0.32671 59 -66 -0.2 0.2 121.22 -422.29 0.48924 0.32671 59 -66
121.22 -422.29 0.48924 0.32671 59 -66 -0.2 0.2 121.22 -422.37 0.48924 0.32671 32 -69
121.22 -422.37 0.48924 0.32697 32 -69 -0.2 0.2 121.15 -422.37 0.48924 0.32697 32 -69
121.15 -422.37 0.48924 0.32697 32 -69 -0.2 0.2 121.15 -422.37 0.48924 0.32697 32 -69
121.15 -422.37 0.48924 0.32697 32 -69 -0.2 0.2 121.22 -422.44 0.48924 0.32697 33 -72
121.22 -422.44 0.48924 0.32774 33 -72 -0.2 0.2 121.15 -422.44 0.48924 0.32774 33 -72
121.15 -422.44 0.48924 0.32774 33 -72 -0.2 0.2 121.07 -422.52 0.48924 0.32774 18 -68
121.07 -422.52 0.48924 0.328 18 -68 -0.2 0.2 121.15 -422.6 0.48924 0.328 18 -68
121.15 -422.6 0.48924 0.328 18 -68 -0.2 0.2 121.3 -422.52 0.48924 0.328 18 -68
121.3 -422.52 0.48924 0.328 18 -68 -0.2 0.2 121.3 -422.52 0.48924 0.328 18 -80
121.3 -422.52 0.48924 0.32851 18 -80 -0.2 0.2 121.46 -422.52 0.48924 0.32851 18 -80
121.46 -422.52 0.48924 0.32851 18 -80 -0.2 0.2 121.53 -422.44 0.48924 0.32851 18 -80
121.53 -422.44 0.48924 0.32851 18 -80 -0.2 0.2 121.76 -422.37 0.48924 0.32851 16 -82
121.76 -422.37 0.48821 0.32851 16 -82 -0.2 0.2 122.15 -422.29 0.48821 0.32851 16 -82
122.15 -422.29 0.48821 0.32851 16 -82 -0.2 0.2 122.3 -422.21 0.48821 0.32851 16 -82
122.3 -422.21 0.48821 0.32851 16 -82 -0.2 0.2 122.68 -422.13 0.48821 0.32851 0 -81
122.68 -422.13 0.48821 0.32954 0 -81 -0.2 0.2 122.99 -422.05 0.48821 0.32954 0 -81
122.99 -422.05 0.48821 0.32954 0 -81 -0.2 0.2 123.3 -421.98 0.48821 0.32954 0 -81
123.3 -421.98 0.48821 0.32954 0 -81 -0.2 0.2 123.76 -421.9 0.48821 0.32954 16 -79
123.76 -421.9 0.48718 0.3298 16 -79 -0.2 0.2 124.22 -421.82 0.48718 0.3298 16 -79
124.22 -421.82 0.48718 0.3298 16 -79 -0.2 0.2 124.68 -421.74 0.48718 0.3298 16 -79
124.68 -421.74 0.48718 0.3298 16 -79 -0.2 0.2 125.15 -421.74 0.48718 0.3298 14 -80
125.15 -421.74 0.48718 0.33031 14 -80 -0.2 0.2 125.61 -421.74 0.48718 0.33031 14 -80
125.61 -421.74 0.48718 0.33031 14 -80 -0.2 0.2 126.07 -421.66 0.48718 0.33031 16 -83
126.07 -421.66 0.48615 0.33134 16 -83 -0.2 0.2 126.53 -421.66 0.48615 0.33134 16 -83
126.53 -421.66 0.48615 0.33134 16 -83 -0.2 0.2 126.99 -421.58 0.48615 0.33134 16 -83
126.99 -421.58 0.48615 0.33134 16 -83 -0.2 0.2 127.45 -421.5 0.48615 0.33134 13 -82
127.45 -421.5 0.48564 0.33108 13 -82 -0.2 0.2 127.99 -421.42 0.48564 0.33108 13 -82
127.99 -421.42 0.48564 0.33108 13 -82 -0.2 0.2 128.53 -421.35 0.48564 0.33108 13 -82
128.53 -421.35 0.48564 0.33108 13 -82 -0.2 0.2 128.99 -421.27 0.48564 0.33108 15 -77
128.99 -421.27 0.48512 0.33237 15 -77 -0.2 0.2 129.53 -421.27 0.48512 0.33237 15 -77
129.53 -421.27 0.48512 0.33237 15 -77 -0.2 0.2 129.99 -421.19 0.48512 0.33237 15 -77
129.99 -421.19 0.48512 0.33237 15 -77 -0.2 0.2 130.53 -421.11 0.48512 0.33237 15 -71
130.53 -421.11 0.48435 0.33237 15 -71 -0.2 0.2 130.99 -421.03 0.48435 0.33237 15 -71
130.99 -421.03 0.48435 0.33237 15 -71 -0.2 0.2 131.45 -420.95 0.48435 0.33237 15 -71
131.45 -420.95 0.48435 0.33237 15 -71 -0.2 0.2 132.07 -420.87 0.48435 0.33237 13 -78
132.07 -420.87 0.48409 0.3334 13 -78 -0.2 0.2 132.6 -420.79 0.48409 0.3334 13 -78
132.6 -420.79 0.48409 0.3334 13 -78 -0.2 0.2 133.22 -420.72 0.48409 0.3334 13 -78
133.22 -420.72 0.48409 0.3334 13 -78 -0.2 0.2 133.83 -420.64 0.48409 0.3334 14 -80
133.83 -420.64 0.48332 0.33417 14 -80 -0.2 0.2 134.37 -420.64 0.48332 0.33417 14 -80
134.37 -420.64 0.48332 0.33417 14 -80 -0.2 0.2 134.99 -420.63 0.48332 0.33417 14 -80
134.99 -420.63 0.48332 0.33417 14 -80 -0.2 0.2 135.6 -420.56 0.48332 0.33417 12 -78
135.6 -420.56 0.48307 0.33443 12 -78 -0.2 0.2 136.3 -420.48 0.48307 0.33443 12 -78
136.3 -420.48 0.48307 0.33443 12 -78 -0.2 0.2 136.91 -420.4 0.48307 0.33443 13 -80
136.91 -420.4 0.48229 0.33545 13 -80 -0.2 0.2 137.6 -420.32 0.48229 0.33545 13 -80
137.6 -420.32 0.48229 0.33545 13 -80 -0.2 0.2 138.29 -420.24 0.48229 0.33545 13 -80
138.29 -420.24 0.48229 0.33545 13 -80 -0.2 0.2 138.99 -420.16 0.48229 0.33545 13 -66
138.99 -420.16 0.48152 0.33571 13 -66 -0.2 0.2 139.68 -420.08 0.48152 0.33571 13 -66
139.68 -420.08 0.48152 0.33571 13 -66 -0.2 0.2 140.29 -420 0.48152 0.33571 13 -66
140.29 -420 0.48152 0.33571 13 -66 -0.2 0.2 140.99 -419.92 0.48152 0.33571 14 -74
140.99 -419.92 0.48127 0.33674 14 -74 -0.2 0.2 141.68 -419.84 0.48127 0.33674 14 -74
141.68 -419.84 0.48127 0.33674 14 -74 -0.2 0.2 142.29 -419.84 0.48127 0.33674 14 -74
142.29 -419.84 0.48127 0.33674 14 -74 -0.2 0.2 142.99 -419.69 0.48127 0.33674 14 -75
142.99 -419.69 0.48024 0.33725 14 -75 -0.2 0.2 143.6 -419.53 0.48024 0.33725 14 -75
143.6 -419.53 0.48024 0.33725 14 -75 -0.2 0.2 144.14 -419.45 0.48024 0.33725 14 -75
144.14 -419.45 0.48024 0.33725 14 -75 -0.2 0.2 144.68 -419.37 0.48024 0.33725 15 -73
144.68 -419.37 0.47973 0.33751 15 -73 -0.2 0.2 145.21 -419.22 0.47973 0.33751 15 -73
145.21 -419.22 0.47973 0.33751 15 -73 -0.2 0.2 145.75 -419.14 0.47973 0.33751 15 -73
145.75 -419.14 0.47973 0.33751 15 -73 -0.2 0.2 146.21 -419.06 0.47973 0.33751 16 -81
146.21 -419.06 0.47921 0.33828 16 -81 -0.2 0.2 146.75 -418.98 0.47921 0.33828 16 -81
146.75 -418.98 0.47921 0.33828 16 -81 -0.2 0.2 147.21 -418.91 0.47921 0.33828 16 -81
147.21 -418.91 0.47921 0.33828 16 -81 -0.2 0.2 147.83 -418.83 0.47921 0.33828 14 -71
147.83 -418.83 0.4787 0.33828 14 -71 -0.2 0.2 148.37 -418.75 0.4787 0.33828 14 -71
148.37 -418.75 0.4787 0.33828 14 -71 -0.2 0.2 148.75 -418.67 0.4787 0.33828 14 -71
148.75 -418.67 0.4787 0.33828 14 -71 -0.2 0.2 149.21 -418.51 0.4787 0.33828 14 -78
149.21 -418.51 0.47844 0.33905 14 -78 -0.2 0.2 149.6 -418.51 0.47844 0.33905 14 -78
149.6 -418.51 0.47844 0.33905 14 -78 -0.2 0.2 150.14 -418.44 0.47844 0.33905 12 -80
150.14 -418.44 0.47767 0.33982 12 -80 -0.2 0.2 150.67 -418.36 0.47767 0.33982 12 -80
150.67 -418.36 0.47767 0.33982 12 -80 -0.2 0.2 151.13 -418.28 0.47767 0.33982 12 -80
151.13 -418.28 0.47767 0.33982 12 -80 0 0 151.67 -418.2 0.47767 0.33982 10 -79
151.67 -418.2 0.47741 0.34008 10 -79 0 0 152.13 -418.12 0.47741 0.34008 10 -79
152.13 -418.12 0.47741 0.34008 10 -79 0 0 152.67 -418.04 0.47741 0.34008 10 -79
152.67 -418.04 0.47741 0.34008 10 -79 0 0 153.21 -417.96 0.47741 0.34008 12 -77
153.21 -417.96 0.4769 0.34111 12 -77 0 0 153.75 -417.89 0.4769 0.34111 12 -77
153.75 -417.89 0.4769 0.34111 12 -77 0 0 154.13 -417.81 0.4769 0.34111 12 -77
154.13 -417.81 0.4769 0.34111 12 -77 0 0 154.52 -417.73 0.4769 0.34111 10 -83
154.52 -417.73 0.47638 0.34111 10 -83 0 0 154.98 -417.57 0.47638 0.34111 10 -83
154.98 -417.57 0.47638 0.34111 10 -83 0 0 155.36 -417.57 0.47638 0.34111 10 -83
155.36 -417.57 0.47638 0.34111 10 -83 0 0 155.75 -417.5 0.47638 0.34111 12 -73
155.75 -417.5 0.47613 0.34188 12 -73 0 0 155.98 -417.49 0.47613 0.34188 12 -73
155.98 -417.49 0.47613 0.34188 12 -73 0 0 156.21 -417.49 0.47613 0.34188 12 -73
156.21 -417.49 0.47613 0.34188 12 -73 0 0 156.44 -417.49 0.47613 0.34188 16 -73
156.44 -417.49 0.47587 0.34188 16 -73 0 0 156.59 -417.49 0.47587 0.34188 16 -73
156.59 -417.49 0.47587 0.34188 16 -73 0 0 156.75 -417.49 0.47587 0.34188 13 -73
156.75 -417.49 0.47587 0.34188 13 -73 0 0 156.82 -417.49 0.47587 0.34188 13 -73
156.82 -417.49 0.47587 0.34188 13 -73 0 0 156.82 -417.49 0.47587 0.34188 13 -73
156.82 -417.49 0.47587 0.34188 13 -73 0 0 156.82 -417.49 0.47587 0.34188 14 -72
156.82 -417.49 0.47587 0.34188 14 -72 0.2 -0.2 156.82 -417.42 0.47587 0.34188 14 -72
156.82 -417.42 0.47587 0.34188 14 -72 0.2 -0.2 156.82 -417.42 0.47587 0.34188 14 -72
156.82 -417.42 0.47587 0.34188 14 -72 0.2 -0.2 156.82 -417.42 0.47587 0.34188 15 -72
156.82 -417.42 0.47587 0.34188 15 -72 0.2 -0.2 156.82 -417.34 0.47587 0.34188 15 -72
156.82 -417.34 0.47587 0.34188 15 -72 0.2 -0.2 156.82 -417.34 0.47587 0.34188 15 -72
156.82 -417.34 0.47587 0.34188 15 -72 0.2 -0.2 156.82 -417.34 0.47587 0.34188 25 -73
156.82 -417.34 0.47587 0.34188 25 -73 0.2 -0.2 156.82 -417.34 0.47587 0.34188 25 -73
156.82 -417.34 0.47587 0.34188 25 -73 0.2 -0.2 156.82 -417.34 0.47587 0.34188 25 -73
156.82 -417.34 0.47587 0.34188 25 -73 0.2 -0.2 156.82 -417.34 0.47587 0.34188 26 -61
156.82 -417.34 0.47613 0.34188 26 -61 0.2 -0.2 156.82 -417.34 0.47613 0.34188 26 -61
156.82 -417.34 0.47613 0.34188 26 -61 0.2 -0.2 156.82 -417.34 0.47613 0.34188 26 -61
156.82 -417.34 0.47613 0.34188 26 -61 0.2 -0.2 156.75 -417.34 0.47613 0.34188 39 -60
156.75 -417.34 0.47638 0.34188 39 -60 0.2 -0.2 156.75 -417.34 0.47638 0.34188 39 -60
156.75 -417.34 0.47638 0.34188 39 -60 0.2 -0.2 156.75 -417.42 0.47638 0.34188 39 -60
156.75 -417.42 0.47638 0.34188 39 -60 0.2 -0.2 156.75 -417.42 0.47638 0.34188 35 -38
156.75 -417.42 0.47664 0.34188 35 -38 0.2 -0.2 156.75 -417.49 0.47664 0.34188 35 -38
156.75 -417.49 0.47664 0.34188 35 -38 0.2 -0.2 156.75 -417.57 0.47664 0.34188 35 -38
156.75 -417.57 0.47664 0.34188 35 -38 0.2 -0.2 156.67 -417.49 0.47664 0.34188 44 -21
156.67 -417.49 0.47715 0.34188 44 -21 0.2 -0.2 156.59 -417.49 0.47715 0.34188 44 -21
156.59 -417.49 0.47715 0.34188 44 -21 0.2 -0.2 156.52 -417.49 0.47715 0.34188 44 -21
156.52 -417.49 0.47715 0.34188 44 -21 0.2 -0.2 156.44 -417.49 0.47715 0.34188 53 -26
156.44 -417.49 0.47715 0.34162 53 -26 0.2 -0.2 156.36 -417.49 0.47715 0.34162 53 -26
156.36 -417.49 0.47715 0.34162 53 -26 0.2 -0.2 156.13 -417.49 0.47715 0.34162 53 -26
156.13 -417.49 0.47715 0.34162 53 -26 0.2 -0.2 155.98 -417.49 0.47715 0.34162 56 -20
155.98 -417.49 0.47767 0.34085 56 -20 0.2 -0.2 155.82 -417.5 0.47767 0.34085 56 -20
155.82 -417.5 0.47767 0.34085 56 -20 0.2 -0.2 155.59 -417.5 0.47767 0.34085 56 -20
155.59 -417.5 0.47767 0.34085 56 -20 0.2 -0.2 155.36 -417.5 0.47767 0.34085 61 1
155.36 -417.5 0.47844 0.34085 61 1 0.2 -0.2 155.06 -417.5 0.47844 0.34085 61 1
155.06 -417.5 0.47844 0.34085 61 1 0.2 -0.2 154.75 -417.5 0.47844 0.34085 61 1
154.75 -417.5 0.47844 0.34085 61 1 0.2 -0.2 154.36 -417.5 0.47844 0.34085 69 -23
154.36 -417.5 0.47844 0.33982 69 -23 0.2 -0.2 154.06 -417.58 0.47844 0.33982 69 -23
154.06 -417.58 0.47844 0.33982 69 -23 0.2 -0.2 153.75 -417.58 0.47844 0.33982 69 -23
153.75 -417.58 0.47844 0.33982 69 -23 0.2 -0.2 153.36 -417.66 0.47844 0.33982 63 -5
153.36 -417.66 0.47921 0.33982 63 -5 0.2 -0.2 152.98 -417.73 0.47921 0.33982 63 -5
152.98 -417.73 0.47921 0.33982 63 -5 0.2 -0.2 152.52 -417.81 0.47921 0.33982 61 -13
152.52 -417.81 0.47947 0.3388 61 -13 0.2 -0.2 152.21 -417.89 0.47947 0.3388 61 -13
152.21 -417.89 0.47947 0.3388 61 -13 0.2 -0.2 151.83 -417.97 0.47947 0.3388 61 -13
151.83 -417.97 0.47947 0.3388 61 -13 0.2 -0.2 151.52 -418.05 0.47947 0.3388 63 -13
151.52 -418.05 0.4805 0.33803 63 -13 0.2 -0.2 151.21 -418.12 0.4805 0.33803 63 -13
151.21 -418.12 0.4805 0.33803 63 -13 0.2 -0.2 150.75 -418.2 0.4805 0.33803 63 -13
150.75 -418.2 0.4805 0.33803 63 -13 0.2 -0.2 150.44 -418.28 0.4805 0.33803 64 -17
150.44 -418.28 0.48127 0.33777 64 -17 0.2 -0.2 149.98 -418.36 0.48127 0.33777 64 -17
149.98 -418.36 0.48127 0.33777 64 -17 0.2 -0.2 149.6 -418.44 0.48127 0.33777 64 -17
149.6 -418.44 0.48127 0.33777 64 -17 0.2 -0.2 149.14 -418.59 0.48127 0.33777 64 -9
149.14 -418.59 0.48127 0.33725 64 -9 0.2 -0.2 148.67 -418.67 0.48127 0.33725 64 -9
148.67 -418.67 0.48127 0.33725 64 -9 0.2 -0.2 148.29 -418.67 0.48127 0.33725 64 -9
148.29 -418.67 0.48127 0.33725 64 -9 0.2 -0.2 147.75 -418.67 0.48127 0.33725 67 0
147.75 -418.67 0.48204 0.337 67 0 0.2 -0.2 147.29 -418.67 0.48204 0.337 67 0
147.29 -418.67 0.48204 0.337 67 0 0.2 -0.2 146.75 -418.75 0.48204 0.337 67 0
146.75 -418.75 0.48204 0.337 67 0 0.2 -0.2 146.21 -418.83 0.48204 0.337 70 -16
146.21 -418.83 0.48229 0.33597 70 -16 0.2 -0.2 145.68 -418.83 0.48229 0.33597 70 -16
145.68 -418.83 0.48229 0.33597 70 -16 0.2 -0.2 144.98 -418.84 0.48229 0.33597 70 -16
144.98 -418.84 0.48229 0.33597 70 -16 0.2 -0.2 144.44 -418.91 0.48229 0.33597 66 -11
144.44 -418.91 0.48281 0.3352 66 -11 0.2 -0.2 143.75 -419.07 0.48281 0.3352 66 -11
143.75 -419.07 0.48281 0.3352 66 -11 0.2 -0.2 143.21 -419.23 0.48281 0.3352 66 -11
143.21 -419.23 0.48281 0.3352 66 -11 0.2 -0.2 142.68 -419.3 0.48281 0.3352 69 0
142.68 -419.3 0.48384 0.3352 69 0 0.2 -0.2 142.14 -419.31 0.48384 0.3352 69 0
142.14 -419.31 0.48384 0.3352 69 0 0.2 -0.2 141.52 -419.46 0.48384 0.3352 74 -21
141.52 -419.46 0.48384 0.33417 74 -21 0.2 -0.2 140.91 -419.54 0.48384 0.33417 74 -21
140.91 -419.54 0.48384 0.33417 74 -21 0.2 -0.2 140.37 -419.69 0.48384 0.33417 74 -21
140.37 -419.69 0.48384 0.33417 74 -21 0.2 -0.2 139.83 -419.85 0.48384 0.33417 63 0
139.83 -419.85 0.48512 0.33391 63 0 0.2 -0.2 139.37 -419.93 0.48512 0.33391 63 0
139.37 -419.93 0.48512 0.33391 63 0 0.2 -0.2 138.83 -420.01 0.48512 0.33391 63 0
138.83 -420.01 0.48512 0.33391 63 0 0.2 -0.2 138.22 -420.16 0.48512 0.33391 60 -9
138.22 -420.16 0.48512 0.33288 60 -9 0.2 -0.2 137.76 -420.32 0.48512 0.33288 60 -9
137.76 -420.32 0.48512 0.33288 60 -9 0.2 -0.2 137.22 -420.4 0.48512 0.33288 60 -9
137.22 -420.4 0.48512 0.33288 60 -9 0.2 -0.2 136.68 -420.4 0.48512 0.33288 65 -1
136.68 -420.4 0.48589 0.33263 65 -1 0 0 136.14 -420.4 0.48589 0.33263 65 -1
136.14 -420.4 0.48589 0.33263 65 -1 0 0 135.53 -420.48 0.48589 0.33263 65 -1
135.53 -420.48 0.48589 0.33263 65 -1 0 0 135.06 -420.56 0.48589 0.33263 68 0
135.06 -420.56 0.48692 0.33211 68 0 0 0 134.6 -420.64 0.48692 0.33211 68 0
134.6 -420.64 0.48692 0.33211 68 0 0 0 134.14 -420.79 0.48692 0.33211 68 0
134.14 -420.79 0.48692 0.33211 68 0 0 0 133.76 -420.87 0.48692 0.33211 71 -12
133.76 -420.87 0.48692 0.33134 71 -12 0 0 133.37 -420.95 0.48692 0.33134 71 -12
133.37 -420.95 0.48692 0.33134 71 -12 0 0 132.99 -421.02 0.48692 0.33134 71 -12
132.99 -421.02 0.48692 0.33134 71 -12 0 0 132.68 -421.1 0.48692 0.33134 59 -13
132.68 -421.1 0.48744 0.33108 59 -13 0 0 132.37 -421.18 0.48744 0.33108 59 -13
132.37 -421.18 0.48744 0.33108 59 -13 0 0 132.14 -421.26 0.48744 0.33108 59 -13
132.14 -421.26 0.48744 0.33108 59 -13 0.2 0.2 131.91 -421.26 0.48744 0.33108 59 -13
131.91 -421.26 0.48744 0.33083 59 -13 0.2 0.2 131.76 -421.26 0.48744 0.33083 59 -13
131.76 -421.26 0.48744 0.33083 59 -13 0.2 0.2 131.61 -421.26 0.48744 0.33083 59 -13
131.61 -421.26 0.48744 0.33083 59 -13 0.2 0.2 131.61 -421.26 0.48744 0.33083 59 -13
131.61 -421.26 0.48744 0.33083 59 -13 0.2 0.2 131.45 -421.26 0.48744 0.33083 59 -13
131.45 -421.26 0.48744 0.33083 59 -13 0.2 0.2 131.37 -421.18 0.48744 0.33083 64 -24
131.37 -421.18 0.48769 0.33108 64 -24 0.2 0.2 131.3 -421.11 0.48769 0.33108 64 -24
131.3 -421.11 0.48769 0.33108 64 -24 0.2 0.2 131.22 -421.03 0.48769 0.33108 64 -24
131.22 -421.03 0.48769 0.33108 64 -24 0.2 0.2 131.14 -420.95 0.48769 0.33108 70 -21
131.14 -420.95 0.48769 0.33108 70 -21 0.2 0.2 131.07 -420.88 0.48769 0.33108 70 -21
131.07 -420.88 0.48769 0.33108 70 -21 0.2 0.2 130.99 -420.8 0.48769 0.33108 70 -21
130.99 -420.8 0.48769 0.33108 70 -21 0.2 0.2 130.99 -420.72 0.48769 0.33108 72 -40
130.99 -420.72 0.48821 0.33108 72 -40 0.2 0.2 130.91 -420.65 0.48821 0.33108 72 -40
130.91 -420.65 0.48821 0.33108 72 -40 0.2 0.2 130.91 -420.65 0.48821 0.33108 72 -40
130.91 -420.65 0.48821 0.33108 72 -40 0.2 0.2 130.91 -420.65 0.48821 0.33108 80 -42
130.91 -420.65 0.48821 0.33108 80 -42 0.2 0.2 130.91 -420.65 0.48821 0.33108 80 -42
130.91 -420.65 0.48821 0.33108 80 -42 0.2 0.2 130.83 -420.65 0.48821 0.33108 73 -49
130.83 -420.65 0.48924 0.33134 73 -49 0.2 0.2 130.83 -420.65 0.48924 0.33134 73 -49
130.83 -420.65 0.48924 0.33134 73 -49 0.2 0.2 130.83 -420.65 0.48924 0.33134 73 -49
130.83 -420.65 0.48924 0.33134 73 -49 0.2 0.2 130.83 -420.57 0.48924 0.33134 75 -49
130.83 -420.57 0.48949 0.33186 75 -49 0.2 0.2 130.83 -420.65 0.48949 0.33186 75 -49
130.83 -420.65 0.48949 0.33186 75 -49 0.2 0.2 130.83 -420.65 0.48949 0.33186 75 -49
130.83 -420.65 0.48949 0.33186 75 -49 0.2 0.2 130.83 -420.65 0.48949 0.33186 75 -56
130.83 -420.65 0.49001 0.33237 75 -56 0 0 130.83 -420.65 0.49001 0.33237 75 -56
130.83 -420.65 0.49001 0.33237 75 -56 0 0 130.83 -420.65 0.49001 0.33237 75 -56
130.83 -420.65 0.49001 0.33237 75 -56 0 0 130.83 -420.65 0.49001 0.33237 85 -71
130.83 -420.65 0.49078 0.33237 85 -71 0 0 130.83 -420.57 0.49078 0.33237 85 -71
130.83 -420.57 0.49078 0.33237 85 -71 0 0 130.83 -420.65 0.49078 0.33237 85 -71
130.83 -420.65 0.49078 0.33237 85 -71 0 0 130.83 -420.65 0.49078 0.33237 91 -67
130.83 -420.65 0.49078 0.33288 91 -67 0 0 130.91 -420.65 0.49078 0.33288 91 -67
130.91 -420.65 0.49078 0.33288 91 -67 0 0 130.91 -420.65 0.49078 0.33288 91 -67
130.91 -420.65 0.49078 0.33288 91 -67 0 0 130.91 -420.65 0.49078 0.33288 86 -72
130.91 -420.65 0.49103 0.33288 86 -72 0 0 130.91 -420.8 0.49103 0.33288 86 -72
130.91 -420.8 0.49103 0.33288 86 -72 0 0 130.99 -420.65 0.49103 0.33288 86 -72
130.99 -420.65 0.49103 0.33288 86 -72 0.2 -0.2 130.99 -420.65 0.49103 0.33288 86 -73
130.99 -420.65 0.49103 0.33314 86 -73 0.2 -0.2 130.99 -420.65 0.49103 0.33314 86 -73
130.99 -420.65 0.49103 0.33314 86 -73 0.2 -0.2 130.99 -420.65 0.49103 0.33314 86 -73
130.99 -420.65 0.49103 0.33314 86 -73 0.2 -0.2 130.99 -420.65 0.49103 0.33314 86 -73
130.99 -420.65 0.49103 0.33314 86 -73 0.2 -0.2 130.99 -420.65 0.49103 0.33314 86 -73
130.99 -420.65 0.49103 0.33314 86 -73 0.2 -0.2 130.99 -420.72 0.49103 0.33314 86 -73
130.99 -420.72 0.49103 0.33314 86 -73 0.2 -0.2 130.99 -420.72 0.49103 0.33314 79 -60
130.99 -420.72 0.49155 0.33314 79 -60 0.2 -0.2 130.99 -420.8 0.49155 0.33314 79 -60
130.99 -420.8 0.49155 0.33314 79 -60 0.2 -0.2 130.91 -420.88 0.49155 0.33314 79 -60
130.91 -420.88 0.49155 0.33314 79 -60 0.2 -0.2 130.91 -420.95 0.49155 0.33314 90 -60
130.91 -420.95 0.49155 0.33314 90 -60 0.2 -0.2 130.91 -420.95 0.49155 0.33314 90 -60
130.91 -420.95 0.49155 0.33314 90 -60 0.2 -0.2 130.91 -420.95 0.49155 0.33314 92 -38
130.91 -420.95 0.49232 0.33314 92 -38 0.2 -0.2 130.84 -421.03 0.49232 0.33314 92 -38
130.84 -421.03 0.49232 0.33314 92 -38 0.2 -0.2 130.84 -421.03 0.49232 0.33314 92 -38
130.84 -421.03 0.49232 0.33314 92 -38 0.2 -0.2 130.84 -421.03 0.49232 0.33314 84 -38
130.84 -421.03 0.49232 0.33314 84 -38 0.2 -0.2 130.84 -421.03 0.49232 0.33314 84 -38
130.84 -421.03 0.49232 0.33314 84 -38 0.2 -0.2 130.84 -421.03 0.49232 0.33314 84 -38
130.84 -421.03 0.49232 0.33314 84 -38 0.2 -0.2 130.84 -421.03 0.49232 0.33314 86 -22
130.84 -421.03 0.49335 0.33288 86 -22 0.2 -0.2 130.84 -421.03 0.49335 0.33288 86 -22
130.84 -421.03 0.49335 0.33288 86 -22 0.2 -0.2 130.84 -420.95 0.49335 0.33288 86 -22
130.84 -420.95 0.49335 0.33288 86 -22 0.2 -0.2 130.83 -420.88 0.49335 0.33288 94 -23
130.83 -420.88 0.49412 0.33314 94 -23 0.2 -0.2 130.76 -420.8 0.49412 0.33314 94 -23
130.76 -420.8 0.49412 0.33314 94 -23 0.2 -0.2 130.53 -420.72 0.49412 0.33314 93 -18
130.53 -420.72 0.49412 0.33211 93 -18 0.2 -0.2 130.3 -420.8 0.49412 0.33211 93 -18
130.3 -420.8 0.49412 0.33211 93 -18 0.2 -0.2 130.07 -420.73 0.49412 0.33211 93 -18
130.07 -420.73 0.49412 0.33211 93 -18 0.2 -0.2 129.83 -420.73 0.49412 0.33211 98 3
129.83 -420.73 0.49489 0.33211 98 3 0.2 -0.2 129.53 -420.8 0.49489 0.33211 98 3
129.53 -420.8 0.49489 0.33211 98 3 0.2 -0.2 129.14 -420.81 0.49489 0.33211 98 3
129.14 -420.81 0.49489 0.33211 98 3 0.2 -0.2 128.68 -420.81 0.49489 0.33211 93 -17
128.68 -420.81 0.49515 0.33108 93 -17 0.2 -0.2 128.22 -420.81 0.49515 0.33108 93 -17
128.22 -420.81 0.49515 0.33108 93 -17 0.2 -0.2 127.76 -420.81 0.49515 0.33108 93 -17
127.76 -420.81 0.49515 0.33108 93 -17 0.2 -0.2 127.22 -420.89 0.49515 0.33108 97 0
127.22 -420.89 0.49618 0.33108 97 0 0.2 -0.2 126.6 -420.89 0.49618 0.33108 97 0
126.6 -420.89 0.49618 0.33108 97 0 0.2 -0.2 125.84 -420.97 0.49618 0.33108 97 0
125.84 -420.97 0.49618 0.33108 97 0 0.2 -0.2 125.22 -421.05 0.49618 0.33108 101 -17
125.22 -421.05 0.49618 0.33006 101 -17 0.2 -0.2 124.68 -421.13 0.49618 0.33006 101 -17
124.68 -421.13 0.49618 0.33006 101 -17 0.2 -0.2 124.14 -421.13 0.49618 0.33006 93 -4
124.14 -421.13 0.49721 0.3298 93 -4 0.2 -0.2 123.53 -421.21 0.49721 0.3298 93 -4
123.53 -421.21 0.49721 0.3298 93 -4 0.2 -0.2 122.84 -421.29 0.49721 0.3298 93 -4
122.84 -421.29 0.49721 0.3298 93 -4 0.2 -0.2 122.22 -421.21 0.49721 0.3298 99 -13
122.22 -421.21 0.49721 0.32903 99 -13 0.2 -0.2 121.68 -421.21 0.49721 0.32903 99 -13
121.68 -421.21 0.49721 0.32903 99 -13 0.2 -0.2 121.22 -421.29 0.49721 0.32903 99 -13
121.22 -421.29 0.49721 0.32903 99 -13 0.2 -0.2 120.76 -421.37 0.49721 0.32903 100 -18
120.76 -421.37 0.49798 0.32851 100 -18 0.2 -0.2 120.3 -421.45 0.49798 0.32851 100 -18
120.3 -421.45 0.49798 0.32851 100 -18 0.2 -0.2 119.76 -421.45 0.49798 0.32851 100 -18
119.76 -421.45 0.49798 0.32851 100 -18 0.2 -0.2 119.3 -421.53 0.49798 0.32851 94 -18
119.3 -421.53 0.499 0.328 94 -18 0.2 -0.2 118.84 -421.53 0.499 0.328 94 -18
118.84 -421.53 0.499 0.328 94 -18 0.2 -0.2 118.22 -421.61 0.499 0.328 94 -18
118.22 -421.61 0.499 0.328 94 -18 0.2 -0.2 117.68 -421.61 0.499 0.328 92 -18
117.68 -421.61 0.499 0.32723 92 -18 0.2 -0.2 117.14 -421.61 0.499 0.32723 92 -18
117.14 -421.61 0.499 0.32723 92 -18 0.2 -0.2 116.68 -421.61 0.499 0.32723 92 -18
116.68 -421.61 0.499 0.32723 92 -18 0.2 -0.2 116.14 -421.61 0.499 0.32723 93 -13
116.14 -421.61 0.50003 0.32723 93 -13 0.2 -0.2 115.53 -421.69 0.50003 0.32723 93 -13
115.53 -421.69 0.50003 0.32723 93 -13 0.2 -0.2 114.91 -421.77 0.50003 0.32723 93 -13
114.91 -421.77 0.50003 0.32723 93 -13 0.2 -0.2 114.3 -421.77 0.50003 0.32723 84 -17
114.3 -421.77 0.50029 0.3262 84 -17 0.2 -0.2 113.68 -421.77 0.50029 0.3262 84 -17
113.68 -421.77 0.50029 0.3262 84 -17 0.2 -0.2 113.07 -421.78 0.50029 0.3262 90 -14
113.07 -421.78 0.50106 0.32517 90 -14 0.2 -0.2 112.45 -421.78 0.50106 0.32517 90 -14
112.45 -421.78 0.50106 0.32517 90 -14 0.2 -0.2 111.76 -421.86 0.50106 0.32517 90 -14
111.76 -421.86 0.50106 0.32517 90 -14 0.2 -0.2 111.22 -421.86 0.50106 0.32517 96 -16
111.22 -421.86 0.50183 0.32517 96 -16 0.2 -0.2 110.76 -421.78 0.50183 0.32517 96 -16
110.76 -421.78 0.50183 0.32517 96 -16 0.2 -0.2 110.07 -421.79 0.50183 0.32517 96 -16
110.07 -421.79 0.50183 0.32517 96 -16 0.2 -0.2 109.38 -421.79 0.50183 0.32517 89 -13
109.38 -421.79 0.50183 0.32466 89 -13 0.2 -0.2 108.61 -421.87 0.50183 0.32466 89 -13
108.61 -421.87 0.50183 0.32466 89 -13 0.2 -0.2 107.99 -421.87 0.50183 0.32466 89 -13
107.99 -421.87 0.50183 0.32466 89 -13 0.2 -0.2 107.45 -421.87 0.50183 0.32466 98 -7
107.45 -421.87 0.50312 0.32466 98 -7 0.2 -0.2 106.76 -421.95 0.50312 0.32466 98 -7
106.76 -421.95 0.50312 0.32466 98 -7 0.2 -0.2 106.07 -422.03 0.50312 0.32466 98 -7
106.07 -422.03 0.50312 0.32466 98 -7 0.2 -0.2 105.38 -422.03 0.50312 0.32466 106 -17
105.38 -422.03 0.50337 0.32311 106 -17 0.2 -0.2 104.68 -422.03 0.50337 0.32311 106 -17
104.68 -422.03 0.50337 0.32311 106 -17 0.2 -0.2 104.07 -422.03 0.50337 0.32311 88 -16
104.07 -422.03 0.50414 0.32311 88 -16 0.2 -0.2 103.38 -422.04 0.50414 0.32311 88 -16
103.38 -422.04 0.50414 0.32311 88 -16 0.2 -0.2 102.76 -422.11 0.50414 0.32311 88 -16
102.76 -422.11 0.50414 0.32311 88 -16 0.2 -0.2 101.99 -422.19 0.50414 0.32311 93 -17
101.99 -422.19 0.50414 0.32234 93 -17 0.2 -0.2 101.45 -422.27 0.50414 0.32234 93 -17
101.45 -422.27 0.50414 0.32234 93 -17 0.2 -0.2 100.84 -422.35 0.50414 0.32234 93 -17
100.84 -422.35 0.50414 0.32234 93 -17 0.2 -0.2 100.22 -422.35 0.50414 0.32234 92 -17
100.22 -422.35 0.50492 0.32132 92 -17 0.2 -0.2 99.609 -422.43 0.50492 0.32132 92 -17
99.609 -422.43 0.50492 0.32132 92 -17 0.2 -0.2 98.993 -422.51 0.50492 0.32132 92 -17
98.993 -422.51 0.50492 0.32132 92 -17 0.2 -0.2 98.532 -422.51 0.50492 0.32132 93 0
98.532 -422.51 0.50594 0.32132 93 0 0.2 -0.2 97.993 -422.51 0.50594 0.32132 93 0
97.993 -422.51 0.50594 0.32132 93 0 0.2 -0.2 97.378 -422.59 0.50594 0.32132 93 0
97.378 -422.59 0.50594 0.32132 93 0 0.2 -0.2 96.763 -422.67 0.50594 0.32132 96 -18
96.763 -422.67 0.50594 0.32029 96 -18 0.2 -0.2 96.148 -422.75 0.50594 0.32029 96 -18
96.148 -422.75 0.50594 0.32029 96 -18 0.2 -0.2 95.763 -422.75 0.50594 0.32029 96 -18
95.763 -422.75 0.50594 0.32029 96 -18 0.2 -0.2 95.148 -422.75 0.50594 0.32029 88 -12
95.148 -422.75 0.50672 0.32029 88 -12 0.2 -0.2 94.61 -422.75 0.50672 0.32029 88 -12
94.61 -422.75 0.50672 0.32029 88 -12 0.2 -0.2 93.994 -422.76 0.50672 0.32029 88 -12
93.994 -422.76 0.50672 0.32029 88 -12 0.2 -0.2 93.456 -422.76 0.50672 0.32029 94 -18
93.456 -422.76 0.50697 0.31952 94 -18 0.2 -0.2 92.917 -422.76 0.50697 0.31952 94 -18
92.917 -422.76 0.50697 0.31952 94 -18 0.2 -0.2 92.302 -422.76 0.50697 0.31952 94 -18
92.302 -422.76 0.50697 0.31952 94 -18 0.2 -0.2 91.686 -422.69 0.50697 0.31952 92 -17
91.686 -422.69 0.50774 0.31875 92 -17 0.2 -0.2 90.994 -422.69 0.50774 0.31875 92 -17
90.994 -422.69 0.50774 0.31875 92 -17 0.2 -0.2 90.379 -422.69 0.50774 0.31875 92 -17
90.379 -422.69 0.50774 0.31875 92 -17 0.2 -0.2 89.763 -422.61 0.50774 0.31875 93 -3
89.763 -422.61 0.50877 0.31849 93 -3 0.2 -0.2 89.071 -422.62 0.50877 0.31849 93 -3
89.071 -422.62 0.50877 0.31849 93 -3 0.2 -0.2 88.455 -422.62 0.50877 0.31849 93 -3
88.455 -422.62 0.50877 0.31849 93 -3 0.2 -0.2 87.763 -422.62 0.50877 0.31849 77 -13
87.763 -422.62 0.50903 0.31746 77 -13 0.2 -0.2 87.225 -422.7 0.50903 0.31746 77 -13
87.225 -422.7 0.50903 0.31746 77 -13 0.2 -0.2 86.609 -422.7 0.50903 0.31746 85 -12
86.609 -422.7 0.50954 0.3172 85 -12 0.2 -0.2 85.994 -422.7 0.50954 0.3172 85 -12
85.994 -422.7 0.50954 0.3172 85 -12 0.2 -0.2 85.379 -422.7 0.50954 0.3172 85 -12
85.379 -422.7 0.50954 0.3172 85 -12 0.2 -0.2 84.763 -422.71 0.50954 0.3172 96 -18
84.763 -422.71 0.51031 0.31669 96 -18 0.2 -0.2 84.225 -422.71 0.51031 0.31669 96 -18
84.225 -422.71 0.51031 0.31669 96 -18 0.2 -0.2 83.61 -422.79 0.51031 0.31669 96 -18
83.61 -422.79 0.51031 0.31669 96 -18 0.2 -0.2 82.994 -422.79 0.51031 0.31669 92 -17
82.994 -422.79 0.51057 0.31566 92 -17 0.2 -0.2 82.302 -422.79 0.51057 0.31566 92 -17
82.302 -422.79 0.51057 0.31566 92 -17 0.2 -0.2 81.687 -422.87 0.51057 0.31566 92 -17
81.687 -422.87 0.51057 0.31566 92 -17 0.2 -0.2 81.148 -422.87 0.51057 0.31566 92 0
81.148 -422.87 0.5116 0.31566 92 0 0.2 -0.2 80.456 -422.87 0.5116 0.31566 92 0
80.456 -422.87 0.5116 0.31566 92 0 0.2 -0.2 79.764 -422.88 0.5116 0.31566 92 0
79.764 -422.88 0.5116 0.31566 92 0 0.2 -0.2 78.994 -422.8 0.5116 0.31566 78 -18
78.994 -422.8 0.51186 0.31463 78 -18 0.2 -0.2 78.379 -422.8 0.51186 0.31463 78 -18
78.379 -422.8 0.51186 0.31463 78 -18 0.2 -0.2 77.763 -422.8 0.51186 0.31463 78 -18
77.763 -422.8 0.51186 0.31463 78 -18 0.2 -0.2 77.071 -422.73 0.51186 0.31463 86 -4
77.071 -422.73 0.51289 0.31412 86 -4 0.2 -0.2 76.455 -422.65 0.51289 0.31412 86 -4
76.455 -422.65 0.51289 0.31412 86 -4 0.2 -0.2 75.763 -422.66 0.51289 0.31412 86 -4
75.763 -422.66 0.51289 0.31412 86 -4 0.2 -0.2 75.147 -422.58 0.51289 0.31412 80 -12
75.147 -422.58 0.5134 0.31361 80 -12 0.2 -0.2 74.532 -422.51 0.5134 0.31361 80 -12
74.532 -422.51 0.5134 0.31361 80 -12 0.2 -0.2 73.916 -422.51 0.5134 0.31361 80 -12
73.916 -422.51 0.5134 0.31361 80 -12 0.2 -0.2 73.378 -422.43 0.5134 0.31361 82 -18
73.378 -422.43 0.51366 0.31309 82 -18 0.2 -0.2 72.685 -422.43 0.51366 0.31309 82 -18
72.685 -422.43 0.51366 0.31309 82 -18 0.2 -0.2 72.147 -422.44 0.51366 0.31309 82 -18
72.147 -422.44 0.51366 0.31309 82 -18 0.2 -0.2 71.454 -422.36 0.51366 0.31309 86 0
71.454 -422.36 0.51468 0.31283 86 0 0.2 -0.2 70.762 -422.29 0.51468 0.31283 86 0
70.762 -422.29 0.51468 0.31283 86 0 0.2 -0.2 70.069 -422.21 0.51468 0.31283 85 -17
70.069 -422.21 0.51494 0.3118 85 -17 0.2 -0.2 69.53 -422.06 0.51494 0.3118 85 -17
69.53 -422.06 0.51494 0.3118 85 -17 0.2 -0.2 68.992 -422.06 0.51494 0.3118 85 -17
68.992 -422.06 0.51494 0.3118 85 -17 0.2 -0.2 68.454 -422.06 0.51494 0.3118 85 -8
68.454 -422.06 0.51571 0.31129 85 -8 0.2 -0.2 67.915 -421.99 0.51571 0.31129 85 -8
67.915 -421.99 0.51571 0.31129 85 -8 0.2 -0.2 67.299 -421.99 0.51571 0.31129 85 -8
67.299 -421.99 0.51571 0.31129 85 -8 0.2 -0.2 66.761 -421.91 0.51571 0.31129 85 -13
66.761 -421.91 0.51648 0.31078 85 -13 0.2 -0.2 66.299 -421.84 0.51648 0.31078 85 -13
66.299 -421.84 0.51648 0.31078 85 -13 0.2 -0.2 65.53 -421.84 0.51648 0.31078 85 -13
65.53 -421.84 0.51648 0.31078 85 -13 0.2 -0.2 64.991 -421.77 0.51648 0.31078 79 -13
64.991 -421.77 0.51674 0.30975 79 -13 0.2 -0.2 64.376 -421.69 0.51674 0.30975 79 -13
64.376 -421.69 0.51674 0.30975 79 -13 0.2 -0.2 63.914 -421.69 0.51674 0.30975 79 -13
63.914 -421.69 0.51674 0.30975 79 -13 0.2 -0.2 63.452 -421.62 0.51674 0.30975 85 -1
63.452 -421.62 0.51777 0.31001 85 -1 0.2 -0.2 62.914 -421.54 0.51777 0.31001 85 -1
62.914 -421.54 0.51777 0.31001 85 -1 0.2 -0.2 62.298 -421.54 0.51777 0.31001 85 -1
62.298 -421.54 0.51777 0.31001 85 -1 0.2 -0.2 61.759 -421.47 0.51777 0.31001 81 -17
61.759 -421.47 0.51803 0.30872 81 -17 0.2 -0.2 61.144 -421.39 0.51803 0.30872 81 -17
61.144 -421.39 0.51803 0.30872 81 -17 0.2 -0.2 60.528 -421.32 0.51803 0.30872 81 -17
60.528 -421.32 0.51803 0.30872 81 -17 0.2 -0.2 59.913 -421.24 0.51803 0.30872 85 -18
59.913 -421.24 0.51854 0.30821 85 -18 0.2 -0.2 59.297 -421.24 0.51854 0.30821 85 -18
59.297 -421.24 0.51854 0.30821 85 -18 0.2 -0.2 58.605 -421.17 0.51854 0.30821 85 -18
58.605 -421.17 0.51854 0.30821 85 -18 0.2 -0.2 58.143 -421.09 0.51854 0.30821 85 0
58.143 -421.09 0.51931 0.30795 85 0 0.2 -0.2 57.527 -421.02 0.51931 0.30795 85 0
57.527 -421.02 0.51931 0.30795 85 0 0.2 -0.2 56.912 -420.94 0.51931 0.30795 85 -18
56.912 -420.94 0.51957 0.30692 85 -18 0.2 -0.2 56.219 -420.87 0.51957 0.30692 85 -18
56.219 -420.87 0.51957 0.30692 85 -18 0.2 -0.2 55.527 -420.79 0.51957 0.30692 85 -18
55.527 -420.79 0.51957 0.30692 85 -18 0.2 -0.2 54.911 -420.72 0.51957 0.30692 85 -1
54.911 -420.72 0.5206 0.30692 85 -1 0.2 -0.2 54.373 -420.72 0.5206 0.30692 85 -1
54.373 -420.72 0.5206 0.30692 85 -1 0.2 -0.2 53.68 -420.72 0.5206 0.30692 85 -1
53.68 -420.72 0.5206 0.30692 85 -1 0.2 -0.2 53.142 -420.72 0.5206 0.30692 79 -18
53.142 -420.72 0.5206 0.30589 79 -18 0.2 -0.2 52.603 -420.65 0.5206 0.30589 79 -18
52.603 -420.65 0.5206 0.30589 79 -18 0.2 -0.2 52.141 -420.57 0.5206 0.30589 79 -18
52.141 -420.57 0.5206 0.30589 79 -18 0.2 -0.2 51.526 -420.5 0.5206 0.30589 85 -1
51.526 -420.5 0.52137 0.30589 85 -1 0.2 -0.2 50.91 -420.5 0.52137 0.30589 85 -1
50.91 -420.5 0.52137 0.30589 85 -1 0.2 -0.2 50.295 -420.42 0.52137 0.30589 85 -1
50.295 -420.42 0.52137 0.30589 85 -1 0.2 -0.2 49.756 -420.35 0.52137 0.30589 86 -14
49.756 -420.35 0.52163 0.30538 86 -14 0.2 -0.2 49.217 -420.27 0.52163 0.30538 86 -14
49.217 -420.27 0.52163 0.30538 86 -14 0.2 -0.2 48.602 -420.2 0.52163 0.30538 86 -14
48.602 -420.2 0.52163 0.30538 86 -14 0.2 -0.2 48.063 -420.2 0.52163 0.30538 82 -15
48.063 -420.2 0.5224 0.30435 82 -15 0.2 -0.2 47.448 -420.2 0.5224 0.30435 82 -15
47.448 -420.2 0.5224 0.30435 82 -15 0.2 -0.2 46.755 -420.13 0.5224 0.30435 85 1
46.755 -420.13 0.52342 0.30409 85 1 0.2 -0.2 46.293 -419.97 0.52342 0.30409 85 1
46.293 -419.97 0.52342 0.30409 85 1 0.2 -0.2 45.601 -419.82 0.52342 0.30409 85 1
45.601 -419.82 0.52342 0.30409 85 1 0.2 -0.2 44.985 -419.75 0.52342 0.30409 86 -18
44.985 -419.75 0.52342 0.30306 86 -18 0.2 -0.2 44.216 -419.67 0.52342 0.30306 86 -18
44.216 -419.67 0.52342 0.30306 86 -18 0.2 -0.2 43.6 -419.67 0.52342 0.30306 86 -18
43.6 -419.67 0.52342 0.30306 86 -18 0.2 -0.2 42.984 -419.52 0.52342 0.30306 91 0
42.984 -419.52 0.52419 0.30306 91 0 0.2 -0.2 42.369 -419.37 0.52419 0.30306 91 0
42.369 -419.37 0.52419 0.30306 91 0 0.2 -0.2 41.753 -419.22 0.52419 0.30306 91 0
41.753 -419.22 0.52419 0.30306 91 0 0.2 -0.2 41.137 -419.07 0.52419 0.30306 78 -18
41.137 -419.07 0.52445 0.30204 78 -18 0.2 -0.2 40.675 -418.99 0.52445 0.30204 78 -18
40.675 -418.99 0.52445 0.30204 78 -18 0.2 -0.2 40.136 -418.84 0.52445 0.30204 78 -18
40.136 -418.84 0.52445 0.30204 78 -18 0.2 -0.2 39.597 -418.69 0.52445 0.30204 78 -13
39.597 -418.69 0.52548 0.30127 78 -13 0.2 -0.2 38.981 -418.53 0.52548 0.30127 78 -13
38.981 -418.53 0.52548 0.30127 78 -13 0.2 -0.2 38.289 -418.54 0.52548 0.30127 78 -13
38.289 -418.54 0.52548 0.30127 78 -13 0.2 -0.2 37.75 -418.46 0.52548 0.30127 85 0
37.75 -418.46 0.52625 0.30127 85 0 0.2 -0.2 37.058 -418.39 0.52625 0.30127 85 0
37.058 -418.39 0.52625 0.30127 85 0 0.2 -0.2 36.519 -418.31 0.52625 0.30127 85 0
36.519 -418.31 0.52625 0.30127 85 0 0.2 -0.2 35.98 -418.08 0.52625 0.30127 89 -11
35.98 -418.08 0.52625 0.30024 89 -11 0 0 35.518 -418.01 0.52625 0.30024 89 -11
35.518 -418.01 0.52625 0.30024 89 -11 0 0 35.057 -418.01 0.52625 0.30024 89 -11
35.057 -418.01 0.52625 0.30024 89 -11 0 0 34.518 -418.01 0.52625 0.30024 91 -1
34.518 -418.01 0.52702 0.30024 91 -1 0 0 33.98 -417.93 0.52702 0.30024 91 -1
33.98 -417.93 0.52702 0.30024 91 -1 0 0 33.441 -417.78 0.52702 0.30024 91 -1
33.441 -417.78 0.52702 0.30024 91 -1 0 0 32.979 -417.71 0.52702 0.30024 82 -17
32.979 -417.71 0.52728 0.29921 82 -17 0 0 32.594 -417.63 0.52728 0.29921 82 -17
32.594 -417.63 0.52728 0.29921 82 -17 0 0 32.286 -417.55 0.52728 0.29921 83 -16
32.286 -417.55 0.52779 0.29869 83 -16 0 0 31.978 -417.4 0.52779 0.29869 83 -16
31.978 -417.4 0.52779 0.29869 83 -16 0 0 31.67 -417.33 0.52779 0.29869 83 -16
31.67 -417.33 0.52779 0.29869 83 -16 0 0 31.516 -417.25 0.52779 0.29869 77 -9
31.516 -417.25 0.52805 0.29895 77 -9 0 0 31.362 -417.25 0.52805 0.29895 77 -9
31.362 -417.25 0.52805 0.29895 77 -9 0 0 31.209 -417.33 0.52805 0.29895 77 -9
31.209 -417.33 0.52805 0.29895 77 -9 0 0 31.054 -417.25 0.52805 0.29895 79 -11
31.054 -417.25 0.52779 0.29869 79 -11 0 0 30.9 -417.17 0.52779 0.29869 79 -11
30.9 -417.17 0.52779 0.29869 79 -11 0.4 0 30.823 -417.17 0.52779 0.29869 79 -11
30.823 -417.17 0.52779 0.29869 79 -11 0.4 0 30.824 -417.25 0.52779 0.29869 78 -12
30.824 -417.25 0.52805 0.29895 78 -12 0.4 0 30.824 -417.33 0.52805 0.29895 78 -12
30.824 -417.33 0.52805 0.29895 78 -12 0.4 0 30.747 -417.33 0.52805 0.29895 78 -12
30.747 -417.33 0.52805 0.29895 78 -12 0.4 0 30.593 -417.41 0.52805 0.29895 81 -17
30.593 -417.41 0.52805 0.29869 81 -17 0.4 0 30.44 -417.41 0.52805 0.29869 81 -17
30.44 -417.41 0.52805 0.29869 81 -17 0.4 0 30.286 -417.48 0.52805 0.29869 81 -17
30.286 -417.48 0.52805 0.29869 81 -17 0.4 0 30.132 -417.56 0.52805 0.29869 81 -18
30.132 -417.56 0.52831 0.29869 81 -18 0.4 0 29.978 -417.56 0.52831 0.29869 81 -18
29.978 -417.56 0.52831 0.29869 81 -18 0.4 0 29.748 -417.56 0.52831 0.29869 93 -18
29.748 -417.56 0.52985 0.29869 93 -18 0.4 0 29.44 -417.49 0.52985 0.29869 93 -18
29.44 -417.49 0.52985 0.29869 93 -18 0.4 0 29.132 -417.49 0.52985 0.29869 93 -18
29.132 -417.49 0.52985 0.29869 93 -18 0.4 0 28.824 -417.49 0.52985 0.29869 93 -17
28.824 -417.49 0.52985 0.29869 93 -17 0.4 0 28.593 -417.41 0.52985 0.29869 93 -17
28.593 -417.41 0.52985 0.29869 93 -17 0.4 0 28.285 -417.34 0.52985 0.29869 93 -17
28.285 -417.34 0.52985 0.29869 93 -17 0.4 0 27.978 -417.26 0.52985 0.29869 105 -18
27.978 -417.26 0.53114 0.29869 105 -18 0.4 0 27.747 -417.18 0.53114 0.29869 105 -18
27.747 -417.18 0.53114 0.29869 105 -18 0.4 0 27.593 -417.11 0.53114 0.29869 105 -18
27.593 -417.11 0.53114 0.29869 105 -18 0.4 0 27.362 -417.11 0.53114 0.29869 131 -18
27.362 -417.11 0.53114 0.29869 131 -18 0.4 0 27.131 -416.95 0.53114 0.29869 131 -18
27.131 -416.95 0.53114 0.29869 131 -18 0.4 0 26.822 -416.8 0.53114 0.29869 131 -18
26.822 -416.8 0.53114 0.29869 131 -18 0.4 0 26.514 -416.73 0.53114 0.29869 114 -18
26.514 -416.73 0.53319 0.29869 114 -18 0 0 26.206 -416.57 0.53319 0.29869 114 -18
26.206 -416.57 0.53319 0.29869 114 -18 0 0 26.052 -416.5 0.53319 0.29869 114 -18
26.052 -416.5 0.53319 0.29869 114 -18 0 0 25.898 -416.42 0.53319 0.29869 117 -18
25.898 -416.42 0.53319 0.29869 117 -18 0 0 25.744 -416.42 0.53319 0.29869 117 -18
25.744 -416.42 0.53319 0.29869 117 -18 0 0 25.513 -416.34 0.53319 0.29869 117 -18
25.513 -416.34 0.53319 0.29869 117 -18 0 0 25.359 -416.34 0.53319 0.29869 120 -18
25.359 -416.34 0.53499 0.29869 120 -18 0 0 25.206 -416.34 0.53499 0.29869 120 -18
25.206 -416.34 0.53499 0.29869 120 -18 0 0 24.975 -416.35 0.53499 0.29869 120 -18
24.975 -416.35 0.53499 0.29869 120 -18 0 0 24.821 -416.35 0.53499 0.29869 125 -18
24.821 -416.35 0.53551 0.29869 125 -18 0 0 24.667 -416.27 0.53551 0.29869 125 -18
24.667 -416.27 0.53551 0.29869 125 -18 0 0 24.59 -416.35 0.53551 0.29869 125 -19
24.59 -416.35 0.53551 0.29869 125 -19 0 0 24.59 -416.42 0.53551 0.29869 125 -19
24.59 -416.42 0.53551 0.29869 125 -19 0 0 24.591 -416.5 0.53551 0.29869 125 -19
24.591 -416.5 0.53551 0.29869 125 -19 0 0 24.668 -416.58 0.53551 0.29869 125 -19
24.668 -416.58 0.53551 0.29869 125 -19 0 0 24.668 -416.65 0.53551 0.29869 124 -18
24.668 -416.65 0.53551 0.29869 124 -18 0 0 24.668 -416.73 0.53551 0.29869 124 -18
24.668 -416.73 0.53551 0.29869 124 -18 0 0 24.668 -416.73 0.53551 0.29869 124 -18
24.668 -416.73 0.53551 0.29869 124 -18 0 0 24.745 -416.73 0.53551 0.29869 123 -18
24.745 -416.73 0.53551 0.29869 123 -18 0.2 -0.2 24.745 -416.73 0.53551 0.29869 123 -18
24.745 -416.73 0.53551 0.29869 123 -18 0.2 -0.2 24.745 -416.73 0.53551 0.29869 123 -18
24.745 -416.73 0.53551 0.29869 123 -18 0.2 -0.2 24.822 -416.73 0.53551 0.29869 124 -18
24.822 -416.73 0.53551 0.29869 124 -18 0.2 -0.2 24.822 -416.65 0.53551 0.29869 124 -18
24.822 -416.65 0.53551 0.29869 124 -18 0.2 -0.2 24.822 -416.73 0.53551 0.29869 124 -18
24.822 -416.73 0.53551 0.29869 124 -18 0.2 -0.2 24.668 -416.65 0.53551 0.29869 123 -18
24.668 -416.65 0.53525 0.29869 123 -18 0.2 -0.2 24.591 -416.5 0.53525 0.29869 123 -18
24.591 -416.5 0.53525 0.29869 123 -18 0.2 -0.2 24.36 -416.42 0.53525 0.29869 123 -18
24.36 -416.42 0.53525 0.29869 123 -18 0.2 -0.2 24.128 -416.27 0.53525 0.29869 120 -18
24.128 -416.27 0.53628 0.29869 120 -18 0.2 -0.2 23.897 -416.19 0.53628 0.29869 120 -18
23.897 -416.19 0.53628 0.29869 120 -18 0.2 -0.2 23.589 -416.04 0.53628 0.29869 118 -18
23.589 -416.04 0.53628 0.29767 118 -18 0.2 -0.2 23.281 -415.89 0.53628 0.29767 118 -18
23.281 -415.89 0.53628 0.29767 118 -18 0.2 -0.2 22.819 -415.81 0.53628 0.29767 118 -18
22.819 -415.81 0.53628 0.29767 118 -18 0.2 -0.2 22.434 -415.58 0.53628 0.29767 118 -5
22.434 -415.58 0.53731 0.29767 118 -5 0.2 -0.2 21.972 -415.35 0.53731 0.29767 118 -5
21.972 -415.35 0.53731 0.29767 118 -5 0.2 -0.2 21.433 -415.2 0.53731 0.29767 118 -5
21.433 -415.2 0.53731 0.29767 118 -5 0.2 -0.2 20.894 -415.05 0.53731 0.29767 128 -18
20.894 -415.05 0.53731 0.2969 128 -18 0.2 -0.2 20.355 -414.74 0.53731 0.2969 128 -18
20.355 -414.74 0.53731 0.2969 128 -18 0.2 -0.2 19.893 -414.67 0.53731 0.2969 128 -18
19.893 -414.67 0.53731 0.2969 128 -18 0.2 -0.2 19.2 -414.52 0.53731 0.2969 120 -18
19.2 -414.52 0.53808 0.2969 120 -18 0.2 -0.2 18.661 -414.36 0.53808 0.2969 120 -18
18.661 -414.36 0.53808 0.2969 120 -18 0.2 -0.2 18.045 -414.21 0.53808 0.2969 120 -18
18.045 -414.21 0.53808 0.2969 120 -18 0.2 -0.2 17.429 -413.98 0.53808 0.2969 111 -18
17.429 -413.98 0.53833 0.29587 111 -18 0.2 -0.2 16.89 -413.83 0.53833 0.29587 111 -18
16.89 -413.83 0.53833 0.29587 111 -18 0.2 -0.2 16.198 -413.68 0.53833 0.29587 111 -18
16.198 -413.68 0.53833 0.29587 111 -18 0.2 -0.2 15.582 -413.53 0.53833 0.29587 114 -15
15.582 -413.53 0.53936 0.29484 114 -15 0.2 -0.2 14.889 -413.45 0.53936 0.29484 114 -15
14.889 -413.45 0.53936 0.29484 114 -15 0.2 -0.2 14.274 -413.38 0.53936 0.29484 114 -15
14.274 -413.38 0.53936 0.29484 114 -15 0.2 -0.2 13.735 -413.3 0.53936 0.29484 113 0
13.735 -413.3 0.54039 0.29484 113 0 0.2 -0.2 13.119 -413.15 0.54039 0.29484 113 0
13.119 -413.15 0.54039 0.29484 113 0 0.2 -0.2 12.58 -413.07 0.54039 0.29484 130 -18
12.58 -413.07 0.54039 0.29381 130 -18 0.2 -0.2 11.887 -412.85 0.54039 0.29381 130 -18
11.887 -412.85 0.54039 0.29381 130 -18 0.2 -0.2 11.349 -412.77 0.54039 0.29381 130 -18
11.349 -412.77 0.54039 0.29381 130 -18 0.2 -0.2 10.81 -412.62 0.54039 0.29381 120 -14
10.81 -412.62 0.54116 0.29381 120 -14 0.2 -0.2 10.271 -412.47 0.54116 0.29381 120 -14
10.271 -412.47 0.54116 0.29381 120 -14 0.2 -0.2 9.7323 -412.39 0.54116 0.29381 120 -14
9.7323 -412.39 0.54116 0.29381 120 -14 0.2 -0.2 9.1164 -412.24 0.54116 0.29381 114 -18
9.1164 -412.24 0.54116 0.29278 114 -18 0.2 -0.2 8.6544 -412.09 0.54116 0.29278 114 -18
8.6544 -412.09 0.54116 0.29278 114 -18 0.2 -0.2 8.0386 -411.93 0.54116 0.29278 114 -18
8.0386 -411.93 0.54116 0.29278 114 -18 0.2 -0.2 7.4228 -411.78 0.54116 0.29278 114 -11
7.4228 -411.78 0.54219 0.29201 114 -11 0.2 -0.2 6.8069 -411.63 0.54219 0.29201 114 -11
6.8069 -411.63 0.54219 0.29201 114 -11 0.2 -0.2 6.1144 -411.56 0.54219 0.29201 114 -11
6.1144 -411.56 0.54219 0.29201 114 -11 0.2 -0.2 5.4985 -411.4 0.54219 0.29201 113 -6
5.4985 -411.4 0.54322 0.29201 113 -6 0.2 -0.2 4.8058 -411.25 0.54322 0.29201 113 -6
4.8058 -411.25 0.54322 0.29201 113 -6 0.2 -0.2 4.1899 -411.1 0.54322 0.29201 113 -6
4.1899 -411.1 0.54322 0.29201 113 -6 0 0 3.651 -410.95 0.54322 0.29201 96 -18
3.651 -410.95 0.54347 0.29098 96 -18 0 0 2.9585 -410.87 0.54347 0.29098 96 -18
2.9585 -410.87 0.54347 0.29098 96 -18 0 0 2.4198 -410.8 0.54347 0.29098 96 -18
2.4198 -410.8 0.54347 0.29098 96 -18 0 0 1.8809 -410.64 0.54347 0.29098 112 -18
1.8809 -410.64 0.5445 0.29047 112 -18 0 0 1.3422 -410.57 0.5445 0.29047 112 -18
1.3422 -410.57 0.5445 0.29047 112 -18 0 0 0.80351 -410.49 0.5445 0.29047 112 -18
0.80351 -410.49 0.5445 0.29047 112 -18 0 0 0.41867 -410.42 0.5445 0.29047 113 -18
0.41867 -410.42 0.54502 0.28996 113 -18 0 0 0.11075 -410.34 0.54502 0.28996 113 -18
0.11075 -410.34 0.54502 0.28996 113 -18 0 0 -0.19717 -410.27 0.54502 0.28996 113 -18
-0.19717 -410.27 0.54502 0.28996 113 -18 0 0 -0.42839 -410.11 0.54502 0.28996 112 -12
-0.42839 -410.11 0.54502 0.2897 112 -12 0 0 -0.65916 -410.11 0.54502 0.2897 112 -12
-0.65916 -410.11 0.54502 0.2897 112 -12 0 0 -0.81301 -410.11 0.54502 0.2897 112 -12
-0.81301 -410.11 0.54502 0.2897 112 -12 0 0 -0.88993 -410.11 0.54502 0.2897 113 -18
-0.88993 -410.11 0.54502 0.2897 113 -18 0 0 -1.0438 -410.11 0.54502 0.2897 113 -18
-1.0438 -410.11 0.54502 0.2897 113 -18 0 0 -1.044 -410.04 0.54502 0.2897 113 -18
-1.044 -410.04 0.54502 0.2897 113 -18 0 0 -1.1212 -409.96 0.54502 0.2897 113 -18
-1.1212 -409.96 0.54502 0.2897 113 -18 0.2 0.2 -1.1981 -409.96 0.54502 0.2897 113 -18
-1.1981 -409.96 0.54502 0.2897 113 -18 0.2 0.2 -1.1981 -409.96 0.54502 0.2897 112 -18
-1.1981 -409.96 0.54502 0.2897 112 -18 0.2 0.2 -1.275 -409.96 0.54502 0.2897 112 -18
-1.275 -409.96 0.54502 0.2897 112 -18 0.2 0.2 -1.2748 -410.04 0.54502 0.2897 112 -18
-1.2748 -410.04 0.54502 0.2897 112 -18 0.2 0.2 -1.275 -409.96 0.54502 0.2897 109 -18
-1.275 -409.96 0.54502 0.2897 109 -18 0.2 0.2 -1.4291 -409.89 0.54502 0.2897 109 -18
-1.4291 -409.89 0.54502 0.2897 109 -18 0.2 0.2 -1.5831 -409.81 0.54502 0.2897 109 -18
-1.5831 -409.81 0.54502 0.2897 109 -18 0.2 0.2 -1.6603 -409.73 0.54502 0.2897 111 -18
-1.6603 -409.73 0.54502 0.2897 111 -18 0.2 0.2 -1.8141 -409.73 0.54502 0.2897 111 -18
-1.8141 -409.73 0.54502 0.2897 111 -18 0.2 0.2 -1.968 -409.73 0.54502 0.2897 111 -18
-1.968 -409.73 0.54502 0.2897 111 -18 0.2 0.2 -2.1218 -409.73 0.54502 0.2897 114 -42
-2.1218 -409.73 0.54605 0.2897 114 -42 0.2 0.2 -2.2757 -409.73 0.54605 0.2897 114 -42
-2.2757 -409.73 0.54605 0.2897 114 -42 0.2 0.2 -2.4293 -409.81 0.54605 0.2897 114 -42
-2.4293 -409.81 0.54605 0.2897 114 -42 0.2 0.2 -2.5064 -409.73 0.54605 0.2897 122 -42
-2.5064 -409.73 0.54605 0.2897 122 -42 0.2 0.2 -2.6605 -409.66 0.54605 0.2897 122 -42
-2.6605 -409.66 0.54605 0.2897 122 -42 0.2 0.2 -2.7377 -409.58 0.54605 0.2897 122 -42
-2.7377 -409.58 0.54605 0.2897 122 -42 0.2 0.2 -2.9689 -409.43 0.54605 0.2897 126 -60
-2.9689 -409.43 0.54656 0.28996 126 -60 0.2 0.2 -3.1227 -409.43 0.54656 0.28996 126 -60
-3.1227 -409.43 0.54656 0.28996 126 -60 0.2 0.2 -3.1997 -409.43 0.54656 0.28996 126 -60
-3.1997 -409.43 0.54656 0.28996 126 -60 0.2 0.2 -3.2766 -409.43 0.54656 0.28996 120 -61
-3.2766 -409.43 0.54733 0.28996 120 -61 0.2 0.2 -3.4304 -409.43 0.54733 0.28996 120 -61
-3.4304 -409.43 0.54733 0.28996 120 -61 0 0 -3.5076 -409.35 0.54733 0.28996 120 -61
-3.5076 -409.35 0.54733 0.28996 120 -61 0 0 -3.5847 -409.28 0.54733 0.28996 134 -71
-3.5847 -409.28 0.54733 0.29021 134 -71 0 0 -3.6619 -409.2 0.54733 0.29021 134 -71
-3.6619 -409.2 0.54733 0.29021 134 -71 0 0 -3.739 -409.12 0.54733 0.29021 134 -71
-3.739 -409.12 0.54733 0.29021 134 -71 0 0 -3.8162 -409.05 0.54733 0.29021 138 -77
-3.8162 -409.05 0.54784 0.29021 138 -77 0 0 -3.8931 -409.05 0.54784 0.29021 138 -77
-3.8931 -409.05 0.54784 0.29021 138 -77 0 0 -3.8162 -409.05 0.54784 0.29021 145 -77
-3.8162 -409.05 0.54784 0.29098 145 -77 0 0 -3.8929 -409.12 0.54784 0.29098 145 -77
-3.8929 -409.12 0.54784 0.29098 145 -77 0 0 -3.8929 -409.12 0.54784 0.29098 145 -77
-3.8929 -409.12 0.54784 0.29098 145 -77 0 0 -3.9698 -409.12 0.54784 0.29098 144 -81
-3.9698 -409.12 0.54784 0.29098 144 -81 0 0 -3.8929 -409.12 0.54784 0.29098 144 -81
-3.8929 -409.12 0.54784 0.29098 144 -81 0 0 -3.8927 -409.2 0.54784 0.29098 144 -81
-3.8927 -409.2 0.54784 0.29098 144 -81 0 0 -3.7388 -409.2 0.54784 0.29098 145 -83
-3.7388 -409.2 0.54784 0.29124 145 -83 0 0 -3.7386 -409.28 0.54784 0.29124 145 -83
-3.7386 -409.28 0.54784 0.29124 145 -83 0 0 -3.7386 -409.28 0.54784 0.29124 145 -83
-3.7386 -409.28 0.54784 0.29124 145 -83 0 0 -3.7384 -409.35 0.54784 0.29124 144 -81
-3.7384 -409.35 0.54784 0.29124 144 -81 0 0 -3.7384 -409.35 0.54784 0.29124 144 -81
-3.7384 -409.35 0.54784 0.29124 144 -81 0 0 -3.7384 -409.35 0.54784 0.29124 144 -81
-3.7384 -409.35 0.54784 0.29124 144 -81 0 0 -3.7384 -409.35 0.54784 0.29124 145 -80
-3.7384 -409.35 0.54784 0.29124 145 -80 0 0 -3.8153 -409.35 0.54784 0.29124 145 -80
-3.8153 -409.35 0.54784 0.29124 145 -80 0 0 -3.8153 -409.35 0.54784 0.29124 145 -80
-3.8153 -409.35 0.54784 0.29124 145 -80 0 0 -3.7384 -409.35 0.54784 0.29124 145 -83
-3.7384 -409.35 0.54784 0.29124 145 -83 0 0 -3.7384 -409.35 0.54784 0.29124 145 -83
-3.7384 -409.35 0.54784 0.29124 145 -83 0 0 -3.7384 -409.35 0.54784 0.29124 145 -83
-3.7384 -409.35 0.54784 0.29124 145 -83 0 0 -3.5847 -409.28 0.54784 0.29124 146 -81
-3.5847 -409.28 0.54784 0.29124 146 -81 0 0 -3.7384 -409.35 0.54784 0.29124 146 -81
-3.7384 -409.35 0.54784 0.29124 146 -81 0 0 -3.6617 -409.28 0.54784 0.29124 146 -81
-3.6617 -409.28 0.54784 0.29124 146 -81 0 0 -3.6617 -409.28 0.54784 0.29124 143 -80
-3.6617 -409.28 0.54784 0.29124 143 -80 0 0 -3.585 -409.2 0.54784 0.29124 143 -80
-3.585 -409.2 0.54784 0.29124 143 -80 0 0 -3.508 -409.2 0.54784 0.29124 143 -80
-3.508 -409.2 0.54784 0.29124 143 -80 0 0 -3.4311 -409.2 0.54784 0.29124 143 -80
-3.4311 -409.2 0.54784 0.29124 143 -80 0 0 -3.4311 -409.2 0.54784 0.29124 143 -80
-3.4311 -409.2 0.54784 0.29124 143 -80 0 0 -3.4311 -409.2 0.54784 0.29124 144 -80
-3.4311 -409.2 0.54784 0.29124 144 -80 0 0 -3.4311 -409.2 0.54784 0.29124 144 -80
-3.4311 -409.2 0.54784 0.29124 144 -80 0 0 -3.4311 -409.2 0.54784 0.29124 144 -80
-3.4311 -409.2 0.54784 0.29124 144 -80 0 0 -3.3542 -409.2 0.54784 0.29124 142 -80
-3.3542 -409.2 0.54784 0.29124 142 -80 0 0 -3.4311 -409.2 0.54784 0.29124 142 -80
-3.4311 -409.2 0.54784 0.29124 142 -80 0 0 -3.508 -409.2 0.54784 0.29124 142 -80
-3.508 -409.2 0.54784 0.29124 142 -80 0 0 -3.4314 -409.12 0.54784 0.29124 144 -82
-3.4314 -409.12 0.54784 0.29098 144 -82 0 0 -3.508 -409.2 0.54784 0.29098 144 -82
-3.508 -409.2 0.54784 0.29098 144 -82 0 0 -3.4311 -409.2 0.54784 0.29098 144 -82
-3.4311 -409.2 0.54784 0.29098 144 -82 0 0 -3.508 -409.2 0.54784 0.29098 143 -80
-3.508 -409.2 0.54784 0.29124 143 -80 0 0 -3.508 -409.2 0.54784 0.29124 143 -80
-3.508 -409.2 0.54784 0.29124 143 -80 0 0 -3.508 -409.2 0.54784 0.29124 143 -80
-3.508 -409.2 0.54784 0.29124 143 -80 0 0 -3.585 -409.2 0.54784 0.29124 142 -82
-3.585 -409.2 0.54784 0.29124 142 -82 0 0 -3.6617 -409.28 0.54784 0.29124 142 -82
-3.6617 -409.28 0.54784 0.29124 142 -82 0 0 -3.585 -409.2 0.54784 0.29124 142 -82
-3.585 -409.2 0.54784 0.29124 142 -82 0 0 -3.6617 -409.28 0.54784 0.29124 142 -83
-3.6617 -409.28 0.54784 0.29098 142 -83 0 0 -3.6617 -409.28 0.54784 0.29098 142 -83
-3.6617 -409.28 0.54784 0.29098 142 -83 0 0 -3.6614 -409.35 0.54784 0.29098 142 -83
-3.6614 -409.35 0.54784 0.29098 142 -83 0 0 -3.7384 -409.35 0.54784 0.29098 144 -82
-3.7384 -409.35 0.54784 0.29124 144 -82 0 0 -3.8151 -409.43 0.54784 0.29124 144 -82
-3.8151 -409.43 0.54784 0.29124 144 -82 0 0 -3.7384 -409.35 0.54784 0.29124 144 -82
-3.7384 -409.35 0.54784 0.29124 144 -82 0 0 -3.7384 -409.35 0.54784 0.29124 145 -80
-3.7384 -409.35 0.54784 0.29124 145 -80 0 0 -3.6614 -409.35 0.54784 0.29124 145 -80
-3.6614 -409.35 0.54784 0.29124 145 -80 0 0 -3.6614 -409.35 0.54784 0.29124 144 -80
-3.6614 -409.35 0.54784 0.29124 144 -80 0 0 -3.7384 -409.35 0.54784 0.29124 144 -80
-3.7384 -409.35 0.54784 0.29124 144 -80 0 0 -3.6614 -409.35 0.54784 0.29124 144 -80
-3.6614 -409.35 0.54784 0.29124 144 -80 0 0 -3.6617 -409.28 0.54784 0.29124 145 -80
-3.6617 -409.28 0.54784 0.29124 145 -80 0 0 -3.7386 -409.28 0.54784 0.29124 145 -80
-3.7386 -409.28 0.54784 0.29124 145 -80 0 0 -3.6619 -409.2 0.54784 0.29124 145 -80
-3.6619 -409.2 0.54784 0.29124 145 -80 0 0 -3.7388 -409.2 0.54784 0.29124 140 -81
-3.7388 -409.2 0.54784 0.29124 140 -81 0 0 -3.739 -409.12 0.54784 0.29124 140 -81
-3.739 -409.12 0.54784 0.29124 140 -81 0 0 -3.6621 -409.12 0.54784 0.29124 140 -81
-3.6621 -409.12 0.54784 0.29124 140 -81 0 0 -3.6623 -409.05 0.54784 0.29124 143 -81
-3.6623 -409.05 0.54784 0.29124 143 -81 0 0 -3.6623 -409.05 0.54784 0.29124 143 -81
-3.6623 -409.05 0.54784 0.29124 143 -81 0 0 -3.7393 -409.05 0.54784 0.29124 143 -81
-3.7393 -409.05 0.54784 0.29124 143 -81 0 0 -3.7393 -409.05 0.54784 0.29124 141 -81
-3.7393 -409.05 0.54784 0.29124 141 -81 0 0 -3.8162 -409.05 0.54784 0.29124 141 -81
-3.8162 -409.05 0.54784 0.29124 141 -81 0 0 -3.7393 -409.05 0.54784 0.29124 141 -81
-3.7393 -409.05 0.54784 0.29124 141 -81 0 0 -3.7393 -409.05 0.54784 0.29124 140 -81
-3.7393 -409.05 0.54784 0.29098 140 -81 0 0 -3.7393 -409.05 0.54784 0.29098 140 -81
-3.7393 -409.05 0.54784 0.29098 140 -81 0 0 -3.7393 -409.05 0.54784 0.29098 140 -81
-3.7393 -409.05 0.54784 0.29098 140 -81 0 0 -3.7393 -409.05 0.54784 0.29098 144 -80
-3.7393 -409.05 0.54784 0.29124 144 -80 0 0 -3.6623 -409.05 0.54784 0.29124 144 -80
-3.6623 -409.05 0.54784 0.29124 144 -80 0 0 -3.5854 -409.05 0.54784 0.29124 144 -80
-3.5854 -409.05 0.54784 0.29124 144 -80 0 0 -3.5854 -409.05 0.54784 0.29124 141 -80
-3.5854 -409.05 0.54784 0.29124 141 -80 0 0 -3.5852 -409.12 0.54784 0.29124 141 -80
-3.5852 -409.12 0.54784 0.29124 141 -80 0 0 -3.5852 -409.12 0.54784 0.29124 142 -81
-3.5852 -409.12 0.54784 0.29124 142 -81 0.2 -0.2 -3.5083 -409.12 0.54784 0.29124 142 -81
-3.5083 -409.12 0.54784 0.29124 142 -81 0.2 -0.2 -3.5852 -409.12 0.54784 0.29124 142 -81
-3.5852 -409.12 0.54784 0.29124 142 -81 0.2 -0.2 -3.5083 -409.12 0.54784 0.29124 141 -80
-3.5083 -409.12 0.54784 0.29124 141 -80 0.2 -0.2 -3.5083 -409.12 0.54784 0.29124 141 -80
-3.5083 -409.12 0.54784 0.29124 141 -80 0.2 -0.2 -3.5083 -409.12 0.54784 0.29124 141 -80
-3.5083 -409.12 0.54784 0.29124 141 -80 0.2 -0.2 -3.5083 -409.12 0.54784 0.29124 148 -79
-3.5083 -409.12 0.54784 0.29124 148 -79 0.2 -0.2 -3.4314 -409.12 0.54784 0.29124 148 -79
-3.4314 -409.12 0.54784 0.29124 148 -79 0.2 -0.2 -3.4314 -409.12 0.54784 0.29124 148 -79
-3.4314 -409.12 0.54784 0.29124 148 -79 0.2 -0.2 -3.5083 -409.12 0.54784 0.29124 147 -73
-3.5083 -409.12 0.54784 0.29124 147 -73 0.2 -0.2 -3.5083 -409.12 0.54784 0.29124 147 -73
-3.5083 -409.12 0.54784 0.29124 147 -73 0.2 -0.2 -3.5854 -409.05 0.54784 0.29124 147 -73
-3.5854 -409.05 0.54784 0.29124 147 -73 0.2 -0.2 -3.509 -408.89 0.54784 0.29124 139 -44
-3.509 -408.89 0.54913 0.29098 139 -44 0.2 -0.2 -3.509 -408.89 0.54913 0.29098 139 -44
-3.509 -408.89 0.54913 0.29098 139 -44 0.2 -0.2 -3.5859 -408.89 0.54913 0.29098 151 -44
-3.5859 -408.89 0.54913 0.29124 151 -44 0.2 -0.2 -3.5859 -408.89 0.54913 0.29124 151 -44
-3.5859 -408.89 0.54913 0.29124 151 -44 0.2 -0.2 -3.6628 -408.89 0.54913 0.29124 151 -44
-3.6628 -408.89 0.54913 0.29124 151 -44 0.2 -0.2 -3.8166 -408.89 0.54913 0.29124 151 -44
-3.8166 -408.89 0.54913 0.29124 151 -44 0.2 -0.2 -3.9705 -408.89 0.54913 0.29124 139 -28
-3.9705 -408.89 0.55016 0.29124 139 -28 0.2 -0.2 -4.1243 -408.89 0.55016 0.29124 139 -28
-4.1243 -408.89 0.55016 0.29124 139 -28 0.2 -0.2 -4.432 -408.89 0.55016 0.29124 152 -27
-4.432 -408.89 0.55041 0.29098 152 -27 0.2 -0.2 -4.6633 -408.74 0.55041 0.29098 152 -27
-4.6633 -408.74 0.55041 0.29098 152 -27 0.2 -0.2 -4.9709 -408.74 0.55041 0.29098 152 -27
-4.9709 -408.74 0.55041 0.29098 152 -27 0.2 -0.2 -5.2789 -408.67 0.55041 0.29098 152 -20
-5.2789 -408.67 0.55067 0.29047 152 -20 0.2 -0.2 -5.6635 -408.67 0.55067 0.29047 152 -20
-5.6635 -408.67 0.55067 0.29047 152 -20 0.2 -0.2 -6.0483 -408.59 0.55067 0.29047 152 -20
-6.0483 -408.59 0.55067 0.29047 152 -20 0.2 -0.2 -6.5101 -408.52 0.55067 0.29047 145 -32
-6.5101 -408.52 0.5517 0.29021 145 -32 0.2 -0.2 -6.8952 -408.36 0.5517 0.29021 145 -32
-6.8952 -408.36 0.5517 0.29021 145 -32 0.2 -0.2 -7.4338 -408.29 0.5517 0.29021 145 -32
-7.4338 -408.29 0.5517 0.29021 145 -32 0.2 -0.2 -7.8958 -408.14 0.5517 0.29021 146 -20
-7.8958 -408.14 0.55196 0.28944 146 -20 0.2 -0.2 -8.3578 -407.98 0.55196 0.28944 146 -20
-8.3578 -407.98 0.55196 0.28944 146 -20 0.2 -0.2 -8.8201 -407.75 0.55196 0.28944 146 -20
-8.8201 -407.75 0.55196 0.28944 146 -20 0.2 -0.2 -9.2823 -407.52 0.55196 0.28944 148 -21
-9.2823 -407.52 0.55273 0.28867 148 -21 0.2 -0.2 -9.6676 -407.29 0.55273 0.28867 148 -21
-9.6676 -407.29 0.55273 0.28867 148 -21 0.2 -0.2 -10.206 -407.22 0.55273 0.28867 148 -21
-10.206 -407.22 0.55273 0.28867 148 -21 0.2 -0.2 -10.668 -406.99 0.55273 0.28867 151 -2
-10.668 -406.99 0.55324 0.28867 151 -2 0.2 -0.2 -11.361 -406.76 0.55324 0.28867 151 -2
-11.361 -406.76 0.55324 0.28867 151 -2 0.2 -0.2 -11.9 -406.61 0.55324 0.28867 151 -2
-11.9 -406.61 0.55324 0.28867 151 -2 0.2 -0.2 -12.516 -406.46 0.55324 0.28867 129 -21
-12.516 -406.46 0.55324 0.28764 129 -21 0.2 -0.2 -13.132 -406.23 0.55324 0.28764 129 -21
-13.132 -406.23 0.55324 0.28764 129 -21 0.2 -0.2 -13.748 -406.08 0.55324 0.28764 129 -21
-13.748 -406.08 0.55324 0.28764 129 -21 0.2 -0.2 -14.364 -405.85 0.55324 0.28764 145 -19
-14.364 -405.85 0.55453 0.28713 145 -19 0.2 -0.2 -14.98 -405.54 0.55453 0.28713 145 -19
-14.98 -405.54 0.55453 0.28713 145 -19 0.2 -0.2 -15.673 -405.31 0.55453 0.28713 145 -19
-15.673 -405.31 0.55453 0.28713 145 -19 0.2 -0.2 -16.366 -405.16 0.55453 0.28713 145 -25
-16.366 -405.16 0.5553 0.28661 145 -25 0.2 -0.2 -17.059 -405.01 0.5553 0.28661 145 -25
-17.059 -405.01 0.5553 0.28661 145 -25 0.2 -0.2 -17.675 -404.78 0.5553 0.28661 145 -25
-17.675 -404.78 0.5553 0.28661 145 -25 0.2 -0.2 -18.291 -404.55 0.5553 0.28661 144 -23
-18.291 -404.55 0.55581 0.28559 144 -23 0.2 -0.2 -18.907 -404.32 0.55581 0.28559 144 -23
-18.907 -404.32 0.55581 0.28559 144 -23 0.2 -0.2 -19.369 -404.17 0.55581 0.28559 144 -23
-19.369 -404.17 0.55581 0.28559 144 -23 0.2 -0.2 -19.908 -403.94 0.55581 0.28559 137 -27
-19.908 -403.94 0.55658 0.28559 137 -27 0.2 -0.2 -20.524 -403.79 0.55658 0.28559 137 -27
-20.524 -403.79 0.55658 0.28559 137 -27 0.2 -0.2 -21.063 -403.64 0.55658 0.28559 137 -27
-21.063 -403.64 0.55658 0.28559 137 -27 0.2 -0.2 -21.679 -403.41 0.55658 0.28559 135 -24
-21.679 -403.41 0.55658 0.28481 135 -24 0.2 -0.2 -22.141 -403.18 0.55658 0.28481 135 -24
-22.141 -403.18 0.55658 0.28481 135 -24 0.2 -0.2 -22.757 -403.03 0.55658 0.28481 138 -22
-22.757 -403.03 0.55761 0.2843 138 -22 0.2 -0.2 -23.219 -402.8 0.55761 0.2843 138 -22
-23.219 -402.8 0.55761 0.2843 138 -22 0.2 -0.2 -23.682 -402.57 0.55761 0.2843 138 -22
-23.682 -402.57 0.55761 0.2843 138 -22 0.2 -0.2 -24.144 -402.34 0.55761 0.2843 140 -26
-24.144 -402.34 0.55838 0.28379 140 -26 0.2 -0.2 -24.76 -402.19 0.55838 0.28379 140 -26
-24.76 -402.19 0.55838 0.28379 140 -26 0 0 -25.376 -401.96 0.55838 0.28379 140 -26
-25.376 -401.96 0.55838 0.28379 140 -26 0 0 -25.915 -401.73 0.55838 0.28379 140 -23
-25.915 -401.73 0.55864 0.28302 140 -23 0 0 -26.454 -401.58 0.55864 0.28302 140 -23
-26.454 -401.58 0.55864 0.28302 140 -23 0 0 -26.993 -401.42 0.55864 0.28302 140 -23
-26.993 -401.42 0.55864 0.28302 140 -23 0 0 -27.378 -401.19 0.55864 0.28302 132 -17
-27.378 -401.19 0.55967 0.28302 132 -17 0 0 -27.763 -401.04 0.55967 0.28302 132 -17
-27.763 -401.04 0.55967 0.28302 132 -17 0 0 -28.148 -400.96 0.55967 0.28302 132 -17
-28.148 -400.96 0.55967 0.28302 132 -17 0 0 -28.533 -400.89 0.55967 0.28302 131 -22
-28.533 -400.89 0.55967 0.28199 131 -22 0 0 -28.764 -400.81 0.55967 0.28199 131 -22
-28.764 -400.81 0.55967 0.28199 131 -22 0 0 -28.995 -400.74 0.55967 0.28199 131 -22
-28.995 -400.74 0.55967 0.28199 131 -22 0 0 -29.303 -400.74 0.55967 0.28199 131 -21
-29.303 -400.74 0.55967 0.28173 131 -21 0 0 -29.533 -400.74 0.55967 0.28173 131 -21
-29.533 -400.74 0.55967 0.28173 131 -21 0 0 -29.687 -400.74 0.55967 0.28173 131 -21
-29.687 -400.74 0.55967 0.28173 131 -21 0 0 -29.764 -400.82 0.55967 0.28173 132 -22
-29.764 -400.82 0.55967 0.28173 132 -22 0 0 -29.841 -400.89 0.55967 0.28173 132 -22
-29.841 -400.89 0.55967 0.28173 132 -22 0 0 -29.917 -400.89 0.55967 0.28173 132 -22
-29.917 -400.89 0.55967 0.28173 132 -22 0 0 -29.841 -400.82 0.55967 0.28173 131 -23
-29.841 -400.82 0.55967 0.28173 131 -23 0 0 -29.841 -400.82 0.55967 0.28173 131 -23
-29.841 -400.82 0.55967 0.28173 131 -23 0.4 0 -29.841 -400.74 0.55967 0.28173 132 -23
-29.841 -400.74 0.55967 0.28173 132 -23 0.4 0 -29.841 -400.66 0.55967 0.28173 132 -23
-29.841 -400.66 0.55967 0.28173 132 -23 0.4 0 -29.841 -400.59 0.55967 0.28173 132 -23
-29.841 -400.59 0.55967 0.28173 132 -23 0.4 0 -29.995 -400.59 0.55967 0.28173 125 -24
-29.995 -400.59 0.55967 0.28173 125 -24 0.4 0 -30.226 -400.59 0.55967 0.28173 125 -24
-30.226 -400.59 0.55967 0.28173 125 -24 0.4 0 -30.303 -400.43 0.55967 0.28173 125 -24
-30.303 -400.43 0.55967 0.28173 125 -24 0.4 0 -30.381 -400.2 0.55967 0.28173 131 -20
-30.381 -400.2 0.55993 0.28173 131 -20 0.4 0 -30.458 -400.05 0.55993 0.28173 131 -20
-30.458 -400.05 0.55993 0.28173 131 -20 0.4 0 -30.69 -399.9 0.55993 0.28173 131 -20
-30.69 -399.9 0.55993 0.28173 131 -20 0.4 0 -30.921 -399.82 0.55993 0.28173 145 -22
-30.921 -399.82 0.56121 0.28173 145 -22 0.4 0 -31.152 -399.67 0.56121 0.28173 145 -22
-31.152 -399.67 0.56121 0.28173 145 -22 0.4 0 -31.46 -399.59 0.56121 0.28173 145 -22
-31.46 -399.59 0.56121 0.28173 145 -22 0.4 0 -31.768 -399.51 0.56121 0.28173 150 -24
-31.768 -399.51 0.56147 0.28173 150 -24 0.4 0 -32.153 -399.36 0.56147 0.28173 150 -24
-32.153 -399.36 0.56147 0.28173 150 -24 0.4 0 -32.538 -399.21 0.56147 0.28173 150 -24
-32.538 -399.21 0.56147 0.28173 150 -24 0.4 0 -32.923 -399.06 0.56147 0.28173 152 -25
-32.923 -399.06 0.56275 0.28173 152 -25 0.4 0 -33.231 -398.9 0.56275 0.28173 152 -25
-33.231 -398.9 0.56275 0.28173 152 -25 0.4 0 -33.462 -398.75 0.56275 0.28173 152 -25
-33.462 -398.75 0.56275 0.28173 152 -25 0.4 0 -33.847 -398.6 0.56275 0.28173 141 -26
-33.847 -398.6 0.56301 0.28173 141 -26 0.4 0 -34.309 -398.6 0.56301 0.28173 141 -26
-34.309 -398.6 0.56301 0.28173 141 -26 0.4 0 -34.694 -398.45 0.56301 0.28173 141 -26
-34.694 -398.45 0.56301 0.28173 141 -26 0.4 0 -34.925 -398.29 0.56301 0.28173 146 -26
-34.925 -398.29 0.56507 0.28173 146 -26 0.4 0 -35.234 -398.06 0.56507 0.28173 146 -26
-35.234 -398.06 0.56507 0.28173 146 -26 0.4 0 -35.542 -397.83 0.56507 0.28173 146 -26
-35.542 -397.83 0.56507 0.28173 146 -26 0.4 0 -35.927 -397.6 0.56507 0.28173 165 -26
-35.927 -397.6 0.56661 0.28173 165 -26 0.4 0 -36.236 -397.37 0.56661 0.28173 165 -26
-36.236 -397.37 0.56661 0.28173 165 -26 0.4 0 -36.544 -397.22 0.56661 0.28173 165 -26
-36.544 -397.22 0.56661 0.28173 165 -26 0.4 0 -36.775 -397.07 0.56661 0.28173 173 -32
-36.775 -397.07 0.56661 0.28173 173 -32 0.4 0 -37.083 -396.91 0.56661 0.28173 173 -32
-37.083 -396.91 0.56661 0.28173 173 -32 0.4 0 -37.315 -396.68 0.56661 0.28173 173 -32
-37.315 -396.68 0.56661 0.28173 173 -32 0.4 0 -37.623 -396.45 0.56661 0.28173 172 -32
-37.623 -396.45 0.56841 0.28173 172 -32 0.4 0 -37.854 -396.3 0.56841 0.28173 172 -32
-37.854 -396.3 0.56841 0.28173 172 -32 0.4 0 -38.086 -396.07 0.56841 0.28173 187 -33
-38.086 -396.07 0.56841 0.28173 187 -33 0.4 0 -38.394 -395.92 0.56841 0.28173 187 -33
-38.394 -395.92 0.56841 0.28173 187 -33 0.4 0 -38.702 -395.77 0.56841 0.28173 187 -33
-38.702 -395.77 0.56841 0.28173 187 -33 0.4 0 -38.933 -395.61 0.56841 0.28173 188 -32
-38.933 -395.61 0.56969 0.28173 188 -32 0.4 0 -39.164 -395.46 0.56969 0.28173 188 -32
-39.164 -395.46 0.56969 0.28173 188 -32 0.4 0 -39.396 -395.31 0.56969 0.28173 188 -32
-39.396 -395.31 0.56969 0.28173 188 -32 0.4 0 -39.704 -395.15 0.56969 0.28173 186 -33
-39.704 -395.15 0.57149 0.28173 186 -33 0.4 0 -40.012 -395.08 0.57149 0.28173 186 -33
-40.012 -395.08 0.57149 0.28173 186 -33 0.4 0 -40.397 -395 0.57149 0.28173 186 -33
-40.397 -395 0.57149 0.28173 186 -33 0.4 0 -40.628 -394.85 0.57149 0.28173 195 -32
-40.628 -394.85 0.57149 0.28173 195 -32 0.4 0 -41.013 -394.77 0.57149 0.28173 195 -32
-41.013 -394.77 0.57149 0.28173 195 -32 0.4 0 -41.321 -394.7 0.57149 0.28173 195 -32
-41.321 -394.7 0.57149 0.28173 195 -32 0.4 0 -41.705 -394.62 0.57149 0.28173 196 -33
-41.705 -394.62 0.57278 0.28173 196 -33 0.4 0 -41.937 -394.47 0.57278 0.28173 196 -33
-41.937 -394.47 0.57278 0.28173 196 -33 0.4 0 -42.245 -394.39 0.57278 0.28173 196 -33
-42.245 -394.39 0.57278 0.28173 196 -33 0.4 0 -42.553 -394.24 0.57278 0.28173 196 -32
-42.553 -394.24 0.57303 0.28173 196 -32 0 0 -42.861 -394.09 0.57303 0.28173 196 -32
-42.861 -394.09 0.57303 0.28173 196 -32 0 0 -43.169 -393.93 0.57303 0.28173 196 -32
-43.169 -393.93 0.57303 0.28173 196 -32 0 0 -43.4 -393.78 0.57303 0.28173 196 -32
-43.4 -393.78 0.57458 0.28173 196 -32 0 0 -43.631 -393.7 0.57458 0.28173 196 -32
-43.631 -393.7 0.57458 0.28173 196 -32 0 0 -43.786 -393.47 0.57458 0.28173 196 -32
-43.786 -393.47 0.57458 0.28173 196 -32 0 0 -43.863 -393.32 0.57458 0.28173 196 -33
-43.863 -393.32 0.57638 0.28173 196 -33 0 0 -44.094 -393.24 0.57638 0.28173 196 -33
-44.094 -393.24 0.57638 0.28173 196 -33 0 0 -44.248 -393.17 0.57638 0.28173 196 -33
-44.248 -393.17 0.57638 0.28173 196 -33 0 0 -44.402 -393.01 0.57638 0.28173 196 -33
-44.402 -393.01 0.57638 0.28173 196 -33 0 0 -44.403 -392.94 0.57638 0.28173 196 -33
-44.403 -392.94 0.57638 0.28173 196 -33 0 0 -44.557 -392.86 0.57638 0.28173 198 -33
-44.557 -392.86 0.57638 0.28173 198 -33 0 0 -44.557 -392.78 0.57638 0.28173 198 -33
-44.557 -392.78 0.57638 0.28173 198 -33 0 0 -44.634 -392.78 0.57638 0.28173 198 -33
-44.634 -392.78 0.57638 0.28173 198 -33 0 0 -44.711 -392.71 0.57638 0.28173 195 -33
-44.711 -392.71 0.57638 0.28173 195 -33 0.2 -0.2 -44.788 -392.78 0.57638 0.28173 195 -33
-44.788 -392.78 0.57638 0.28173 195 -33 0.2 -0.2 -44.865 -392.78 0.57638 0.28173 195 -33
-44.865 -392.78 0.57638 0.28173 195 -33 0.2 -0.2 -44.865 -392.71 0.57638 0.28173 196 -33
-44.865 -392.71 0.57638 0.28173 196 -33 0.2 -0.2 -45.019 -392.71 0.57638 0.28173 196 -33
-45.019 -392.71 0.57638 0.28173 196 -33 0.2 -0.2 -45.096 -392.55 0.57638 0.28173 196 -33
-45.096 -392.55 0.57638 0.28173 196 -33 0.2 -0.2 -45.174 -392.4 0.57638 0.28173 190 -32
-45.174 -392.4 0.57663 0.28173 190 -32 0.2 -0.2 -45.251 -392.25 0.57663 0.28173 190 -32
-45.251 -392.25 0.57663 0.28173 190 -32 0.2 -0.2 -45.405 -392.17 0.57663 0.28173 190 -32
-45.405 -392.17 0.57663 0.28173 190 -32 0.2 -0.2 -45.636 -392.02 0.57663 0.28173 168 -28
-45.636 -392.02 0.57663 0.28122 168 -28 0.2 -0.2 -45.79 -391.86 0.57663 0.28122 168 -28
-45.79 -391.86 0.57663 0.28122 168 -28 0.2 -0.2 -46.099 -391.63 0.57663 0.28122 168 -28
-46.099 -391.63 0.57663 0.28122 168 -28 0.2 -0.2 -46.33 -391.4 0.57663 0.28122 182 -27
-46.33 -391.4 0.57792 0.28044 182 -27 0.2 -0.2 -46.562 -391.25 0.57792 0.28044 182 -27
-46.562 -391.25 0.57792 0.28044 182 -27 0.2 -0.2 -46.87 -390.94 0.57792 0.28044 182 -27
-46.87 -390.94 0.57792 0.28044 182 -27 0.2 -0.2 -47.178 -390.79 0.57792 0.28044 179 -33
-47.178 -390.79 0.57869 0.28044 179 -33 0.2 -0.2 -47.564 -390.56 0.57869 0.28044 179 -33
-47.564 -390.56 0.57869 0.28044 179 -33 0.2 -0.2 -47.795 -390.25 0.57869 0.28044 179 -33
-47.795 -390.25 0.57869 0.28044 179 -33 0.2 -0.2 -48.181 -390.02 0.57869 0.28044 177 -26
-48.181 -390.02 0.5792 0.27942 177 -26 0.2 -0.2 -48.566 -389.87 0.5792 0.27942 177 -26
-48.566 -389.87 0.5792 0.27942 177 -26 0.2 -0.2 -49.028 -389.57 0.5792 0.27942 177 -26
-49.028 -389.57 0.5792 0.27942 177 -26 0.2 -0.2 -49.336 -389.34 0.5792 0.27942 169 -30
-49.336 -389.34 0.58023 0.27942 169 -30 0.2 -0.2 -49.722 -389.03 0.58023 0.27942 169 -30
-49.722 -389.03 0.58023 0.27942 169 -30 0.2 -0.2 -50.107 -388.8 0.58023 0.27942 169 -30
-50.107 -388.8 0.58023 0.27942 169 -30 0.2 -0.2 -50.416 -388.57 0.58023 0.27942 169 -30
-50.416 -388.57 0.58023 0.27942 169 -30 0.2 -0.2 -50.801 -388.34 0.58023 0.27942 169 -30
-50.801 -388.34 0.58023 0.27942 169 -30 0.2 -0.2 -51.186 -388.11 0.58023 0.27942 169 -30
-51.186 -388.11 0.58023 0.27942 169 -30 0.2 -0.2 -51.494 -387.96 0.58023 0.27942 169 -25
-51.494 -387.96 0.58152 0.27762 169 -25 0.2 -0.2 -51.88 -387.65 0.58152 0.27762 169 -25
-51.88 -387.65 0.58152 0.27762 169 -25 0.2 -0.2 -52.265 -387.42 0.58152 0.27762 169 -26
-52.265 -387.42 0.58203 0.27762 169 -26 0.2 -0.2 -52.804 -387.27 0.58203 0.27762 169 -26
-52.804 -387.27 0.58203 0.27762 169 -26 0.2 -0.2 -53.189 -387.04 0.58203 0.27762 169 -26
-53.189 -387.04 0.58203 0.27762 169 -26 0.2 -0.2 -53.575 -386.73 0.58203 0.27762 149 -26
-53.575 -386.73 0.58203 0.2771 149 -26 0.2 -0.2 -53.96 -386.5 0.58203 0.2771 149 -26
-53.96 -386.5 0.58203 0.2771 149 -26 0.2 -0.2 -54.423 -386.2 0.58203 0.2771 149 -26
-54.423 -386.2 0.58203 0.2771 149 -26 0.2 -0.2 -54.808 -385.89 0.58203 0.2771 169 -26
-54.808 -385.89 0.58332 0.27608 169 -26 0.2 -0.2 -55.271 -385.58 0.58332 0.27608 169 -26
-55.271 -385.58 0.58332 0.27608 169 -26 0.2 -0.2 -55.733 -385.28 0.58332 0.27608 169 -26
-55.733 -385.28 0.58332 0.27608 169 -26 0.2 -0.2 -56.196 -384.97 0.58332 0.27608 164 -26
-56.196 -384.97 0.58435 0.27582 164 -26 0.2 -0.2 -56.658 -384.66 0.58435 0.27582 164 -26
-56.658 -384.66 0.58435 0.27582 164 -26 0.2 -0.2 -57.198 -384.28 0.58435 0.27582 164 -26
-57.198 -384.28 0.58435 0.27582 164 -26 0.2 -0.2 -57.66 -384.05 0.58435 0.27582 163 -26
-57.66 -384.05 0.5846 0.27505 163 -26 0.2 -0.2 -58.199 -383.75 0.5846 0.27505 163 -26
-58.199 -383.75 0.5846 0.27505 163 -26 0.2 -0.2 -58.585 -383.36 0.5846 0.27505 163 -26
-58.585 -383.36 0.5846 0.27505 163 -26 0.2 -0.2 -59.047 -383.13 0.5846 0.27505 156 -34
-59.047 -383.13 0.58589 0.27505 156 -34 0.2 -0.2 -59.51 -382.83 0.58589 0.27505 156 -34
-59.51 -382.83 0.58589 0.27505 156 -34 0.2 -0.2 -59.895 -382.67 0.58589 0.27505 156 -34
-59.895 -382.67 0.58589 0.27505 156 -34 0.2 -0.2 -60.357 -382.37 0.58589 0.27505 154 -33
-60.357 -382.37 0.58589 0.27402 154 -33 0.2 -0.2 -60.819 -382.22 0.58589 0.27402 154 -33
-60.819 -382.22 0.58589 0.27402 154 -33 0.2 -0.2 -61.281 -382.06 0.58589 0.27402 154 -33
-61.281 -382.06 0.58589 0.27402 154 -33 0.2 -0.2 -61.743 -381.83 0.58589 0.27402 163 -24
-61.743 -381.83 0.5864 0.2735 163 -24 0.2 -0.2 -62.206 -381.6 0.5864 0.2735 163 -24
-62.206 -381.6 0.5864 0.2735 163 -24 0.2 -0.2 -62.668 -381.37 0.5864 0.2735 163 -24
-62.668 -381.37 0.5864 0.2735 163 -24 0.2 -0.2 -63.053 -381.22 0.5864 0.2735 156 -27
-63.053 -381.22 0.58743 0.27325 156 -27 0.2 -0.2 -63.592 -380.92 0.58743 0.27325 156 -27
-63.592 -380.92 0.58743 0.27325 156 -27 0.2 -0.2 -64.055 -380.69 0.58743 0.27325 156 -24
-64.055 -380.69 0.58769 0.27222 156 -24 0.2 -0.2 -64.517 -380.46 0.58769 0.27222 156 -24
-64.517 -380.46 0.58769 0.27222 156 -24 0.2 -0.2 -65.056 -380.15 0.58769 0.27222 156 -24
-65.056 -380.15 0.58769 0.27222 156 -24 0.2 -0.2 -65.518 -379.92 0.58769 0.27222 151 -35
-65.518 -379.92 0.58897 0.27222 151 -35 0.2 -0.2 -66.058 -379.54 0.58897 0.27222 151 -35
-66.058 -379.54 0.58897 0.27222 151 -35 0.2 -0.2 -66.52 -379.31 0.58897 0.27222 151 -35
-66.52 -379.31 0.58897 0.27222 151 -35 0.2 -0.2 -67.06 -378.93 0.58897 0.27222 154 -27
-67.06 -378.93 0.58897 0.27119 154 -27 0.2 -0.2 -67.599 -378.54 0.58897 0.27119 154 -27
-67.599 -378.54 0.58897 0.27119 154 -27 0.2 -0.2 -68.062 -378.24 0.58897 0.27119 154 -27
-68.062 -378.24 0.58897 0.27119 154 -27 0.2 -0.2 -68.525 -377.85 0.58897 0.27119 156 -24
-68.525 -377.85 0.58974 0.27042 156 -24 0.2 -0.2 -68.987 -377.47 0.58974 0.27042 156 -24
-68.987 -377.47 0.58974 0.27042 156 -24 0.2 -0.2 -69.527 -377.16 0.58974 0.27042 156 -24
-69.527 -377.16 0.58974 0.27042 156 -24 0.2 -0.2 -69.835 -376.93 0.58974 0.27042 162 -26
-69.835 -376.93 0.59052 0.27016 162 -26 0.2 -0.2 -70.22 -376.63 0.59052 0.27016 162 -26
-70.22 -376.63 0.59052 0.27016 162 -26 0.2 -0.2 -70.606 -376.4 0.59052 0.27016 162 -26
-70.606 -376.4 0.59052 0.27016 162 -26 0.2 -0.2 -70.914 -376.17 0.59052 0.27016 157 -22
-70.914 -376.17 0.59052 0.26913 157 -22 0.2 -0.2 -71.454 -375.86 0.59052 0.26913 157 -22
-71.454 -375.86 0.59052 0.26913 157 -22 0.2 -0.2 -71.916 -375.63 0.59052 0.26913 157 -22
-71.916 -375.63 0.59052 0.26913 157 -22 0.2 -0.2 -72.455 -375.4 0.59052 0.26913 172 -34
-72.455 -375.4 0.59077 0.26913 172 -34 0.2 -0.2 -72.917 -375.17 0.59077 0.26913 172 -34
-72.917 -375.17 0.59077 0.26913 172 -34 0.2 -0.2 -73.302 -374.94 0.59077 0.26913 172 -34
-73.302 -374.94 0.59077 0.26913 172 -34 0.2 -0.2 -73.765 -374.72 0.59077 0.26913 131 -22
-73.765 -374.72 0.59077 0.26836 131 -22 0.2 -0.2 -74.15 -374.56 0.59077 0.26836 131 -22
-74.15 -374.56 0.59077 0.26836 131 -22 0.2 -0.2 -74.612 -374.33 0.59077 0.26836 150 -27
-74.612 -374.33 0.59257 0.26759 150 -27 0.2 -0.2 -75.074 -374.03 0.59257 0.26759 150 -27
-75.074 -374.03 0.59257 0.26759 150 -27 0 0 -75.614 -373.64 0.59257 0.26759 150 -27
-75.614 -373.64 0.59257 0.26759 150 -27 0 0 -76.153 -373.41 0.59257 0.26759 151 -27
-76.153 -373.41 0.59308 0.26733 151 -27 0 0 -76.692 -373.11 0.59308 0.26733 151 -27
-76.692 -373.11 0.59308 0.26733 151 -27 0 0 -77.232 -372.8 0.59308 0.26733 151 -27
-77.232 -372.8 0.59308 0.26733 151 -27 0 0 -77.463 -372.57 0.59308 0.26733 151 -22
-77.463 -372.57 0.59334 0.26656 151 -22 0 0 -77.771 -372.42 0.59334 0.26656 151 -22
-77.771 -372.42 0.59334 0.26656 151 -22 0 0 -78.003 -372.27 0.59334 0.26656 151 -22
-78.003 -372.27 0.59334 0.26656 151 -22 0 0 -78.234 -372.11 0.59334 0.26656 144 -23
-78.234 -372.11 0.59411 0.26631 144 -23 0 0 -78.465 -371.96 0.59411 0.26631 144 -23
-78.465 -371.96 0.59411 0.26631 144 -23 0 0 -78.696 -371.88 0.59411 0.26631 144 -23
-78.696 -371.88 0.59411 0.26631 144 -23 0 0 -78.927 -371.81 0.59411 0.26631 144 -30
-78.927 -371.81 0.59411 0.26605 144 -30 0 0 -79.081 -371.81 0.59411 0.26605 144 -30
-79.081 -371.81 0.59411 0.26605 144 -30 0 0 -79.158 -371.73 0.59411 0.26605 144 -30
-79.158 -371.73 0.59411 0.26605 144 -30 0 0 -79.158 -371.73 0.59411 0.26605 143 -30
-79.158 -371.73 0.59411 0.26631 143 -30 0 0 -79.158 -371.73 0.59411 0.26631 143 -30
-79.158 -371.73 0.59411 0.26631 143 -30 0 0 -79.158 -371.73 0.59411 0.26631 143 -31
-79.158 -371.73 0.59411 0.26605 143 -31 0 0 -79.158 -371.81 0.59411 0.26605 143 -31
-79.158 -371.81 0.59411 0.26605 143 -31 0 0 -79.235 -371.89 0.59411 0.26605 143 -31
-79.235 -371.89 0.59411 0.26605 143 -31 0.2 -0.2 -79.235 -371.89 0.59411 0.26605 144 -31
-79.235 -371.89 0.59411 0.26631 144 -31 0.2 -0.2 -79.235 -371.89 0.59411 0.26631 144 -31
-79.235 -371.89 0.59411 0.26631 144 -31 0.2 -0.2 -79.312 -371.89 0.59411 0.26631 144 -31
-79.312 -371.89 0.59411 0.26631 144 -31 0.2 -0.2 -79.388 -371.89 0.59411 0.26631 144 -33
-79.388 -371.89 0.59411 0.26605 144 -33 0.2 -0.2 -79.466 -371.81 0.59411 0.26605 144 -33
-79.466 -371.81 0.59411 0.26605 144 -33 0.2 -0.2 -79.543 -371.73 0.59411 0.26605 144 -33
-79.543 -371.73 0.59411 0.26605 144 -33 0.2 -0.2 -79.697 -371.66 0.59411 0.26605 144 -29
-79.697 -371.66 0.59411 0.26605 144 -29 0.2 -0.2 -79.928 -371.5 0.59411 0.26605 144 -29
-79.928 -371.5 0.59411 0.26605 144 -29 0.2 -0.2 -80.236 -371.35 0.59411 0.26605 144 -29
-80.236 -371.35 0.59411 0.26605 144 -29 0.2 -0.2 -80.468 -371.12 0.59411 0.26605 151 0
-80.468 -371.12 0.59463 0.26605 151 0 0.2 -0.2 -80.776 -370.97 0.59463 0.26605 151 0
-80.776 -370.97 0.59463 0.26605 151 0 0.2 -0.2 -81.084 -370.74 0.59463 0.26605 161 -26
-81.084 -370.74 0.59463 0.26528 161 -26 0.2 -0.2 -81.47 -370.43 0.59463 0.26528 161 -26
-81.47 -370.43 0.59463 0.26528 161 -26 0.2 -0.2 -81.855 -370.12 0.59463 0.26528 161 -26
-81.855 -370.12 0.59463 0.26528 161 -26 0.2 -0.2 -82.318 -369.82 0.59463 0.26528 151 -26
-82.318 -369.82 0.59591 0.26502 151 -26 0.2 -0.2 -82.703 -369.51 0.59591 0.26502 151 -26
-82.703 -369.51 0.59591 0.26502 151 -26 0.2 -0.2 -83.088 -369.28 0.59591 0.26502 151 -26
-83.088 -369.28 0.59591 0.26502 151 -26 0.2 -0.2 -83.551 -368.98 0.59591 0.26502 146 -25
-83.551 -368.98 0.59591 0.26399 146 -25 0.2 -0.2 -84.013 -368.67 0.59591 0.26399 146 -25
-84.013 -368.67 0.59591 0.26399 146 -25 0.2 -0.2 -84.399 -368.29 0.59591 0.26399 146 -25
-84.399 -368.29 0.59591 0.26399 146 -25 0.2 -0.2 -84.784 -368.06 0.59591 0.26399 146 -25
-84.784 -368.06 0.59694 0.26322 146 -25 0.2 -0.2 -85.247 -367.83 0.59694 0.26322 146 -25
-85.247 -367.83 0.59694 0.26322 146 -25 0.2 -0.2 -85.709 -367.52 0.59694 0.26322 146 -25
-85.709 -367.52 0.59694 0.26322 146 -25 0.2 -0.2 -86.095 -367.21 0.59694 0.26322 155 0
-86.095 -367.21 0.59771 0.26322 155 0 0.2 -0.2 -86.557 -366.83 0.59771 0.26322 155 0
-86.557 -366.83 0.59771 0.26322 155 0 0.2 -0.2 -86.943 -366.52 0.59771 0.26322 155 0
-86.943 -366.52 0.59771 0.26322 155 0 0.2 -0.2 -87.482 -366.22 0.59771 0.26322 171 -18
-87.482 -366.22 0.59771 0.26245 171 -18 0.2 -0.2 -87.868 -365.83 0.59771 0.26245 171 -18
-87.868 -365.83 0.59771 0.26245 171 -18 0.2 -0.2 -88.254 -365.53 0.59771 0.26245 171 -18
-88.254 -365.53 0.59771 0.26245 171 -18 0.2 -0.2 -88.793 -365.14 0.59771 0.26245 150 -20
-88.793 -365.14 0.599 0.26219 150 -20 0.2 -0.2 -89.256 -364.84 0.599 0.26219 150 -20
-89.256 -364.84 0.599 0.26219 150 -20 0.2 -0.2 -89.795 -364.46 0.599 0.26219 150 -20
-89.795 -364.46 0.599 0.26219 150 -20 0.2 -0.2 -90.335 -364.15 0.599 0.26219 150 -18
-90.335 -364.15 0.59977 0.26142 150 -18 0.2 -0.2 -90.797 -363.77 0.59977 0.26142 150 -18
-90.797 -363.77 0.59977 0.26142 150 -18 0.2 -0.2 -91.26 -363.38 0.59977 0.26142 150 -18
-91.26 -363.38 0.59977 0.26142 150 -18 0.2 -0.2 -91.722 -363.15 0.59977 0.26142 143 -23
-91.722 -363.15 0.60003 0.26014 143 -23 0.2 -0.2 -92.185 -362.85 0.60003 0.26014 143 -23
-92.185 -362.85 0.60003 0.26014 143 -23 0.2 -0.2 -92.57 -362.54 0.60003 0.26014 143 -23
-92.57 -362.54 0.60003 0.26014 143 -23 0.2 -0.2 -93.033 -362.23 0.60003 0.26014 144 -26
-93.033 -362.23 0.60105 0.26014 144 -26 0.2 -0.2 -93.341 -361.93 0.60105 0.26014 144 -26
-93.341 -361.93 0.60105 0.26014 144 -26 0.2 -0.2 -93.803 -361.7 0.60105 0.26014 145 -21
-93.803 -361.7 0.60105 0.25937 145 -21 0.2 -0.2 -94.343 -361.39 0.60105 0.25937 145 -21
-94.343 -361.39 0.60105 0.25937 145 -21 0.2 -0.2 -94.652 -361.01 0.60105 0.25937 145 -21
-94.652 -361.01 0.60105 0.25937 145 -21 0.2 -0.2 -95.114 -360.62 0.60105 0.25937 150 -20
-95.114 -360.62 0.60183 0.2586 150 -20 0.2 -0.2 -95.5 -360.32 0.60183 0.2586 150 -20
-95.5 -360.32 0.60183 0.2586 150 -20 0.2 -0.2 -95.885 -360.01 0.60183 0.2586 150 -20
-95.885 -360.01 0.60183 0.2586 150 -20 0.2 -0.2 -96.348 -359.71 0.60183 0.2586 143 -23
-96.348 -359.71 0.60285 0.25834 143 -23 0.2 -0.2 -96.733 -359.4 0.60285 0.25834 143 -23
-96.733 -359.4 0.60285 0.25834 143 -23 0.2 -0.2 -97.196 -358.94 0.60285 0.25834 143 -23
-97.196 -358.94 0.60285 0.25834 143 -23 0.2 -0.2 -97.659 -358.56 0.60285 0.25834 143 -26
-97.659 -358.56 0.60285 0.25731 143 -26 0.2 -0.2 -98.121 -358.25 0.60285 0.25731 143 -26
-98.121 -358.25 0.60285 0.25731 143 -26 0.2 -0.2 -98.507 -358.02 0.60285 0.25731 143 -26
-98.507 -358.02 0.60285 0.25731 143 -26 0.2 -0.2 -98.969 -357.79 0.60285 0.25731 138 -32
-98.969 -357.79 0.60414 0.25731 138 -32 0.2 -0.2 -99.354 -357.48 0.60414 0.25731 138 -32
-99.354 -357.48 0.60414 0.25731 138 -32 0.2 -0.2 -99.663 -357.18 0.60414 0.25731 138 -32
-99.663 -357.18 0.60414 0.25731 138 -32 0.2 -0.2 -100.13 -356.95 0.60414 0.25731 156 -24
-100.13 -356.95 0.60414 0.25628 156 -24 0.2 -0.2 -100.51 -356.64 0.60414 0.25628 156 -24
-100.51 -356.64 0.60414 0.25628 156 -24 0.2 -0.2 -100.9 -356.41 0.60414 0.25628 151 -23
-100.9 -356.41 0.60465 0.25628 151 -23 0.2 -0.2 -101.36 -356.1 0.60465 0.25628 151 -23
-101.36 -356.1 0.60465 0.25628 151 -23 0.2 -0.2 -101.74 -355.8 0.60465 0.25628 151 -23
-101.74 -355.8 0.60465 0.25628 151 -23 0.2 -0.2 -102.13 -355.57 0.60465 0.25628 126 -25
-102.13 -355.57 0.60465 0.25525 126 -25 0.2 -0.2 -102.44 -355.42 0.60465 0.25525 126 -25
-102.44 -355.42 0.60465 0.25525 126 -25 0.2 -0.2 -102.75 -355.26 0.60465 0.25525 126 -25
-102.75 -355.26 0.60465 0.25525 126 -25 0.2 -0.2 -103.21 -354.88 0.60465 0.25525 144 -21
-103.21 -354.88 0.60594 0.25525 144 -21 0.2 -0.2 -103.67 -354.42 0.60594 0.25525 144 -21
-103.67 -354.42 0.60594 0.25525 144 -21 0.2 -0.2 -104.06 -353.96 0.60594 0.25525 144 -21
-104.06 -353.96 0.60594 0.25525 144 -21 0.2 -0.2 -104.52 -353.58 0.60594 0.25525 142 -23
-104.52 -353.58 0.6062 0.25474 142 -23 0.2 -0.2 -104.98 -353.27 0.6062 0.25474 142 -23
-104.98 -353.27 0.6062 0.25474 142 -23 0.2 -0.2 -105.44 -352.96 0.6062 0.25474 142 -23
-105.44 -352.96 0.6062 0.25474 142 -23 0.2 -0.2 -105.83 -352.66 0.6062 0.25474 139 -19
-105.83 -352.66 0.60722 0.25371 139 -19 0.2 -0.2 -106.22 -352.2 0.60722 0.25371 139 -19
-106.22 -352.2 0.60722 0.25371 139 -19 0.2 -0.2 -106.6 -351.81 0.60722 0.25371 130 -25
-106.6 -351.81 0.60799 0.25345 130 -25 0.2 -0.2 -106.99 -351.51 0.60799 0.25345 130 -25
-106.99 -351.51 0.60799 0.25345 130 -25 0.2 -0.2 -107.45 -351.05 0.60799 0.25345 130 -25
-107.45 -351.05 0.60799 0.25345 130 -25 0.2 -0.2 -107.91 -350.59 0.60799 0.25345 130 -28
-107.91 -350.59 0.60825 0.25243 130 -28 0.2 -0.2 -108.45 -350.05 0.60825 0.25243 130 -28
-108.45 -350.05 0.60825 0.25243 130 -28 0.2 -0.2 -108.84 -349.74 0.60825 0.25243 130 -28
-108.84 -349.74 0.60825 0.25243 130 -28 0.2 -0.2 -109.22 -349.36 0.60825 0.25243 130 0
-109.22 -349.36 0.60928 0.25243 130 0 0.2 -0.2 -109.61 -348.98 0.60928 0.25243 130 0
-109.61 -348.98 0.60928 0.25243 130 0 0.2 -0.2 -109.92 -348.59 0.60928 0.25243 130 0
-109.92 -348.59 0.60928 0.25243 130 0 0.2 -0.2 -110.23 -348.21 0.60928 0.25243 132 -26
-110.23 -348.21 0.60928 0.2514 132 -26 0.2 -0.2 -110.54 -347.75 0.60928 0.2514 132 -26
-110.54 -347.75 0.60928 0.2514 132 -26 0.2 -0.2 -110.92 -347.36 0.60928 0.2514 132 -26
-110.92 -347.36 0.60928 0.2514 132 -26 0.2 -0.2 -111.31 -347.06 0.60928 0.2514 131 -23
-111.31 -347.06 0.61031 0.2514 131 -23 0.2 -0.2 -111.62 -346.67 0.61031 0.2514 131 -23
-111.62 -346.67 0.61031 0.2514 131 -23 0.2 -0.2 -112.08 -346.21 0.61031 0.2514 131 -23
-112.08 -346.21 0.61031 0.2514 131 -23 0.2 -0.2 -112.47 -345.83 0.61031 0.2514 131 -26
-112.47 -345.83 0.61031 0.25037 131 -26 0.2 -0.2 -112.77 -345.45 0.61031 0.25037 131 -26
-112.77 -345.45 0.61031 0.25037 131 -26 0.2 -0.2 -113.01 -345.14 0.61031 0.25037 130 -28
-113.01 -345.14 0.61134 0.2496 130 -28 0.2 -0.2 -113.24 -344.83 0.61134 0.2496 130 -28
-113.24 -344.83 0.61134 0.2496 130 -28 0.2 -0.2 -113.47 -344.6 0.61134 0.2496 130 -28
-113.47 -344.6 0.61134 0.2496 130 -28 0.2 -0.2 -113.7 -344.37 0.61134 0.2496 126 0
-113.7 -344.37 0.61211 0.24934 126 0 0.2 -0.2 -113.93 -344.14 0.61211 0.24934 126 0
-113.93 -344.14 0.61211 0.24934 126 0 0.2 -0.2 -114.4 -343.76 0.61211 0.24934 126 0
-114.4 -343.76 0.61211 0.24934 126 0 0.2 -0.2 -114.78 -343.45 0.61211 0.24934 131 -18
-114.78 -343.45 0.61236 0.24857 131 -18 0.2 -0.2 -115.09 -343.15 0.61236 0.24857 131 -18
-115.09 -343.15 0.61236 0.24857 131 -18 0.2 -0.2 -115.4 -342.84 0.61236 0.24857 131 -18
-115.4 -342.84 0.61236 0.24857 131 -18 0.2 -0.2 -115.71 -342.61 0.61236 0.24857 125 -15
-115.71 -342.61 0.61339 0.24831 125 -15 0.2 -0.2 -115.86 -342.46 0.61339 0.24831 125 -15
-115.86 -342.46 0.61339 0.24831 125 -15 0.2 -0.2 -116.01 -342.3 0.61339 0.24831 125 -15
-116.01 -342.3 0.61339 0.24831 125 -15 0.2 -0.2 -116.25 -342.15 0.61339 0.24831 121 -24
-116.25 -342.15 0.61339 0.24754 121 -24 0.2 -0.2 -116.48 -342 0.61339 0.24754 121 -24
-116.48 -342 0.61339 0.24754 121 -24 0.2 -0.2 -116.71 -341.84 0.61339 0.24754 121 -24
-116.71 -341.84 0.61339 0.24754 121 -24 0.2 -0.2 -116.94 -341.69 0.61339 0.24754 130 -19
-116.94 -341.69 0.61416 0.24677 130 -19 0.2 -0.2 -117.48 -341.23 0.61416 0.24677 130 -19
-117.48 -341.23 0.61416 0.24677 130 -19 0.2 -0.2 -118.02 -340.77 0.61416 0.24677 125 0
-118.02 -340.77 0.61545 0.24651 125 0 0 0 -118.33 -340.46 0.61545 0.24651 125 0
-118.33 -340.46 0.61545 0.24651 125 0 0 0 -118.71 -340.08 0.61545 0.24651 125 0
-118.71 -340.08 0.61545 0.24651 125 0 0 0 -119.1 -339.7 0.61545 0.24651 125 -18
-119.1 -339.7 0.61545 0.24574 125 -18 0 0 -119.49 -339.31 0.61545 0.24574 125 -18
-119.49 -339.31 0.61545 0.24574 125 -18 0 0 -119.87 -338.93 0.61545 0.24574 125 -18
-119.87 -338.93 0.61545 0.24574 125 -18 0 0 -120.26 -338.62 0.61545 0.24574 122 -16
-120.26 -338.62 0.61648 0.24574 122 -16 0 0 -120.64 -338.32 0.61648 0.24574 122 -16
-120.64 -338.32 0.61648 0.24574 122 -16 0 0 -121.03 -338.01 0.61648 0.24574 122 -16
-121.03 -338.01 0.61648 0.24574 122 -16 0 0 -121.41 -337.7 0.61648 0.24574 118 -19
-121.41 -337.7 0.61648 0.24497 118 -19 0 0 -121.8 -337.32 0.61648 0.24497 118 -19
-121.8 -337.32 0.61648 0.24497 118 -19 0 0 -122.18 -336.94 0.61648 0.24497 118 -19
-122.18 -336.94 0.61648 0.24497 118 -19 0 0 -122.26 -336.86 0.61648 0.24497 122 -19
-122.26 -336.86 0.61622 0.24497 122 -19 0 0 -122.34 -336.78 0.61622 0.24497 122 -19
-122.34 -336.78 0.61622 0.24497 122 -19 0 0 -122.42 -336.71 0.61622 0.24497 122 -19
-122.42 -336.71 0.61622 0.24497 122 -19 0 0 -122.42 -336.71 0.61622 0.24497 120 -20
-122.42 -336.71 0.61622 0.24497 120 -20 0 0 -122.34 -336.71 0.61622 0.24497 120 -20
-122.34 -336.71 0.61622 0.24497 120 -20 0 0 -122.26 -336.71 0.61622 0.24497 120 -20
-122.26 -336.71 0.61622 0.24497 120 -20 0 0 -122.19 -336.71 0.61622 0.24497 119 -18
-122.19 -336.71 0.61648 0.24497 119 -18 0 0 -122.11 -336.63 0.61648 0.24497 119 -18
-122.11 -336.63 0.61648 0.24497 119 -18 0 0 -122.03 -336.55 0.61648 0.24497 119 -18
-122.03 -336.55 0.61648 0.24497 119 -18 0 0 -121.96 -336.47 0.61648 0.24497 119 -19
-121.96 -336.47 0.61648 0.24497 119 -19 0 0 -121.88 -336.4 0.61648 0.24497 119 -19
-121.88 -336.4 0.61648 0.24497 119 -19 0 0 -121.8 -336.4 0.61648 0.24497 119 -19
-121.8 -336.4 0.61648 0.24497 119 -19 0 0 -121.72 -336.4 0.61648 0.24497 118 -18
-121.72 -336.4 0.61648 0.24497 118 -18 0 0 -121.65 -336.4 0.61648 0.24497 118 -18
-121.65 -336.4 0.61648 0.24497 118 -18 0 0 -121.57 -336.4 0.61648 0.24497 119 -19
-121.57 -336.4 0.61648 0.24471 119 -19 0 0 -121.49 -336.4 0.61648 0.24471 119 -19
-121.49 -336.4 0.61648 0.24471 119 -19 0 0 -121.42 -336.4 0.61648 0.24471 119 -19
-121.42 -336.4 0.61648 0.24471 119 -19 0 0 -121.42 -336.32 0.61648 0.24471 120 -19
-121.42 -336.32 0.61648 0.24497 120 -19 0 0 -121.42 -336.24 0.61648 0.24497 120 -19
-121.42 -336.24 0.61648 0.24497 120 -19 0 0 -121.42 -336.24 0.61648 0.24497 120 -19
-121.42 -336.24 0.61648 0.24497 120 -19 0 0 -121.42 -336.16 0.61648 0.24497 119 -18
-121.42 -336.16 0.61648 0.24497 119 -18 0 0 -121.42 -336.16 0.61648 0.24497 119 -18
-121.42 -336.16 0.61648 0.24497 119 -18 0 0 -121.42 -336.16 0.61648 0.24497 119 -18
-121.42 -336.16 0.61648 0.24497 119 -18 0 0 -121.42 -336.16 0.61648 0.24497 120 -19
-121.42 -336.16 0.61622 0.24497 120 -19 0 0 -121.42 -336.16 0.61622 0.24497 120 -19
-121.42 -336.16 0.61622 0.24497 120 -19 0 0 -121.42 -336.16 0.61622 0.24497 120 -19
-121.42 -336.16 0.61622 0.24497 120 -19 0 0 -121.42 -336.16 0.61622 0.24497 120 -19
-121.42 -336.16 0.61648 0.24497 120 -19 0 0 -121.42 -336.09 0.61648 0.24497 120 -19
-121.42 -336.09 0.61648 0.24497 120 -19 0 0 -121.42 -336.01 0.61648 0.24497 120 -19
-121.42 -336.01 0.61648 0.24497 120 -19 0 0 -121.42 -336.01 0.61648 0.24497 119 -18
-121.42 -336.01 0.61648 0.24471 119 -18 0 0 -121.42 -336.09 0.61648 0.24471 119 -18
-121.42 -336.09 0.61648 0.24471 119 -18 0 0 -121.42 -336.16 0.61648 0.24471 119 -18
-121.42 -336.16 0.61648 0.24471 119 -18 0 0 -121.42 -336.16 0.61648 0.24471 119 -21
-121.42 -336.16 0.61648 0.24497 119 -21 0 0 -121.42 -336.24 0.61648 0.24497 119 -21
-121.42 -336.24 0.61648 0.24497 119 -21 0 0 -121.42 -336.24 0.61648 0.24497 119 -21
-121.42 -336.24 0.61648 0.24497 119 -21 0 0 -121.42 -336.24 0.61648 0.24497 119 -19
-121.42 -336.24 0.61648 0.24471 119 -19 0 0 -121.42 -336.16 0.61648 0.24471 119 -19
-121.42 -336.16 0.61648 0.24471 119 -19 0 0 -121.42 -336.09 0.61648 0.24471 119 -19
-121.42 -336.09 0.61648 0.24471 119 -19 0 0 -121.42 -336.01 0.61648 0.24471 118 -21
-121.42 -336.01 0.61648 0.24471 118 -21 0 0 -121.42 -335.93 0.61648 0.24471 118 -21
-121.42 -335.93 0.61648 0.24471 118 -21 0 0 -121.42 -336.01 0.61648 0.24471 118 -21
-121.42 -336.01 0.61648 0.24471 118 -21 0 0 -121.42 -336.09 0.61648 0.24471 118 -18
-121.42 -336.09 0.61648 0.24497 118 -18 0 0 -121.42 -336.09 0.61648 0.24497 118 -18
-121.42 -336.09 0.61648 0.24497 118 -18 0 0 -121.42 -336.09 0.61648 0.24497 119 -19
-121.42 -336.09 0.61648 0.24497 119 -19 0 0 -121.42 -336.09 0.61648 0.24497 119 -19
-121.42 -336.09 0.61648 0.24497 119 -19 0 0 -121.42 -336.09 0.61648 0.24497 119 -19
-121.42 -336.09 0.61648 0.24497 119 -19 0 0 -121.42 -336.09 0.61648 0.24497 119 -19
-121.42 -336.09 0.61648 0.24497 119 -19 0 0 -121.42 -336.09 0.61648 0.24497 119 -19
-121.42 -336.09 0.61648 0.24497 119 -19 0.2 -0.2 -121.42 -336.09 0.61648 0.24497 119 -19
-121.42 -336.09 0.61648 0.24497 119 -19 0.2 -0.2 -121.42 -336.16 0.61648 0.24497 119 -22
-121.42 -336.16 0.61648 0.24497 119 -22 0.2 -0.2 -121.49 -336.24 0.61648 0.24497 119 -22
-121.49 -336.24 0.61648 0.24497 119 -22 0.2 -0.2 -121.57 -336.32 0.61648 0.24497 119 -22
-121.57 -336.32 0.61648 0.24497 119 -22 0.2 -0.2 -121.65 -336.4 0.61648 0.24497 119 -19
-121.65 -336.4 0.61648 0.24497 119 -19 0.2 -0.2 -121.8 -336.32 0.61648 0.24497 119 -19
-121.8 -336.32 0.61648 0.24497 119 -19 0.2 -0.2 -121.96 -336.24 0.61648 0.24497 119 -19
-121.96 -336.24 0.61648 0.24497 119 -19 0.2 -0.2 -122.11 -336.17 0.61648 0.24497 113 -19
-122.11 -336.17 0.61648 0.24497 113 -19 0.2 -0.2 -122.26 -336.09 0.61648 0.24497 113 -19
-122.26 -336.09 0.61648 0.24497 113 -19 0.2 -0.2 -122.5 -335.86 0.61648 0.24497 113 -19
-122.5 -335.86 0.61648 0.24497 113 -19 0.2 -0.2 -122.73 -335.63 0.61648 0.24497 125 -19
-122.73 -335.63 0.61725 0.2442 125 -19 0.2 -0.2 -122.96 -335.4 0.61725 0.2442 125 -19
-122.96 -335.4 0.61725 0.2442 125 -19 0.2 -0.2 -123.19 -335.09 0.61725 0.2442 118 -22
-123.19 -335.09 0.61802 0.24394 118 -22 0.2 -0.2 -123.42 -334.79 0.61802 0.24394 118 -22
-123.42 -334.79 0.61802 0.24394 118 -22 0.2 -0.2 -123.73 -334.48 0.61802 0.24394 118 -22
-123.73 -334.48 0.61802 0.24394 118 -22 0.2 -0.2 -123.96 -334.17 0.61802 0.24394 118 -23
-123.96 -334.17 0.61828 0.24317 118 -23 0.2 -0.2 -124.19 -333.87 0.61828 0.24317 118 -23
-124.19 -333.87 0.61828 0.24317 118 -23 0.2 -0.2 -124.5 -333.4 0.61828 0.24317 118 -23
-124.5 -333.4 0.61828 0.24317 118 -23 0.2 -0.2 -124.73 -333.02 0.61828 0.24317 119 0
-124.73 -333.02 0.6193 0.24317 119 0 0.2 -0.2 -125.04 -332.48 0.6193 0.24317 119 0
-125.04 -332.48 0.6193 0.24317 119 0 0.2 -0.2 -125.35 -332.02 0.6193 0.24317 119 0
-125.35 -332.02 0.6193 0.24317 119 0 0.2 -0.2 -125.66 -331.64 0.6193 0.24317 124 -18
-125.66 -331.64 0.6193 0.24214 124 -18 0.2 -0.2 -125.97 -331.33 0.6193 0.24214 124 -18
-125.97 -331.33 0.6193 0.24214 124 -18 0.2 -0.2 -126.28 -331.03 0.6193 0.24214 124 -18
-126.28 -331.03 0.6193 0.24214 124 -18 0.2 -0.2 -126.59 -330.56 0.6193 0.24214 113 -21
-126.59 -330.56 0.62059 0.24214 113 -21 0.2 -0.2 -126.9 -330.18 0.62059 0.24214 113 -21
-126.9 -330.18 0.62059 0.24214 113 -21 0.2 -0.2 -127.28 -329.8 0.62059 0.24214 113 -21
-127.28 -329.8 0.62059 0.24214 113 -21 0.2 -0.2 -127.59 -329.34 0.62059 0.24214 111 -21
-127.59 -329.34 0.62059 0.24112 111 -21 0.2 -0.2 -127.9 -328.88 0.62059 0.24112 111 -21
-127.9 -328.88 0.62059 0.24112 111 -21 0.2 -0.2 -128.21 -328.42 0.62059 0.24112 111 -21
-128.21 -328.42 0.62059 0.24112 111 -21 0.2 -0.2 -128.44 -328.11 0.62059 0.24112 112 -18
-128.44 -328.11 0.62162 0.24009 112 -18 0.2 -0.2 -128.75 -327.65 0.62162 0.24009 112 -18
-128.75 -327.65 0.62162 0.24009 112 -18 0.2 -0.2 -128.98 -327.34 0.62162 0.24009 112 -18
-128.98 -327.34 0.62162 0.24009 112 -18 0.2 -0.2 -129.21 -326.96 0.62162 0.24009 112 0
-129.21 -326.96 0.62265 0.24009 112 0 0.2 -0.2 -129.45 -326.5 0.62265 0.24009 112 0
-129.45 -326.5 0.62265 0.24009 112 0 0.2 -0.2 -129.6 -326.03 0.62265 0.24009 112 0
-129.6 -326.03 0.62265 0.24009 112 0 0.2 -0.2 -129.76 -325.57 0.62265 0.24009 121 -18
-129.76 -325.57 0.62265 0.23932 121 -18 0.2 -0.2 -129.99 -325.11 0.62265 0.23932 121 -18
-129.99 -325.11 0.62265 0.23932 121 -18 0.2 -0.2 -130.22 -324.73 0.62265 0.23932 121 -18
-130.22 -324.73 0.62265 0.23932 121 -18 0.2 -0.2 -130.38 -324.34 0.62265 0.23932 112 -23
-130.38 -324.34 0.62367 0.2388 112 -23 0.2 -0.2 -130.45 -324.42 0.62367 0.2388 112 -23
-130.45 -324.42 0.62367 0.2388 112 -23 0.2 -0.2 -130.46 -323.42 0.62367 0.2388 98 -23
-130.46 -323.42 0.62445 0.23829 98 -23 0.2 -0.2 -130.46 -323.42 0.62445 0.23829 98 -23
-130.46 -323.42 0.62445 0.23829 98 -23 0.2 -0.2 -131.46 -321.43 0.62445 0.23829 98 -23
-131.46 -321.43 0.62445 0.23829 98 -23 0.2 -0.2 -131.46 -322.43 0.62445 0.23829 98 -18
-131.46 -322.43 0.62496 0.23777 98 -18 0.2 -0.2 -131.46 -322.43 0.62496 0.23777 98 -18
-131.46 -322.43 0.62496 0.23777 98 -18 0.2 -0.2 -131.46 -321.43 0.62496 0.23777 98 -18
