43.467 -322.67 0.65941 0.36733 158 -218 -0.2 0.2 43.467 -322.67 0.65941 0.36733 157 -215
43.467 -322.67 0.65941 0.36733 157 -215 -0.2 0.2 43.467 -322.67 0.65941 0.36733 157 -215
43.467 -322.67 0.65941 0.36733 157 -215 -0.2 0.2 43.467 -322.67 0.65941 0.36733 157 -215
43.467 -322.67 0.65941 0.36733 157 -215 -0.2 0.2 43.467 -322.67 0.65941 0.36733 157 -217
43.467 -322.67 0.65941 0.36733 157 -217 -0.2 0.2 43.467 -322.67 0.65941 0.36733 157 -217
43.467 -322.67 0.65941 0.36733 157 -217 -0.2 0.2 43.545 -322.75 0.65941 0.36733 144 -216
43.545 -322.75 0.65941 0.36733 144 -216 -0.2 0.2 43.545 -322.75 0.65941 0.36733 144 -216
43.545 -322.75 0.65941 0.36733 144 -216 -0.2 0.2 43.545 -322.75 0.65941 0.36733 144 -216
43.545 -322.75 0.65941 0.36733 144 -216 -0.2 0.2 43.545 -322.75 0.65941 0.36733 144 -210
43.545 -322.75 0.65941 0.36836 144 -210 -0.2 0.2 43.545 -322.75 0.65941 0.36836 144 -210
43.545 -322.75 0.65941 0.36836 144 -210 -0.2 0.2 43.545 -322.75 0.65941 0.36836 144 -210
43.545 -322.75 0.65941 0.36836 144 -210 -0.2 0.2 43.545 -322.75 0.65941 0.36836 123 -225
43.545 -322.75 0.65941 0.36836 123 -225 -0.2 0.2 43.622 -322.75 0.65941 0.36836 123 -225
43.622 -322.75 0.65941 0.36836 123 -225 -0.2 0.2 43.699 -322.75 0.65941 0.36836 123 -225
43.699 -322.75 0.65941 0.36836 123 -225 -0.2 0.2 43.776 -322.75 0.65941 0.36836 96 -228
43.776 -322.75 0.65941 0.36861 96 -228 -0.2 0.2 43.774 -322.67 0.65941 0.36861 96 -228
43.774 -322.67 0.65941 0.36861 96 -228 -0.2 0.2 43.851 -322.67 0.65941 0.36861 96 -228
43.851 -322.67 0.65941 0.36861 96 -228 -0.2 0.2 43.928 -322.67 0.65941 0.36861 97 -215
43.928 -322.67 0.65941 0.36887 97 -215 -0.2 0.2 44.005 -322.66 0.65941 0.36887 97 -215
44.005 -322.66 0.65941 0.36887 97 -215 -0.2 0.2 44.082 -322.66 0.65941 0.36887 97 -215
44.082 -322.66 0.65941 0.36887 97 -215 -0.2 0.2 44.159 -322.66 0.65941 0.36887 75 -217
44.159 -322.66 0.65941 0.3699 75 -217 -0.2 0.2 44.236 -322.66 0.65941 0.3699 75 -217
44.236 -322.66 0.65941 0.3699 75 -217 -0.2 0.2 44.235 -322.58 0.65941 0.3699 75 -217
44.235 -322.58 0.65941 0.3699 75 -217 -0.2 0.2 44.311 -322.58 0.65941 0.3699 75 -234
44.311 -322.58 0.65941 0.3699 75 -234 -0.2 0.2 44.388 -322.58 0.65941 0.3699 75 -234
44.388 -322.58 0.65941 0.3699 75 -234 -0.2 0.2 44.388 -322.58 0.65941 0.3699 75 -234
44.388 -322.58 0.65941 0.3699 75 -234 -0.2 0.2 44.388 -322.58 0.65941 0.3699 57 -254
44.388 -322.58 0.65915 0.3699 57 -254 -0.2 0.2 44.388 -322.58 0.65915 0.3699 57 -254
44.388 -322.58 0.65915 0.3699 57 -254 -0.2 0.2 44.388 -322.58 0.65915 0.3699 57 -254
44.388 -322.58 0.65915 0.3699 57 -254 -0.2 0.2 44.388 -322.58 0.65915 0.3699 40 -229
44.388 -322.58 0.65941 0.37118 40 -229 -0.2 0.2 44.465 -322.58 0.65941 0.37118 40 -229
44.465 -322.58 0.65941 0.37118 40 -229 -0.2 0.2 44.467 -322.66 0.65941 0.37118 40 -229
44.467 -322.66 0.65941 0.37118 40 -229 -0.2 0.2 44.543 -322.66 0.65941 0.37118 41 -235
44.543 -322.66 0.65863 0.37144 41 -235 -0.2 0.2 44.543 -322.66 0.65863 0.37144 41 -235
44.543 -322.66 0.65863 0.37144 41 -235 -0.2 0.2 44.699 -322.73 0.65863 0.37144 41 -235
44.699 -322.73 0.65863 0.37144 41 -235 -0.2 0.2 44.931 -322.8 0.65863 0.37144 40 -234
44.931 -322.8 0.65812 0.3717 40 -234 -0.2 0.2 45.008 -322.8 0.65812 0.3717 40 -234
45.008 -322.8 0.65812 0.3717 40 -234 -0.2 0.2 45.161 -322.8 0.65812 0.3717 40 -234
45.161 -322.8 0.65812 0.3717 40 -234 -0.2 0.2 45.315 -322.8 0.65812 0.3717 43 -238
45.315 -322.8 0.65786 0.37273 43 -238 -0.2 0.2 45.468 -322.72 0.65786 0.37273 43 -238
45.468 -322.72 0.65786 0.37273 43 -238 -0.2 0.2 45.622 -322.71 0.65786 0.37273 43 -238
45.622 -322.71 0.65786 0.37273 43 -238 -0.2 0.2 45.852 -322.71 0.65786 0.37273 42 -243
45.852 -322.71 0.65683 0.37273 42 -243 -0.2 0.2 46.083 -322.71 0.65683 0.37273 42 -243
46.083 -322.71 0.65683 0.37273 42 -243 -0.2 0.2 46.237 -322.7 0.65683 0.37273 42 -246
46.237 -322.7 0.65683 0.37298 42 -246 -0.2 0.2 46.544 -322.7 0.65683 0.37298 42 -246
46.544 -322.7 0.65683 0.37298 42 -246 -0.2 0.2 46.777 -322.77 0.65683 0.37298 42 -246
46.777 -322.77 0.65683 0.37298 42 -246 -0.2 0.2 47.084 -322.77 0.65683 0.37298 39 -241
47.084 -322.77 0.65606 0.37298 39 -241 -0.2 0.2 47.237 -322.69 0.65606 0.37298 39 -241
47.237 -322.69 0.65606 0.37298 39 -241 -0.2 0.2 47.389 -322.61 0.65606 0.37298 39 -241
47.389 -322.61 0.65606 0.37298 39 -241 -0.2 0.2 47.697 -322.6 0.65606 0.37298 39 -240
47.697 -322.6 0.65606 0.37427 39 -240 -0.2 0.2 47.851 -322.6 0.65606 0.37427 39 -240
47.851 -322.6 0.65606 0.37427 39 -240 -0.2 0.2 48.081 -322.6 0.65606 0.37427 39 -240
48.081 -322.6 0.65606 0.37427 39 -240 -0.2 0.2 48.313 -322.67 0.65606 0.37427 36 -237
48.313 -322.67 0.65504 0.3753 36 -237 -0.2 0.2 48.621 -322.66 0.65504 0.3753 36 -237
48.621 -322.66 0.65504 0.3753 36 -237 -0.2 0.2 48.852 -322.66 0.65504 0.3753 36 -237
48.852 -322.66 0.65504 0.3753 36 -237 -0.2 0.2 49.083 -322.66 0.65504 0.3753 39 -232
49.083 -322.66 0.65452 0.37555 39 -232 -0.2 0.2 49.392 -322.73 0.65452 0.37555 39 -232
49.392 -322.73 0.65452 0.37555 39 -232 -0.2 0.2 49.544 -322.65 0.65452 0.37555 39 -232
49.544 -322.65 0.65452 0.37555 39 -232 -0.2 0.2 49.773 -322.57 0.65452 0.37555 35 -233
49.773 -322.57 0.65426 0.37684 35 -233 -0.2 0.2 50.004 -322.56 0.65426 0.37684 35 -233
50.004 -322.56 0.65426 0.37684 35 -233 -0.2 0.2 50.235 -322.56 0.65426 0.37684 35 -233
50.235 -322.56 0.65426 0.37684 35 -233 -0.2 0.2 50.467 -322.63 0.65426 0.37684 34 -233
50.467 -322.63 0.65349 0.37735 34 -233 -0.2 0.2 50.698 -322.63 0.65349 0.37735 34 -233
50.698 -322.63 0.65349 0.37735 34 -233 -0.2 0.2 51.005 -322.62 0.65349 0.37735 34 -233
51.005 -322.62 0.65349 0.37735 34 -233 -0.2 0.2 51.236 -322.62 0.65349 0.37735 48 -232
51.236 -322.62 0.65298 0.37761 48 -232 -0.2 0.2 51.466 -322.54 0.65298 0.37761 48 -232
51.466 -322.54 0.65298 0.37761 48 -232 -0.2 0.2 51.619 -322.54 0.65298 0.37761 49 -239
51.619 -322.54 0.65272 0.37838 49 -239 -0.2 0.2 51.849 -322.45 0.65272 0.37838 49 -239
51.849 -322.45 0.65272 0.37838 49 -239 -0.2 0.2 52.078 -322.37 0.65272 0.37838 49 -239
52.078 -322.37 0.65272 0.37838 49 -239 -0.2 0.2 52.308 -322.29 0.65272 0.37838 33 -256
52.308 -322.29 0.65169 0.37838 33 -256 -0.2 0.2 52.615 -322.29 0.65169 0.37838 33 -256
52.615 -322.29 0.65169 0.37838 33 -256 -0.2 0.2 52.769 -322.29 0.65169 0.37838 33 -256
52.769 -322.29 0.65169 0.37838 33 -256 -0.2 0.2 53 -322.28 0.65169 0.37838 33 -234
53 -322.28 0.65169 0.37967 33 -234 -0.2 0.2 53.309 -322.35 0.65169 0.37967 33 -234
53.309 -322.35 0.65169 0.37967 33 -234 -0.2 0.2 53.541 -322.43 0.65169 0.37967 33 -234
53.541 -322.43 0.65169 0.37967 33 -234 -0.2 0.2 53.77 -322.35 0.65169 0.37967 33 -230
53.77 -322.35 0.65067 0.37967 33 -230 -0.2 0.2 54 -322.26 0.65067 0.37967 33 -230
54 -322.26 0.65067 0.37967 33 -230 -0.2 0.2 54.309 -322.34 0.65067 0.37967 33 -230
54.309 -322.34 0.65067 0.37967 33 -230 -0.2 0.2 54.618 -322.41 0.65067 0.37967 33 -232
54.618 -322.41 0.65067 0.3807 33 -232 -0.2 0.2 55.002 -322.4 0.65067 0.3807 33 -232
55.002 -322.4 0.65067 0.3807 33 -232 -0.2 0.2 55.234 -322.47 0.65067 0.3807 33 -232
55.234 -322.47 0.65067 0.3807 33 -232 -0.2 0.2 55.466 -322.55 0.65067 0.3807 31 -246
55.466 -322.55 0.64964 0.38121 31 -246 -0.2 0.2 55.697 -322.54 0.64964 0.38121 31 -246
55.697 -322.54 0.64964 0.38121 31 -246 -0.2 0.2 55.928 -322.54 0.64964 0.38121 31 -246
55.928 -322.54 0.64964 0.38121 31 -246 -0.2 0.2 56.235 -322.53 0.64964 0.38121 31 -255
56.235 -322.53 0.64861 0.38121 31 -255 -0.2 0.2 56.466 -322.53 0.64861 0.38121 31 -255
56.466 -322.53 0.64861 0.38121 31 -255 -0.2 0.2 56.619 -322.45 0.64861 0.38121 27 -243
56.619 -322.45 0.64861 0.38249 27 -243 -0.2 0.2 56.925 -322.37 0.64861 0.38249 27 -243
56.925 -322.37 0.64861 0.38249 27 -243 -0.2 0.2 57.157 -322.44 0.64861 0.38249 27 -243
57.157 -322.44 0.64861 0.38249 27 -243 -0.2 0.2 57.389 -322.51 0.64861 0.38249 30 -254
57.389 -322.51 0.64809 0.38249 30 -254 -0.2 0.2 57.542 -322.44 0.64809 0.38249 30 -254
57.542 -322.44 0.64809 0.38249 30 -254 -0.2 0.2 57.772 -322.43 0.64809 0.38249 30 -254
57.772 -322.43 0.64809 0.38249 30 -254 -0.2 0.2 57.926 -322.43 0.64809 0.38249 26 -252
57.926 -322.43 0.64809 0.38249 26 -252 -0.2 0.2 58.157 -322.42 0.64809 0.38249 26 -252
58.157 -322.42 0.64809 0.38249 26 -252 -0.2 0.2 58.388 -322.42 0.64809 0.38249 26 -252
58.388 -322.42 0.64809 0.38249 26 -252 -0.2 0.2 58.541 -322.42 0.64809 0.38249 24 -275
58.541 -322.42 0.64707 0.38275 24 -275 -0.2 0.2 58.772 -322.41 0.64707 0.38275 24 -275
58.772 -322.41 0.64707 0.38275 24 -275 -0.2 0.2 59.002 -322.33 0.64707 0.38275 24 -275
59.002 -322.33 0.64707 0.38275 24 -275 -0.2 0.2 59.308 -322.25 0.64707 0.38275 28 -267
59.308 -322.25 0.64629 0.38275 28 -267 -0.2 0.2 59.616 -322.25 0.64629 0.38275 28 -267
59.616 -322.25 0.64629 0.38275 28 -267 -0.2 0.2 59.846 -322.24 0.64629 0.38275 28 -267
59.846 -322.24 0.64629 0.38275 28 -267 -0.2 0.2 60.076 -322.16 0.64629 0.38275 26 -232
60.076 -322.16 0.64629 0.38558 26 -232 -0.2 0.2 60.383 -322.16 0.64629 0.38558 26 -232
60.383 -322.16 0.64629 0.38558 26 -232 -0.2 0.2 60.691 -322.15 0.64629 0.38558 23 -239
60.691 -322.15 0.64501 0.38558 23 -239 -0.2 0.2 60.997 -322.07 0.64501 0.38558 23 -239
60.997 -322.07 0.64501 0.38558 23 -239 -0.2 0.2 61.381 -321.99 0.64501 0.38558 23 -239
61.381 -321.99 0.64501 0.38558 23 -239 -0.2 0.2 61.764 -321.9 0.64501 0.38558 45 -226
61.764 -321.9 0.64501 0.38635 45 -226 -0.2 0.2 62.146 -321.74 0.64501 0.38635 45 -226
62.146 -321.74 0.64501 0.38635 45 -226 -0.2 0.2 62.605 -321.58 0.64501 0.38635 45 -226
62.605 -321.58 0.64501 0.38635 45 -226 -0.2 0.2 62.989 -321.57 0.64501 0.38635 23 -221
62.989 -321.57 0.64398 0.38712 23 -221 -0.2 0.2 63.375 -321.64 0.64398 0.38712 23 -221
63.375 -321.64 0.64398 0.38712 23 -221 -0.2 0.2 63.683 -321.64 0.64398 0.38712 23 -221
63.683 -321.64 0.64398 0.38712 23 -221 -0.2 0.2 63.989 -321.56 0.64398 0.38712 25 -221
63.989 -321.56 0.64321 0.38764 25 -221 -0.2 0.2 64.296 -321.47 0.64321 0.38764 25 -221
64.296 -321.47 0.64321 0.38764 25 -221 -0.2 0.2 64.68 -321.47 0.64321 0.38764 25 -221
64.68 -321.47 0.64321 0.38764 25 -221 -0.2 0.2 64.986 -321.39 0.64321 0.38764 24 -231
64.986 -321.39 0.64295 0.38815 24 -231 -0.2 0.2 65.371 -321.38 0.64295 0.38815 24 -231
65.371 -321.38 0.64295 0.38815 24 -231 -0.2 0.2 65.679 -321.37 0.64295 0.38815 24 -231
65.679 -321.37 0.64295 0.38815 24 -231 -0.2 0.2 65.909 -321.37 0.64295 0.38815 31 -199
65.909 -321.37 0.64218 0.38815 31 -199 -0.2 0.2 66.14 -321.37 0.64218 0.38815 31 -199
66.14 -321.37 0.64218 0.38815 31 -199 -0.2 0.2 66.449 -321.44 0.64218 0.38815 27 -228
66.449 -321.44 0.64218 0.38943 27 -228 -0.2 0.2 66.681 -321.51 0.64218 0.38943 27 -228
66.681 -321.51 0.64218 0.38943 27 -228 -0.2 0.2 66.911 -321.43 0.64218 0.38943 27 -228
66.911 -321.43 0.64218 0.38943 27 -228 -0.2 0.2 67.14 -321.35 0.64218 0.38943 27 -228
67.14 -321.35 0.64218 0.38943 27 -228 -0.2 0.2 67.371 -321.35 0.64218 0.38943 33 -217
67.371 -321.35 0.64115 0.39046 33 -217 -0.2 0.2 67.678 -321.34 0.64115 0.39046 33 -217
67.678 -321.34 0.64115 0.39046 33 -217 -0.2 0.2 67.986 -321.34 0.64115 0.39046 26 -214
67.986 -321.34 0.64064 0.39123 26 -214 -0.2 0.2 68.217 -321.33 0.64064 0.39123 26 -214
68.217 -321.33 0.64064 0.39123 26 -214 -0.2 0.2 68.523 -321.25 0.64064 0.39123 26 -214
68.523 -321.25 0.64064 0.39123 26 -214 -0.2 0.2 68.753 -321.17 0.64064 0.39123 26 -215
68.753 -321.17 0.64038 0.39201 26 -215 -0.2 0.2 69.059 -321.09 0.64038 0.39201 26 -215
69.059 -321.09 0.64038 0.39201 26 -215 -0.2 0.2 69.365 -321 0.64038 0.39201 26 -215
69.365 -321 0.64038 0.39201 26 -215 -0.2 0.2 69.672 -320.92 0.64038 0.39201 27 -188
69.672 -320.92 0.63936 0.39201 27 -188 -0.2 0.2 69.901 -320.84 0.63936 0.39201 27 -188
69.901 -320.84 0.63936 0.39201 27 -188 -0.2 0.2 70.13 -320.76 0.63936 0.39201 27 -188
70.13 -320.76 0.63936 0.39201 27 -188 -0.2 0.2 70.438 -320.75 0.63936 0.39201 35 -205
70.438 -320.75 0.63936 0.39355 35 -205 -0.2 0.2 70.744 -320.67 0.63936 0.39355 35 -205
70.744 -320.67 0.63936 0.39355 35 -205 -0.2 0.2 71.052 -320.67 0.63936 0.39355 35 -205
71.052 -320.67 0.63936 0.39355 35 -205 -0.2 0.2 71.283 -320.66 0.63936 0.39355 35 -218
71.283 -320.66 0.63858 0.39381 35 -218 -0.2 0.2 71.514 -320.66 0.63858 0.39381 35 -218
71.514 -320.66 0.63858 0.39381 35 -218 -0.2 0.2 71.744 -320.66 0.63858 0.39381 35 -218
71.744 -320.66 0.63858 0.39381 35 -218 -0.2 0.2 72.051 -320.57 0.63858 0.39381 35 -218
72.051 -320.57 0.63858 0.39406 35 -218 -0.2 0.2 72.357 -320.49 0.63858 0.39406 35 -218
72.357 -320.49 0.63858 0.39406 35 -218 -0.2 0.2 72.588 -320.49 0.63858 0.39406 32 -213
72.588 -320.49 0.63755 0.39509 32 -213 -0.2 0.2 72.818 -320.48 0.63755 0.39509 32 -213
72.818 -320.48 0.63755 0.39509 32 -213 -0.2 0.2 73.126 -320.48 0.63755 0.39509 32 -213
73.126 -320.48 0.63755 0.39509 32 -213 -0.2 0.2 73.434 -320.47 0.63755 0.39509 32 -251
73.434 -320.47 0.63653 0.39509 32 -251 -0.2 0.2 73.741 -320.47 0.63653 0.39509 32 -251
73.741 -320.47 0.63653 0.39509 32 -251 -0.2 0.2 73.971 -320.39 0.63653 0.39509 32 -251
73.971 -320.39 0.63653 0.39509 32 -251 -0.2 0.2 74.277 -320.31 0.63653 0.39509 27 -215
74.277 -320.31 0.63653 0.39612 27 -215 -0.2 0.2 74.582 -320.15 0.63653 0.39612 27 -215
74.582 -320.15 0.63653 0.39612 27 -215 -0.2 0.2 74.887 -319.99 0.63653 0.39612 27 -215
74.887 -319.99 0.63653 0.39612 27 -215 -0.2 0.2 75.194 -319.91 0.63653 0.39612 34 -217
75.194 -319.91 0.6355 0.39638 34 -217 -0.2 0.2 75.5 -319.82 0.6355 0.39638 34 -217
75.5 -319.82 0.6355 0.39638 34 -217 -0.2 0.2 75.731 -319.82 0.6355 0.39638 34 -217
75.731 -319.82 0.6355 0.39638 34 -217 -0.2 0.2 75.96 -319.74 0.6355 0.39638 35 -221
75.96 -319.74 0.6355 0.39689 35 -221 -0.2 0.2 76.191 -319.73 0.6355 0.39689 35 -221
76.191 -319.73 0.6355 0.39689 35 -221 -0.2 0.2 76.499 -319.73 0.6355 0.39689 35 -221
76.499 -319.73 0.6355 0.39689 35 -221 -0.2 0.2 76.727 -319.57 0.6355 0.39689 34 -217
76.727 -319.57 0.63473 0.39766 34 -217 -0.2 0.2 77.033 -319.49 0.63473 0.39766 34 -217
77.033 -319.49 0.63473 0.39766 34 -217 -0.2 0.2 77.339 -319.41 0.63473 0.39766 34 -217
77.339 -319.41 0.63473 0.39766 34 -217 -0.2 0.2 77.644 -319.25 0.63473 0.39766 32 -228
77.644 -319.25 0.6337 0.39766 32 -228 -0.2 0.2 77.874 -319.17 0.6337 0.39766 32 -228
77.874 -319.17 0.6337 0.39766 32 -228 -0.2 0.2 78.105 -319.16 0.6337 0.39766 32 -228
78.105 -319.16 0.6337 0.39766 32 -228 -0.2 0.2 78.412 -319.16 0.6337 0.39766 22 -214
78.412 -319.16 0.6337 0.39895 22 -214 -0.2 0.2 78.719 -319.08 0.6337 0.39895 22 -214
78.719 -319.08 0.6337 0.39895 22 -214 -0.2 0.2 79.024 -318.92 0.6337 0.39895 22 -214
79.024 -318.92 0.6337 0.39895 22 -214 -0.2 0.2 79.253 -318.84 0.6337 0.39895 35 -208
79.253 -318.84 0.63267 0.39895 35 -208 -0.2 0.2 79.559 -318.75 0.63267 0.39895 35 -208
79.559 -318.75 0.63267 0.39895 35 -208 -0.2 0.2 79.864 -318.6 0.63267 0.39895 35 -208
79.864 -318.6 0.63241 0.39997 35 -208 -0.2 0.2 80.169 -318.44 0.63241 0.39997 35 -208
80.169 -318.44 0.63241 0.39997 35 -208 -0.2 0.2 80.477 -318.43 0.63241 0.39997 35 -208
80.477 -318.43 0.63241 0.39997 35 -208 -0.2 0.2 80.708 -318.43 0.63241 0.39997 30 -216
80.708 -318.43 0.63164 0.40049 30 -216 -0.2 0.2 80.936 -318.27 0.63164 0.40049 30 -216
80.936 -318.27 0.63164 0.40049 30 -216 -0.2 0.2 81.244 -318.26 0.63164 0.40049 30 -216
81.244 -318.26 0.63164 0.40049 30 -216 -0.2 0.2 81.55 -318.18 0.63164 0.40049 35 -241
81.55 -318.18 0.63087 0.40075 35 -241 -0.2 0.2 81.856 -318.1 0.63087 0.40075 35 -241
81.856 -318.1 0.63087 0.40075 35 -241 -0.2 0.2 82.163 -318.02 0.63087 0.40075 35 -241
82.163 -318.02 0.63087 0.40075 35 -241 -0.2 0.2 82.469 -317.94 0.63087 0.40075 -2 -214
82.469 -317.94 0.63087 0.40152 -2 -214 -0.2 0.2 82.852 -317.85 0.63087 0.40152 -2 -214
82.852 -317.85 0.63087 0.40152 -2 -214 -0.2 0.2 83.237 -317.85 0.63087 0.40152 -2 -214
83.237 -317.85 0.63087 0.40152 -2 -214 -0.2 0.2 83.544 -317.84 0.63087 0.40152 34 -201
83.544 -317.84 0.62959 0.40152 34 -201 -0.2 0.2 83.852 -317.84 0.62959 0.40152 34 -201
83.852 -317.84 0.62959 0.40152 34 -201 -0.2 0.2 84.158 -317.75 0.62959 0.40152 34 -201
84.158 -317.75 0.62959 0.40152 34 -201 -0.2 0.2 84.466 -317.75 0.62959 0.40152 34 -209
84.466 -317.75 0.62933 0.40254 34 -209 -0.2 0.2 84.771 -317.59 0.62933 0.40254 34 -209
84.771 -317.59 0.62933 0.40254 34 -209 -0.2 0.2 85.079 -317.58 0.62933 0.40254 34 -209
85.079 -317.58 0.62933 0.40254 34 -209 -0.2 0.2 85.31 -317.58 0.62933 0.40254 33 -221
85.31 -317.58 0.62882 0.40332 33 -221 -0.2 0.2 85.617 -317.57 0.62882 0.40332 33 -221
85.617 -317.57 0.62882 0.40332 33 -221 -0.2 0.2 85.924 -317.49 0.62882 0.40332 33 -221
85.924 -317.49 0.62882 0.40332 33 -221 -0.2 0.2 86.231 -317.49 0.62882 0.40332 34 -239
86.231 -317.49 0.62804 0.40332 34 -239 -0.2 0.2 86.538 -317.4 0.62804 0.40332 34 -239
86.538 -317.4 0.62804 0.40332 34 -239 -0.2 0.2 86.845 -317.4 0.62804 0.40332 22 -221
86.845 -317.4 0.62804 0.40434 22 -221 -0.2 0.2 87.152 -317.32 0.62804 0.40434 22 -221
87.152 -317.32 0.62804 0.40434 22 -221 -0.2 0.2 87.458 -317.24 0.62804 0.40434 22 -221
87.458 -317.24 0.62804 0.40434 22 -221 -0.2 0.2 87.764 -317.15 0.62804 0.40434 22 -221
87.764 -317.15 0.62804 0.40434 22 -221 -0.2 0.2 87.995 -317.15 0.62804 0.40434 34 -214
87.995 -317.15 0.62727 0.40434 34 -214 -0.2 0.2 88.301 -317.07 0.62727 0.40434 34 -214
88.301 -317.07 0.62727 0.40434 34 -214 -0.2 0.2 88.609 -317.06 0.62727 0.40434 34 -214
88.609 -317.06 0.62727 0.40434 34 -214 -0.2 0.2 88.917 -317.06 0.62727 0.40434 31 -228
88.917 -317.06 0.62625 0.40563 31 -228 -0.2 0.2 89.299 -316.9 0.62625 0.40563 31 -228
89.299 -316.9 0.62625 0.40563 31 -228 -0.2 0.2 89.606 -316.89 0.62625 0.40563 31 -228
89.606 -316.89 0.62625 0.40563 31 -228 -0.2 0.2 89.989 -316.81 0.62625 0.40563 -2 -226
89.989 -316.81 0.62625 0.40589 -2 -226 -0.2 0.2 90.294 -316.65 0.62625 0.40589 -2 -226
90.294 -316.65 0.62625 0.40589 -2 -226 -0.2 0.2 90.601 -316.57 0.62625 0.40589 34 -214
90.601 -316.57 0.62522 0.40589 34 -214 -0.2 0.2 90.83 -316.49 0.62522 0.40589 34 -214
90.83 -316.49 0.62522 0.40589 34 -214 -0.2 0.2 91.137 -316.4 0.62522 0.40589 34 -214
91.137 -316.4 0.62522 0.40589 34 -214 -0.2 0.2 91.52 -316.32 0.62522 0.40589 24 -213
91.52 -316.32 0.62522 0.40692 24 -213 -0.2 0.2 91.826 -316.24 0.62522 0.40692 24 -213
91.826 -316.24 0.62522 0.40692 24 -213 -0.2 0.2 92.209 -316.15 0.62522 0.40692 24 -213
92.209 -316.15 0.62522 0.40692 24 -213 -0.2 0.2 92.515 -316 0.62522 0.40692 28 -220
92.515 -316 0.62445 0.40769 28 -220 -0.2 0.2 92.82 -315.84 0.62445 0.40769 28 -220
92.82 -315.84 0.62445 0.40769 28 -220 -0.2 0.2 93.203 -315.75 0.62445 0.40769 28 -220
93.203 -315.75 0.62445 0.40769 28 -220 -0.2 0.2 93.51 -315.75 0.62445 0.40769 33 -223
93.51 -315.75 0.62342 0.40769 33 -223 -0.2 0.2 93.892 -315.59 0.62342 0.40769 33 -223
93.892 -315.59 0.62342 0.40769 33 -223 -0.2 0.2 94.199 -315.51 0.62342 0.40769 33 -223
94.199 -315.51 0.62342 0.40769 33 -223 -0.2 0.2 94.582 -315.42 0.62342 0.40769 -2 -222
94.582 -315.42 0.62342 0.40871 -2 -222 -0.2 0.2 94.965 -315.34 0.62342 0.40871 -2 -222
94.965 -315.34 0.62342 0.40871 -2 -222 -0.2 0.2 95.35 -315.33 0.62342 0.40871 -2 -222
95.35 -315.33 0.62342 0.40871 -2 -222 -0.2 0.2 95.656 -315.25 0.62342 0.40871 33 -212
95.656 -315.25 0.62265 0.40871 33 -212 -0.2 0.2 95.961 -315.09 0.62265 0.40871 33 -212
95.961 -315.09 0.62265 0.40871 33 -212 -0.2 0.2 96.343 -314.93 0.62265 0.40871 33 -212
96.343 -314.93 0.62265 0.40871 33 -212 -0.2 0.2 96.725 -314.77 0.62265 0.40871 28 -214
96.725 -314.77 0.62239 0.41 28 -214 -0.2 0.2 97.11 -314.76 0.62239 0.41 28 -214
97.11 -314.76 0.62239 0.41 28 -214 -0.2 0.2 97.494 -314.76 0.62239 0.41 28 -214
97.494 -314.76 0.62239 0.41 28 -214 -0.2 0.2 97.801 -314.68 0.62239 0.41 28 -208
97.801 -314.68 0.62136 0.41129 28 -208 -0.2 0.2 98.183 -314.51 0.62136 0.41129 28 -208
98.183 -314.51 0.62136 0.41129 28 -208 -0.2 0.2 98.565 -314.35 0.62136 0.41129 32 -223
98.565 -314.35 0.62033 0.41129 32 -223 -0.2 0.2 98.946 -314.19 0.62033 0.41129 32 -223
98.946 -314.19 0.62033 0.41129 32 -223 -0.2 0.2 99.253 -314.11 0.62033 0.41129 32 -223
99.253 -314.11 0.62033 0.41129 32 -223 -0.2 0.2 99.558 -313.95 0.62033 0.41129 21 -203
99.558 -313.95 0.62033 0.41257 21 -203 -0.2 0.2 99.938 -313.72 0.62033 0.41257 21 -203
99.938 -313.72 0.62033 0.41257 21 -203 -0.2 0.2 100.32 -313.63 0.62033 0.41257 21 -203
100.32 -313.63 0.62033 0.41257 21 -203 -0.2 0.2 100.71 -313.55 0.62033 0.41257 24 -188
100.71 -313.55 0.61982 0.41257 24 -188 -0.2 0.2 101.01 -313.47 0.61982 0.41257 24 -188
101.01 -313.47 0.61982 0.41257 24 -188 -0.2 0.2 101.24 -313.39 0.61982 0.41257 24 -188
101.24 -313.39 0.61982 0.41257 24 -188 -0.2 0.2 101.62 -313.23 0.61982 0.41257 30 -193
101.62 -313.23 0.61956 0.4136 30 -193 -0.2 0.2 101.93 -313.07 0.61956 0.4136 30 -193
101.93 -313.07 0.61956 0.4136 30 -193 -0.2 0.2 102.31 -312.83 0.61956 0.4136 30 -193
102.31 -312.83 0.61956 0.4136 30 -193 -0.2 0.2 102.69 -312.67 0.61956 0.4136 33 -190
102.69 -312.67 0.61853 0.41463 33 -190 -0.2 0.2 103.07 -312.59 0.61853 0.41463 33 -190
103.07 -312.59 0.61853 0.41463 33 -190 -0.2 0.2 103.46 -312.5 0.61853 0.41463 33 -190
103.46 -312.5 0.61853 0.41463 33 -190 -0.2 0.2 103.84 -312.34 0.61853 0.41463 24 -196
103.84 -312.34 0.6175 0.41488 24 -196 -0.2 0.2 104.3 -312.18 0.6175 0.41488 24 -196
104.3 -312.18 0.6175 0.41488 24 -196 -0.2 0.2 104.6 -312.1 0.6175 0.41488 24 -196
104.6 -312.1 0.6175 0.41488 24 -196 -0.2 0.2 104.99 -311.94 0.6175 0.41488 -2 -203
104.99 -311.94 0.61776 0.4154 -2 -203 -0.2 0.2 105.37 -311.85 0.61776 0.4154 -2 -203
105.37 -311.85 0.61776 0.4154 -2 -203 -0.2 0.2 105.83 -311.77 0.61776 0.4154 -2 -203
105.83 -311.77 0.61776 0.4154 -2 -203 -0.2 0.2 106.29 -311.68 0.61776 0.4154 30 -197
106.29 -311.68 0.61648 0.4154 30 -197 -0.2 0.2 106.6 -311.6 0.61648 0.4154 30 -197
106.6 -311.6 0.61648 0.4154 30 -197 -0.2 0.2 107.13 -311.36 0.61648 0.4154 30 -197
107.13 -311.36 0.61648 0.4154 30 -197 -0.2 0.2 107.59 -311.28 0.61648 0.4154 29 -197
107.59 -311.28 0.61648 0.41668 29 -197 -0.2 0.2 107.9 -311.27 0.61648 0.41668 29 -197
107.9 -311.27 0.61648 0.41668 29 -197 -0.2 0.2 108.13 -311.27 0.61648 0.41668 32 -195
108.13 -311.27 0.61545 0.41745 32 -195 -0.2 0.2 108.36 -311.27 0.61545 0.41745 32 -195
108.36 -311.27 0.61545 0.41745 32 -195 -0.2 0.2 108.74 -311.18 0.61545 0.41745 32 -195
108.74 -311.18 0.61545 0.41745 32 -195 -0.2 0.2 109.05 -311.18 0.61545 0.41745 32 -194
109.05 -311.18 0.61468 0.41745 32 -194 -0.2 0.2 109.43 -311.09 0.61468 0.41745 32 -194
109.43 -311.09 0.61468 0.41745 32 -194 -0.2 0.2 109.89 -310.93 0.61468 0.41745 32 -194
109.89 -310.93 0.61468 0.41745 32 -194 -0.2 0.2 109.29 -311.56 0.61468 0.41745 27 -202
109.29 -311.56 0.61468 0.41823 27 -202 -0.2 0.2 109.29 -311.56 0.61468 0.41823 27 -202
109.29 -311.56 0.61468 0.41823 27 -202 -0.2 0.2 111.27 -310.52 0.61468 0.41823 27 -202
111.27 -310.52 0.61468 0.41823 27 -202 -0.2 0.2 111.27 -310.52 0.61468 0.41823 29 -171
111.27 -310.52 0.61339 0.41823 29 -171 -0.2 0.2 111.27 -310.52 0.61339 0.41823 29 -171
111.27 -310.52 0.61339 0.41823 29 -171 -0.2 0.2 113.25 -309.49 0.61339 0.41823 29 -171
113.25 -309.49 0.61339 0.41823 29 -171 -0.2 0.2 112.27 -310.51 0.61339 0.41823 31 -186
