67.856 -411.32 0.30236 0.41745 47 -64 -0.2 -0.2 67.856 -411.32 0.30236 0.41745 47 -63
67.856 -411.32 0.30236 0.41745 47 -63 -0.2 -0.2 67.856 -411.32 0.30236 0.41745 47 -63
67.856 -411.32 0.30236 0.41745 47 -63 -0.2 -0.2 67.856 -411.32 0.30236 0.41745 47 -63
67.856 -411.32 0.30236 0.41745 47 -63 -0.2 -0.2 67.856 -411.32 0.30236 0.41745 47 -61
67.856 -411.32 0.30236 0.41771 47 -61 -0.2 -0.2 67.856 -411.32 0.30236 0.41771 47 -61
67.856 -411.32 0.30236 0.41771 47 -61 -0.2 -0.2 67.856 -411.32 0.30236 0.41771 46 -68
67.856 -411.32 0.30236 0.41771 46 -68 -0.2 -0.2 67.856 -411.32 0.30236 0.41771 46 -68
67.856 -411.32 0.30236 0.41771 46 -68 -0.2 -0.2 67.856 -411.32 0.30236 0.41771 46 -68
67.856 -411.32 0.30236 0.41771 46 -68 -0.2 -0.2 67.856 -411.32 0.30236 0.41771 47 -60
67.856 -411.32 0.30236 0.41771 47 -60 -0.2 -0.2 67.856 -411.32 0.30236 0.41771 47 -60
67.856 -411.32 0.30236 0.41771 47 -60 -0.2 -0.2 67.856 -411.32 0.30236 0.41771 47 -60
67.856 -411.32 0.30236 0.41771 47 -60 -0.2 -0.2 67.856 -411.32 0.30236 0.41771 14 -48
67.856 -411.32 0.3021 0.41745 14 -48 -0.2 -0.2 67.856 -411.32 0.3021 0.41745 14 -48
67.856 -411.32 0.3021 0.41745 14 -48 -0.2 -0.2 67.856 -411.32 0.3021 0.41745 14 -48
67.856 -411.32 0.3021 0.41745 14 -48 -0.2 -0.2 67.856 -411.39 0.3021 0.41745 14 -21
67.856 -411.39 0.3021 0.41771 14 -21 -0.2 -0.2 67.856 -411.39 0.3021 0.41771 14 -21
67.856 -411.39 0.3021 0.41771 14 -21 -0.2 -0.2 67.933 -411.39 0.3021 0.41771 14 -21
67.933 -411.39 0.3021 0.41771 14 -21 -0.2 -0.2 67.933 -411.39 0.3021 0.41771 10 1
67.933 -411.39 0.30133 0.41771 10 1 -0.2 -0.2 67.933 -411.39 0.30133 0.41771 10 1
67.933 -411.39 0.30133 0.41771 10 1 -0.2 -0.2 67.933 -411.39 0.30133 0.41771 10 1
67.933 -411.39 0.30133 0.41771 10 1 -0.2 -0.2 67.933 -411.39 0.30133 0.41771 -1 -10
67.933 -411.39 0.30107 0.41668 -1 -10 -0.2 -0.2 67.933 -411.39 0.30107 0.41668 -1 -10
67.933 -411.39 0.30107 0.41668 -1 -10 -0.2 -0.2 68.01 -411.39 0.30107 0.41668 -1 -10
68.01 -411.39 0.30107 0.41668 -1 -10 -0.2 -0.2 68.01 -411.39 0.30107 0.41668 10 -1
68.01 -411.39 0.3003 0.41668 10 -1 -0.2 -0.2 68.086 -411.39 0.3003 0.41668 10 -1
68.086 -411.39 0.3003 0.41668 10 -1 -0.2 -0.2 68.086 -411.39 0.3003 0.41668 10 -1
68.086 -411.39 0.3003 0.41668 10 -1 -0.2 -0.2 68.163 -411.39 0.3003 0.41668 6 -21
68.163 -411.39 0.30005 0.41565 6 -21 -0.2 -0.2 68.241 -411.32 0.30005 0.41565 6 -21
68.241 -411.32 0.30005 0.41565 6 -21 -0.2 -0.2 68.318 -411.32 0.30005 0.41565 8 0
68.318 -411.32 0.29902 0.41514 8 0 -0.2 -0.2 68.318 -411.32 0.29902 0.41514 8 0
68.318 -411.32 0.29902 0.41514 8 0 -0.2 -0.2 68.395 -411.32 0.29902 0.41514 8 0
68.395 -411.32 0.29902 0.41514 8 0 -0.2 -0.2 68.471 -411.32 0.29902 0.41514 6 0
68.471 -411.32 0.29876 0.41488 6 0 -0.2 -0.2 68.548 -411.32 0.29876 0.41488 6 0
68.548 -411.32 0.29876 0.41488 6 0 -0.2 -0.2 68.625 -411.32 0.29876 0.41488 6 0
68.625 -411.32 0.29876 0.41488 6 0 -0.2 -0.2 68.779 -411.32 0.29876 0.41488 -2 0
68.779 -411.32 0.29825 0.41437 -2 0 -0.2 -0.2 68.779 -411.4 0.29825 0.41437 -2 0
68.779 -411.4 0.29825 0.41437 -2 0 -0.2 -0.2 68.855 -411.48 0.29825 0.41437 -2 0
68.855 -411.48 0.29825 0.41437 -2 0 -0.2 -0.2 68.856 -411.4 0.29825 0.41437 4 0
68.856 -411.4 0.29773 0.41385 4 0 -0.2 -0.2 68.856 -411.32 0.29773 0.41385 4 0
68.856 -411.32 0.29773 0.41385 4 0 -0.2 -0.2 68.856 -411.32 0.29773 0.41385 4 0
68.856 -411.32 0.29773 0.41385 4 0 -0.2 -0.2 69.856 -411.33 0.29773 0.41385 0 1
69.856 -411.33 0.29722 0.41334 0 1 -0.2 -0.2 68.851 -412.32 0.29722 0.41334 0 1
68.851 -412.32 0.29722 0.41334 0 1 -0.2 -0.2 68.851 -412.32 0.29722 0.41334 0 1
68.851 -412.32 0.29722 0.41334 0 1 -0.2 -0.2 68.861 -410.32 0.29722 0.41334 3 0
68.861 -410.32 0.2967 0.41257 3 0 -0.2 -0.2 68.877 -407.32 0.2967 0.41257 3 0
