178.6 -410.64 11 -46 0.06 0.06 178.6 -410.64 11 -46
178.6 -410.64 11 -46 0.06 0.06 178.6 -410.64 11 -46
178.6 -410.64 11 -46 0.06 0.06 178.6 -410.64 8 -45
178.6 -410.64 8 -45 0.06 0.06 178.6 -410.64 8 -45
178.6 -410.64 8 -45 0.06 0.06 178.6 -410.64 8 -45
178.6 -410.64 8 -45 0.06 0.06 178.6 -410.64 7 -45
178.6 -410.64 7 -45 0.06 0.06 178.6 -410.64 7 -45
178.6 -410.64 7 -45 0.06 0.06 178.6 -410.64 31 -45
178.6 -410.64 31 -45 0.06 0.06 178.6 -410.64 31 -45
178.6 -410.64 31 -45 0.06 0.06 178.6 -410.64 31 -45
178.6 -410.64 31 -45 0.06 0.06 178.6 -410.64 32 -53
178.6 -410.64 32 -53 0.06 0.06 178.6 -410.64 32 -53
178.6 -410.64 32 -53 0.06 0.06 178.6 -410.64 32 -53
178.6 -410.64 32 -53 0.06 0.06 178.67 -410.55 35 -54
178.67 -410.55 35 -54 0.06 0.06 178.66 -410.48 35 -54
178.66 -410.48 35 -54 0.06 0.06 178.74 -410.47 35 -54
178.74 -410.47 35 -54 0.06 0.06 178.81 -410.39 39 -59
178.81 -410.39 39 -59 0.06 0.06 178.88 -410.3 39 -59
178.88 -410.3 39 -59 0.06 0.06 178.95 -410.22 39 -59
178.95 -410.22 39 -59 0.06 0.06 179.02 -410.14 36 -60
179.02 -410.14 36 -60 0.06 0.06 179.09 -410.05 36 -60
179.09 -410.05 36 -60 0.06 0.06 179.16 -409.97 36 -60
179.16 -409.97 36 -60 0.06 0.06 179.22 -409.89 42 -59
179.22 -409.89 42 -59 0.06 0.06 179.29 -409.8 42 -59
179.29 -409.8 42 -59 0.06 0.06 179.36 -409.72 42 -59
179.36 -409.72 42 -59 0.06 0.06 179.43 -409.64 43 -61
179.43 -409.64 43 -61 0.06 0.06 179.43 -409.64 43 -61
179.43 -409.64 43 -61 0.06 0.06 179.51 -409.63 43 -61
179.51 -409.63 43 -61 0.06 0.06 179.5 -409.55 45 -67
179.5 -409.55 45 -67 0.06 0.06 179.5 -409.55 45 -67
179.5 -409.55 45 -67 0.06 0.06 179.58 -409.55 45 -67
179.58 -409.55 45 -67 0.06 0.06 179.58 -409.55 54 -65
179.58 -409.55 54 -65 0.06 0.06 179.58 -409.55 54 -65
179.58 -409.55 54 -65 0.06 0.06 179.66 -409.54 52 -70
179.66 -409.54 52 -70 0.06 0.06 179.73 -409.53 52 -70
179.73 -409.53 52 -70 0.06 0.06 179.81 -409.53 52 -70
179.81 -409.53 52 -70 0.06 0.06 179.89 -409.52 58 -71
179.89 -409.52 58 -71 0.06 0.06 179.96 -409.51 58 -71
179.96 -409.51 58 -71 0.06 0.06 180.04 -409.5 58 -71
180.04 -409.5 58 -71 0.06 0.06 180.12 -409.5 58 -76
180.12 -409.5 58 -76 0.06 0.06 180.19 -409.49 58 -76
180.19 -409.49 58 -76 0.06 0.06 180.27 -409.48 58 -76
180.27 -409.48 58 -76 0.06 0.06 180.35 -409.48 62 -78
180.35 -409.48 62 -78 0.06 0.06 180.35 -409.48 62 -78
180.35 -409.48 62 -78 0.06 0.06 180.42 -409.39 62 -78
180.42 -409.39 62 -78 0.06 0.06 180.56 -409.3 66 -77
180.56 -409.3 66 -77 0.06 0.06 180.63 -409.22 66 -77
180.63 -409.22 66 -77 0.06 0.06 180.7 -409.14 66 -77
180.7 -409.14 66 -77 0.06 0.06 180.7 -409.06 70 -73
180.7 -409.06 70 -73 0.06 0.06 180.77 -408.98 70 -73
180.77 -408.98 70 -73 0.06 0.06 180.84 -408.89 70 -73
180.84 -408.89 70 -73 0.06 0.06 180.91 -408.81 68 -76
180.91 -408.81 68 -76 0.06 0.06 180.98 -408.73 68 -76
180.98 -408.73 68 -76 0.06 0.06 181.05 -408.64 68 -76
181.05 -408.64 68 -76 0.06 0.06 181.11 -408.56 65 -83
181.11 -408.56 65 -83 0.06 0.06 181.18 -408.48 65 -83
181.18 -408.48 65 -83 0.06 0.06 181.25 -408.39 72 -88
181.25 -408.39 72 -88 0.06 0.06 181.33 -408.39 72 -88
181.33 -408.39 72 -88 0.06 0.06 181.33 -408.39 72 -88
181.33 -408.39 72 -88 0.06 0.06 181.33 -408.39 75 -81
181.33 -408.39 75 -81 0.06 0.06 181.33 -408.39 75 -81
181.33 -408.39 75 -81 0.06 0.06 181.41 -408.38 75 -81
181.41 -408.38 75 -81 0.06 0.06 181.41 -408.38 75 -81
181.41 -408.38 75 -81 0.06 0.06 181.41 -408.38 75 -81
181.41 -408.38 75 -81 0.06 0.06 181.41 -408.38 75 -81
181.41 -408.38 75 -81 0.06 0.06 181.41 -408.38 79 -83
181.41 -408.38 79 -83 0.06 0.06 181.41 -408.38 79 -83
181.41 -408.38 79 -83 0.06 0.06 181.41 -408.38 79 -83
181.41 -408.38 79 -83 0.06 0.06 181.41 -408.38 81 -92
181.41 -408.38 81 -92 0.06 0.06 181.4 -408.3 81 -92
181.4 -408.3 81 -92 0.06 0.06 181.39 -408.23 81 -92
181.39 -408.23 81 -92 0.06 0.06 181.39 -408.15 87 -102
181.39 -408.15 87 -102 -0.06 0.06 181.38 -408.07 87 -102
181.38 -408.07 87 -102 -0.06 0.06 181.45 -407.99 87 -102
181.45 -407.99 87 -102 -0.06 0.06 181.44 -407.91 97 -94
181.44 -407.91 97 -94 -0.06 0.06 181.44 -407.84 97 -94
181.44 -407.84 97 -94 -0.06 0.06 181.43 -407.76 97 -94
181.43 -407.76 97 -94 -0.06 0.06 181.5 -407.68 95 -101
181.5 -407.68 95 -101 -0.06 0.06 181.57 -407.59 95 -101
181.57 -407.59 95 -101 -0.06 0.06 181.64 -407.51 69 -100
181.64 -407.51 69 -100 -0.06 0.06 181.71 -407.43 69 -100
181.71 -407.43 69 -100 -0.06 0.06 181.78 -407.34 69 -100
181.78 -407.34 69 -100 -0.06 0.06 181.86 -407.34 69 -96
181.86 -407.34 69 -96 -0.06 0.06 181.93 -407.33 69 -96
181.93 -407.33 69 -96 -0.06 0.06 182.01 -407.32 69 -96
182.01 -407.32 69 -96 -0.06 0.06 182.09 -407.32 43 -105
182.09 -407.32 43 -105 -0.06 0.06 182.09 -407.32 43 -105
182.09 -407.32 43 -105 -0.06 0.06 182.16 -407.31 43 -105
182.16 -407.31 43 -105 -0.06 0.06 182.24 -407.3 25 -98
182.24 -407.3 25 -98 -0.06 0.06 182.32 -407.3 25 -98
182.32 -407.3 25 -98 -0.06 0.06 182.32 -407.3 25 -98
182.32 -407.3 25 -98 -0.06 0.06 182.32 -407.3 33 -110
182.32 -407.3 33 -110 -0.06 0.06 182.39 -407.29 33 -110
182.39 -407.29 33 -110 -0.06 0.06 182.47 -407.28 33 -110
182.47 -407.28 33 -110 -0.06 0.06 182.54 -407.2 29 -108
182.54 -407.2 29 -108 -0.06 0.06 182.62 -407.19 29 -108
182.62 -407.19 29 -108 -0.06 0.06 182.69 -407.18 29 -108
182.69 -407.18 29 -108 -0.06 0.06 182.76 -407.1 32 -106
182.76 -407.1 32 -106 -0.06 0.06 182.91 -407.09 32 -106
182.91 -407.09 32 -106 -0.06 0.06 183.06 -407 32 -106
183.06 -407 32 -106 -0.06 0.06 183.21 -406.91 21 -114
183.21 -406.91 21 -114 -0.06 0.06 183.35 -406.82 21 -114
183.35 -406.82 21 -114 -0.06 0.06 183.58 -406.72 21 -114
183.58 -406.72 21 -114 -0.06 0.06 183.8 -406.62 -2 -114
183.8 -406.62 -2 -114 -0.06 0.06 184.1 -406.52 -2 -114
184.1 -406.52 -2 -114 -0.06 0.06 184.32 -406.42 16 -109
184.32 -406.42 16 -109 -0.06 0.06 184.55 -406.32 16 -109
184.55 -406.32 16 -109 -0.06 0.06 184.85 -406.22 16 -109
184.85 -406.22 16 -109 -0.06 0.06 185.14 -406.04 16 -109
185.14 -406.04 16 -109 -0.06 0.06 185.43 -405.86 16 -109
185.43 -405.86 16 -109 -0.06 0.06 185.81 -405.75 16 -109
185.81 -405.75 16 -109 -0.06 0.06 186.1 -405.57 15 -108
186.1 -405.57 15 -108 -0.06 0.06 186.39 -405.39 15 -108
186.39 -405.39 15 -108 -0.06 0.06 186.76 -405.2 15 -108
186.76 -405.2 15 -108 -0.06 0.06 187.13 -405.01 17 -113
187.13 -405.01 17 -113 -0.06 0.06 187.43 -404.83 17 -113
187.43 -404.83 17 -113 -0.06 0.06 187.72 -404.65 17 -113
187.72 -404.65 17 -113 -0.06 0.06 188.01 -404.47 0 -103
188.01 -404.47 0 -103 -0.06 0.06 188.3 -404.29 0 -103
188.3 -404.29 0 -103 -0.06 0.06 188.6 -404.11 0 -103
188.6 -404.11 0 -103 -0.06 0.06 188.81 -403.94 13 -97
188.81 -403.94 13 -97 -0.06 0.06 189.03 -403.76 13 -97
189.03 -403.76 13 -97 -0.06 0.06 189.25 -403.67 13 -97
189.25 -403.67 13 -97 -0.06 0.06 189.47 -403.49 14 -101
189.47 -403.49 14 -101 -0.06 0.06 189.69 -403.32 14 -101
189.69 -403.32 14 -101 -0.06 0.06 189.98 -403.22 14 -101
189.98 -403.22 14 -101 -0.06 0.06 190.21 -403.12 13 -108
190.21 -403.12 13 -108 -0.06 0.06 190.43 -403.02 13 -108
190.43 -403.02 13 -108 -0.06 0.06 190.65 -402.93 10 -109
190.65 -402.93 10 -109 -0.06 0.06 190.95 -402.82 10 -109
190.95 -402.82 10 -109 -0.06 0.06 191.18 -402.72 10 -109
191.18 -402.72 10 -109 -0.06 0.06 191.4 -402.63 0 -98
191.4 -402.63 0 -98 -0.06 0.06 191.69 -402.45 0 -98
191.69 -402.45 0 -98 -0.06 0.06 191.99 -402.34 0 -98
191.99 -402.34 0 -98 -0.06 0.06 192.29 -402.24 11 -108
192.29 -402.24 11 -108 -0.06 0.06 192.66 -402.05 11 -108
192.66 -402.05 11 -108 -0.06 0.06 192.96 -401.95 11 -108
192.96 -401.95 11 -108 -0.06 0.06 193.26 -401.84 13 -108
193.26 -401.84 13 -108 -0.06 0.06 193.48 -401.75 13 -108
193.48 -401.75 13 -108 -0.06 0.06 193.71 -401.65 13 -108
193.71 -401.65 13 -108 -0.06 0.06 194.01 -401.55 11 -108
194.01 -401.55 11 -108 -0.06 0.06 194.3 -401.37 11 -108
194.3 -401.37 11 -108 -0.06 0.06 194.52 -401.19 11 -108
194.52 -401.19 11 -108 -0.06 0.06 194.73 -401.02 7 -113
194.73 -401.02 7 -113 -0.06 0.06 194.95 -400.85 7 -113
194.95 -400.85 7 -113 -0.06 0.06 195.17 -400.75 7 -113
195.17 -400.75 7 -113 -0.06 0.06 195.46 -400.57 -1 -101
195.46 -400.57 -1 -101 -0.06 0.06 195.76 -400.46 -1 -101
195.76 -400.46 -1 -101 -0.06 0.06 195.99 -400.37 -1 -101
195.99 -400.37 -1 -101 -0.06 0.06 196.21 -400.27 8 -95
196.21 -400.27 8 -95 -0.06 0.06 196.43 -400.1 8 -95
196.43 -400.1 8 -95 -0.06 0.06 196.72 -399.92 7 -100
196.72 -399.92 7 -100 -0.06 0.06 197.01 -399.74 7 -100
197.01 -399.74 7 -100 -0.06 0.06 197.31 -399.55 7 -100
197.31 -399.55 7 -100 -0.06 0.06 197.6 -399.45 12 -106
197.6 -399.45 12 -106 -0.06 0.06 197.9 -399.27 12 -106
197.9 -399.27 12 -106 -0.06 0.06 198.19 -399.09 12 -106
198.19 -399.09 12 -106 -0.06 0.06 198.56 -398.9 7 -105
198.56 -398.9 7 -105 -0.06 0.06 198.93 -398.72 7 -105
198.93 -398.72 7 -105 -0.06 0.06 199.23 -398.61 7 -105
199.23 -398.61 7 -105 -0.06 0.06 199.52 -398.43 -2 -101
199.52 -398.43 -2 -101 -0.06 0.06 199.89 -398.24 -2 -101
199.89 -398.24 -2 -101 -0.06 0.06 200.26 -398.06 -2 -101
200.26 -398.06 -2 -101 -0.06 0.06 200.71 -397.86 8 -86
200.71 -397.86 8 -86 -0.06 0.06 201.15 -397.67 8 -86
201.15 -397.67 8 -86 -0.06 0.06 201.6 -397.47 8 -86
201.6 -397.47 8 -86 -0.06 0.06 201.97 -397.29 4 -95
201.97 -397.29 4 -95 -0.06 0.06 202.34 -397.1 4 -95
202.34 -397.1 4 -95 -0.06 0.06 202.79 -396.98 4 -95
202.79 -396.98 4 -95 -0.06 0.06 203.32 -396.86 7 -95
203.32 -396.86 7 -95 -0.06 0.06 203.77 -396.74 7 -95
203.77 -396.74 7 -95 -0.06 0.06 204.15 -396.63 7 -95
204.15 -396.63 7 -95 -0.06 0.06 204.53 -396.52 5 -99
204.53 -396.52 5 -99 -0.06 0.06 204.9 -396.33 5 -99
204.9 -396.33 5 -99 -0.06 0.06 205.27 -396.22 5 -99
205.27 -396.22 5 -99 -0.06 0.06 205.64 -396.03 5 -99
205.64 -396.03 5 -99 -0.06 0.06 206.02 -395.92 5 -99
206.02 -395.92 5 -99 -0.06 0.06 206.32 -395.82 -3 -94
206.32 -395.82 -3 -94 -0.06 0.06 206.62 -395.72 -3 -94
206.62 -395.72 -3 -94 -0.06 0.06 207.07 -395.6 -3 -94
207.07 -395.6 -3 -94 -0.06 0.06 207.59 -395.4 7 -92
207.59 -395.4 7 -92 -0.06 0.06 208.12 -395.2 7 -92
208.12 -395.2 7 -92 -0.06 0.06 208.56 -395 7 -92
208.56 -395 7 -92 -0.06 0.06 209.09 -394.8 -1 -93
209.09 -394.8 -1 -93 -0.06 0.06 209.61 -394.6 -1 -93
209.61 -394.6 -1 -93 -0.06 0.06 210.28 -394.31 -1 -93
210.28 -394.31 -1 -93 -0.06 0.06 210.95 -394.1 4 -94
210.95 -394.1 4 -94 -0.06 0.06 211.62 -393.8 4 -94
211.62 -393.8 4 -94 -0.06 0.06 212.3 -393.59 4 -94
212.3 -393.59 4 -94 -0.06 0.06 212.9 -393.38 1 -91
212.9 -393.38 1 -91 -0.06 0.06 213.49 -393.1 1 -91
213.49 -393.1 1 -91 -0.06 0.06 214.24 -392.8 1 -91
214.24 -392.8 1 -91 -0.06 0.06 214.91 -392.51 -3 -89
214.91 -392.51 -3 -89 -0.06 0.06 215.5 -392.3 -3 -89
215.5 -392.3 -3 -89 -0.06 0.06 216.1 -392.09 -3 -89
216.1 -392.09 -3 -89 -0.06 0.06 216.77 -391.8 4 -78
216.77 -391.8 4 -78 -0.06 0.06 217.37 -391.52 4 -78
217.37 -391.52 4 -78 -0.06 0.06 218.03 -391.23 4 -78
218.03 -391.23 4 -78 -0.06 0.06 218.56 -391.03 8 -86
218.56 -391.03 8 -86 -0.06 0.06 219.15 -390.74 8 -86
219.15 -390.74 8 -86 -0.06 0.06 219.75 -390.54 11 -83
219.75 -390.54 11 -83 -0.06 0.06 220.34 -390.25 11 -83
220.34 -390.25 11 -83 -0.06 0.06 221.01 -389.96 11 -83
221.01 -389.96 11 -83 -0.06 0.06 221.76 -389.74 7 -84
221.76 -389.74 7 -84 -0.06 0.06 222.51 -389.44 7 -84
222.51 -389.44 7 -84 -0.06 0.06 223.18 -389.15 7 -84
223.18 -389.15 7 -84 -0.06 0.06 223.85 -388.86 -1 -82
223.85 -388.86 -1 -82 -0.06 0.06 224.52 -388.57 -1 -82
224.52 -388.57 -1 -82 -0.06 0.06 225.12 -388.36 -1 -82
225.12 -388.36 -1 -82 -0.06 0.06 225.86 -388.06 9 -88
225.86 -388.06 9 -88 -0.06 0.06 226.53 -387.77 9 -88
226.53 -387.77 9 -88 -0.06 0.06 227.28 -387.47 9 -88
227.28 -387.47 9 -88 -0.06 0.06 227.95 -387.26 7 -87
227.95 -387.26 7 -87 -0.06 0.06 228.55 -386.97 7 -87
228.55 -386.97 7 -87 -0.06 0.06 229.22 -386.76 7 -87
229.22 -386.76 7 -87 -0.06 0.06 229.9 -386.55 11 -83
229.9 -386.55 11 -83 -0.06 0.06 230.49 -386.26 11 -83
230.49 -386.26 11 -83 -0.06 0.06 231.01 -386.06 11 -83
231.01 -386.06 11 -83 -0.06 0.06 231.54 -385.86 6 -85
231.54 -385.86 6 -85 -0.06 0.06 232.06 -385.66 6 -85
232.06 -385.66 6 -85 -0.06 0.06 232.58 -385.46 6 -85
232.58 -385.46 6 -85 -0.06 0.06 233.18 -385.25 0 -84
233.18 -385.25 0 -84 -0.06 0.06 233.63 -385.13 0 -84
233.63 -385.13 0 -84 -0.06 0.06 234.09 -385.02 0 -84
234.09 -385.02 0 -84 -0.06 0.06 234.46 -384.9 0 -84
234.46 -384.9 0 -84 -0.06 0.06 234.84 -384.79 0 -84
234.84 -384.79 0 -84 -0.06 0.06 235.38 -384.82 10 -86
235.38 -384.82 10 -86 -0.06 0.06 236 -384.77 10 -86
236 -384.77 10 -86 -0.06 0.06 236.44 -384.57 10 -86
236.44 -384.57 10 -86 -0.06 0.06 236.96 -384.37 6 -86
236.96 -384.37 6 -86 -0.06 0.06 237.49 -384.17 6 -86
237.49 -384.17 6 -86 -0.06 0.06 238.16 -383.96 6 -86
238.16 -383.96 6 -86 -0.06 0.06 238.83 -383.67 9 -77
238.83 -383.67 9 -77 -0.06 0.06 239.5 -383.38 9 -77
239.5 -383.38 9 -77 -0.06 0.06 240.09 -383.09 9 -77
240.09 -383.09 9 -77 -0.06 0.06 240.76 -382.8 7 -67
240.76 -382.8 7 -67 -0.06 0.06 241.43 -382.51 7 -67
241.43 -382.51 7 -67 -0.06 0.06 242.18 -382.21 7 -67
242.18 -382.21 7 -67 -0.06 0.06 242.92 -381.84 0 -81
242.92 -381.84 0 -81 -0.06 0.06 243.57 -381.32 0 -81
243.57 -381.32 0 -81 -0.06 0.06 244.14 -380.8 0 -81
244.14 -380.8 0 -81 -0.06 0.06 244.81 -380.51 9 -84
244.81 -380.51 9 -84 -0.06 0.06 245.41 -380.3 9 -84
245.41 -380.3 9 -84 -0.06 0.06 246.01 -380.1 9 -84
246.01 -380.1 9 -84 -0.06 0.06 246.45 -379.83 9 -83
246.45 -379.83 9 -83 -0.06 0.06 247.11 -379.53 9 -83
247.11 -379.53 9 -83 -0.06 0.06 247.71 -379.25 9 -83
247.71 -379.25 9 -83 -0.06 0.06 248.3 -378.97 12 -83
248.3 -378.97 12 -83 -0.06 0.06 248.89 -378.68 12 -83
248.89 -378.68 12 -83 -0.06 0.06 249.49 -378.4 7 -67
249.49 -378.4 7 -67 -0.06 0.06 250.08 -378.11 7 -67
250.08 -378.11 7 -67 -0.06 0.06 250.75 -377.82 7 -67
250.75 -377.82 7 -67 -0.06 0.06 251.34 -377.54 0 -84
251.34 -377.54 0 -84 -0.06 0.06 251.94 -377.33 0 -84
251.94 -377.33 0 -84 -0.06 0.06 252.53 -377.05 0 -84
252.53 -377.05 0 -84 -0.06 0.06 253.12 -376.76 6 -82
253.12 -376.76 6 -82 -0.06 0.06 253.71 -376.4 6 -82
253.71 -376.4 6 -82 -0.06 0.06 254.3 -376.12 6 -82
254.3 -376.12 6 -82 -0.06 0.06 254.67 -375.93 9 -80
254.67 -375.93 9 -80 -0.06 0.06 255.12 -375.73 9 -80
255.12 -375.73 9 -80 -0.06 0.06 255.71 -375.45 9 -80
255.71 -375.45 9 -80 -0.06 0.06 256.16 -375.26 12 -87
256.16 -375.26 12 -87 -0.06 0.06 256.75 -374.97 12 -87
256.75 -374.97 12 -87 -0.06 0.06 257.27 -374.69 12 -87
257.27 -374.69 12 -87 -0.06 0.06 257.86 -374.41 7 -71
257.86 -374.41 7 -71 -0.06 0.06 258.45 -374.13 7 -71
258.45 -374.13 7 -71 -0.06 0.06 258.97 -373.85 7 -71
258.97 -373.85 7 -71 -0.06 0.06 259.56 -373.56 11 -82
259.56 -373.56 11 -82 -0.06 0.06 260.07 -373.21 11 -82
260.07 -373.21 11 -82 -0.06 0.06 260.66 -372.93 11 -82
260.66 -372.93 11 -82 -0.06 0.06 261.25 -372.64 12 -83
261.25 -372.64 12 -83 -0.06 0.06 261.92 -372.35 12 -83
261.92 -372.35 12 -83 -0.06 0.06 262.51 -372.07 9 -83
262.51 -372.07 9 -83 -0.06 0.06 262.95 -371.8 9 -83
262.95 -371.8 9 -83 -0.06 0.06 263.54 -371.43 9 -83
263.54 -371.43 9 -83 -0.06 0.06 264.06 -371.16 11 -84
264.06 -371.16 11 -84 -0.06 0.06 264.57 -370.88 11 -84
264.57 -370.88 11 -84 -0.06 0.06 265.01 -370.61 11 -84
265.01 -370.61 11 -84 -0.06 0.06 265.53 -370.33 8 -81
265.53 -370.33 8 -81 -0.06 0.06 266.04 -369.98 8 -81
266.04 -369.98 8 -81 -0.06 0.06 266.47 -369.63 8 -81
266.47 -369.63 8 -81 -0.06 0.06 267.06 -369.35 -2 -83
267.06 -369.35 -2 -83 -0.06 0.06 267.58 -369.07 -2 -83
267.58 -369.07 -2 -83 -0.06 0.06 268.09 -368.79 -2 -83
268.09 -368.79 -2 -83 0.06 -0.06 268.53 -368.52 10 -83
268.53 -368.52 10 -83 0.06 -0.06 268.97 -368.25 10 -83
268.97 -368.25 10 -83 0.06 -0.06 269.42 -368.06 10 -83
269.42 -368.06 10 -83 0.06 -0.06 269.86 -367.86 10 -82
269.86 -367.86 10 -82 0.06 -0.06 270.23 -367.67 10 -82
270.23 -367.67 10 -82 0.06 -0.06 270.53 -367.49 10 -82
270.53 -367.49 10 -82 0.06 -0.06 270.75 -367.4 9 -86
270.75 -367.4 9 -86 0.06 -0.06 270.9 -367.31 9 -86
270.9 -367.31 9 -86 0.06 -0.06 271.05 -367.29 9 -86
271.05 -367.29 9 -86 0.06 -0.06 271.2 -367.28 27 -66
271.2 -367.28 27 -66 0.06 -0.06 271.28 -367.27 27 -66
271.28 -367.27 27 -66 0.06 -0.06 271.28 -367.27 29 -66
271.28 -367.27 29 -66 0.06 -0.06 271.28 -367.27 29 -66
271.28 -367.27 29 -66 0.06 -0.06 271.28 -367.27 29 -66
271.28 -367.27 29 -66 0.06 -0.06 271.28 -367.27 35 -43
271.28 -367.27 35 -43 0.06 -0.06 271.28 -367.27 35 -43
271.28 -367.27 35 -43 0.06 -0.06 271.2 -367.28 35 -43
271.2 -367.28 35 -43 0.06 -0.06 271.13 -367.29 43 -42
271.13 -367.29 43 -42 0.06 -0.06 271.13 -367.29 43 -42
271.13 -367.29 43 -42 0.06 -0.06 271.13 -367.29 43 -42
271.13 -367.29 43 -42 0.06 -0.06 271.13 -367.29 42 -20
271.13 -367.29 42 -20 0.06 -0.06 271.13 -367.29 42 -20
271.13 -367.29 42 -20 0.06 -0.06 271.13 -367.29 42 -20
271.13 -367.29 42 -20 0.06 -0.06 271.13 -367.29 44 -8
271.13 -367.29 44 -8 0.06 -0.06 271.13 -367.29 44 -8
271.13 -367.29 44 -8 0.06 -0.06 271.13 -367.29 44 -8
271.13 -367.29 44 -8 0.06 -0.06 271.13 -367.29 45 -20
271.13 -367.29 45 -20 0.06 -0.06 271.13 -367.29 45 -20
271.13 -367.29 45 -20 0.06 -0.06 271.06 -367.37 45 -20
271.06 -367.37 45 -20 0.06 -0.06 270.99 -367.45 49 -4
270.99 -367.45 49 -4 0.06 -0.06 270.91 -367.46 49 -4
270.91 -367.46 49 -4 0.06 -0.06 270.76 -367.47 49 -4
270.76 -367.47 49 -4 0.06 -0.06 270.68 -367.48 58 -19
270.68 -367.48 58 -19 0.06 -0.06 270.6 -367.49 58 -19
270.6 -367.49 58 -19 0.06 -0.06 270.46 -367.58 58 -19
270.46 -367.58 58 -19 0.06 -0.06 270.23 -367.67 57 -5
270.23 -367.67 57 -5 0.06 -0.06 270.01 -367.77 57 -5
270.01 -367.77 57 -5 0.06 -0.06 269.79 -367.94 60 0
269.79 -367.94 60 0 0.06 -0.06 269.42 -368.13 60 0
269.42 -368.13 60 0 0.06 -0.06 269.06 -368.32 60 0
269.06 -368.32 60 0 0.06 -0.06 268.62 -368.59 61 -20
268.62 -368.59 61 -20 0.06 -0.06 268.25 -368.78 61 -20
268.25 -368.78 61 -20 0.06 -0.06 267.88 -368.96 61 -20
267.88 -368.96 61 -20 0.06 -0.06 267.51 -369.23 67 -6
267.51 -369.23 67 -6 0.06 -0.06 267.15 -369.49 67 -6
267.15 -369.49 67 -6 0.06 -0.06 266.64 -369.85 67 -6
266.64 -369.85 67 -6 0.06 -0.06 266.13 -370.12 60 -21
266.13 -370.12 60 -21 0.06 -0.06 265.61 -370.4 60 -21
265.61 -370.4 60 -21 0.06 -0.06 265.17 -370.67 60 -21
265.17 -370.67 60 -21 0.06 -0.06 264.66 -370.95 60 -5
264.66 -370.95 60 -5 0.06 -0.06 264.14 -371.23 60 -5
264.14 -371.23 60 -5 0.06 -0.06 263.78 -371.49 60 -5
263.78 -371.49 60 -5 0.06 -0.06 263.26 -371.77 60 0
263.26 -371.77 60 0 0.06 -0.06 262.82 -372.04 60 0
262.82 -372.04 60 0 0.06 -0.06 262.31 -372.32 60 0
262.31 -372.32 60 0 0.06 -0.06 261.79 -372.59 51 -14
261.79 -372.59 51 -14 0.06 -0.06 261.27 -372.87 51 -14
261.27 -372.87 51 -14 0.06 -0.06 260.76 -373.15 51 -14
260.76 -373.15 51 -14 0.06 -0.06 260.24 -373.43 58 0
260.24 -373.43 58 0 0.06 -0.06 259.66 -373.79 58 0
259.66 -373.79 58 0 0.06 -0.06 259.14 -374.06 61 -16
259.14 -374.06 61 -16 0.06 -0.06 258.62 -374.34 61 -16
258.62 -374.34 61 -16 0.06 -0.06 258.03 -374.63 61 -16
258.03 -374.63 61 -16 0.06 -0.06 257.43 -374.83 60 -8
257.43 -374.83 60 -8 0.06 -0.06 256.84 -375.12 60 -8
256.84 -375.12 60 -8 0.06 -0.06 256.4 -375.39 60 -8
256.4 -375.39 60 -8 0.06 -0.06 255.95 -375.58 60 0
255.95 -375.58 60 0 0.06 -0.06 255.51 -375.78 60 0
255.51 -375.78 60 0 0.06 -0.06 254.99 -375.98 60 0
254.99 -375.98 60 0 0.06 -0.06 254.47 -376.26 47 -14
254.47 -376.26 47 -14 0.06 -0.06 254.03 -376.53 47 -14
254.03 -376.53 47 -14 0.06 -0.06 253.51 -376.73 47 -14
253.51 -376.73 47 -14 0.06 -0.06 253.06 -376.92 59 0
253.06 -376.92 59 0 0.06 -0.06 252.62 -377.19 59 0
252.62 -377.19 59 0 0.06 -0.06 252.11 -377.47 59 0
252.11 -377.47 59 0 0.06 -0.06 251.74 -377.73 60 -5
251.74 -377.73 60 -5 0.06 -0.06 251.38 -378 60 -5
251.38 -378 60 -5 0.06 -0.06 250.93 -378.19 60 -5
250.93 -378.19 60 -5 0.06 -0.06 250.49 -378.39 60 -18
250.49 -378.39 60 -18 0.06 -0.06 249.97 -378.59 60 -18
249.97 -378.59 60 -18 0.06 -0.06 249.52 -378.78 60 -18
249.52 -378.78 60 -18 0.06 -0.06 249.08 -379.05 61 0
249.08 -379.05 61 0 0.06 -0.06 248.56 -379.25 61 0
248.56 -379.25 61 0 0.06 -0.06 247.96 -379.54 53 -16
247.96 -379.54 53 -16 0.06 -0.06 247.53 -379.81 53 -16
247.53 -379.81 53 -16 0.06 -0.06 247.09 -380.08 53 -16
247.09 -380.08 53 -16 0.06 -0.06 246.56 -380.28 54 0
246.56 -380.28 54 0 0.06 -0.06 246.04 -380.48 54 0
246.04 -380.48 54 0 0.06 -0.06 245.52 -380.68 54 0
245.52 -380.68 54 0 0.06 -0.06 244.92 -380.89 60 -11
244.92 -380.89 60 -11 0.06 -0.06 244.4 -381.16 60 -11
244.4 -381.16 60 -11 0.06 -0.06 243.89 -381.44 60 -11
243.89 -381.44 60 -11 0.06 -0.06 243.37 -381.72 60 -9
243.37 -381.72 60 -9 0.06 -0.06 242.85 -382 60 -9
242.85 -382 60 -9 0.06 -0.06 242.41 -382.19 60 -9
242.41 -382.19 60 -9 0.06 -0.06 241.96 -382.39 61 0
241.96 -382.39 61 0 0.06 -0.06 241.52 -382.58 61 0
241.52 -382.58 61 0 0.06 -0.06 241.07 -382.77 61 0
241.07 -382.77 61 0 0.06 -0.06 240.55 -382.97 58 -10
240.55 -382.97 58 -10 0.06 -0.06 240.1 -383.17 58 -10
240.1 -383.17 58 -10 0.06 -0.06 239.65 -383.36 58 -10
239.65 -383.36 58 -10 0.06 -0.06 239.22 -383.63 63 0
239.22 -383.63 63 0 0.06 -0.06 238.78 -383.9 63 0
238.78 -383.9 63 0 0.06 -0.06 238.33 -384.1 63 0
238.33 -384.1 63 0 0.06 -0.06 237.88 -384.29 71 -11
237.88 -384.29 71 -11 0.06 -0.06 237.44 -384.56 71 -11
237.44 -384.56 71 -11 0.06 -0.06 237 -384.76 71 -11
237 -384.76 71 -11 0.06 -0.06 236.48 -385.03 71 -8
236.48 -385.03 71 -8 0.06 -0.06 235.97 -385.31 71 -8
235.97 -385.31 71 -8 0.06 -0.06 235.52 -385.51 69 0
235.52 -385.51 69 0 0.06 -0.06 235 -385.71 69 0
235 -385.71 69 0 0.06 -0.06 234.55 -385.9 69 0
234.55 -385.9 69 0 0.06 -0.06 234.03 -386.1 58 -2
234.03 -386.1 58 -2 0.06 -0.06 233.58 -386.3 58 -2
233.58 -386.3 58 -2 0.06 -0.06 233.14 -386.49 58 -2
233.14 -386.49 58 -2 0.06 -0.06 232.69 -386.68 72 0
232.69 -386.68 72 0 0.06 -0.06 232.24 -386.88 72 0
232.24 -386.88 72 0 0.06 -0.06 231.72 -387.08 72 0
231.72 -387.08 72 0 0.06 -0.06 231.27 -387.2 73 -17
231.27 -387.2 73 -17 0.06 -0.06 230.75 -387.47 73 -17
230.75 -387.47 73 -17 0.06 -0.06 230.31 -387.67 73 -17
230.31 -387.67 73 -17 0.06 -0.06 229.86 -387.86 73 -14
229.86 -387.86 73 -14 0.06 -0.06 229.34 -388.06 73 -14
229.34 -388.06 73 -14 0.06 -0.06 228.89 -388.26 73 -14
228.89 -388.26 73 -14 0.06 -0.06 228.37 -388.46 73 0
228.37 -388.46 73 0 0.06 -0.06 227.93 -388.73 73 0
227.93 -388.73 73 0 0.06 -0.06 227.49 -389 73 0
227.49 -389 73 0 0.06 -0.06 226.97 -389.2 59 -19
226.97 -389.2 59 -19 0.06 -0.06 226.52 -389.39 59 -19
226.52 -389.39 59 -19 0.06 -0.06 226 -389.59 59 -19
226 -389.59 59 -19 0.06 -0.06 225.55 -389.79 69 0
225.55 -389.79 69 0 0.06 -0.06 224.96 -390.07 69 0
224.96 -390.07 69 0 0.06 -0.06 224.44 -390.27 74 -7
224.44 -390.27 74 -7 0.06 -0.06 223.91 -390.47 74 -7
223.91 -390.47 74 -7 0.06 -0.06 223.39 -390.68 74 -7
223.39 -390.68 74 -7 0.06 -0.06 222.95 -390.87 75 0
222.95 -390.87 75 0 0.06 -0.06 222.42 -391.07 75 0
222.42 -391.07 75 0 0.06 -0.06 221.98 -391.26 75 0
221.98 -391.26 75 0 0.06 -0.06 221.53 -391.46 73 0
221.53 -391.46 73 0 0.06 -0.06 221.01 -391.66 73 0
221.01 -391.66 73 0 0.06 -0.06 220.56 -391.85 73 0
220.56 -391.85 73 0 0.06 -0.06 220.04 -392.05 64 -13
220.04 -392.05 64 -13 0.06 -0.06 219.59 -392.25 64 -13
219.59 -392.25 64 -13 0.06 -0.06 218.99 -392.46 64 -13
218.99 -392.46 64 -13 0.06 -0.06 218.55 -392.65 74 0
218.55 -392.65 74 0 0.06 -0.06 218.1 -392.84 74 0
218.1 -392.84 74 0 0.06 -0.06 217.58 -393.04 74 0
217.58 -393.04 74 0 0.06 -0.06 217.13 -393.24 76 -11
217.13 -393.24 76 -11 0.06 -0.06 216.61 -393.44 76 -11
216.61 -393.44 76 -11 0.06 -0.06 216.16 -393.63 76 -11
216.16 -393.63 76 -11 0.06 -0.06 215.64 -393.83 75 -4
215.64 -393.83 75 -4 0.06 -0.06 215.12 -394.04 75 -4
215.12 -394.04 75 -4 0.06 -0.06 214.59 -394.16 75 -4
214.59 -394.16 75 -4 0.06 -0.06 213.99 -394.37 80 0
213.99 -394.37 80 0 0.06 -0.06 213.46 -394.49 80 0
213.46 -394.49 80 0 0.06 -0.06 212.94 -394.69 66 -9
212.94 -394.69 66 -9 0.06 -0.06 212.49 -394.89 66 -9
212.49 -394.89 66 -9 0.06 -0.06 212.04 -395 66 -9
212.04 -395 66 -9 0.06 -0.06 211.51 -395.13 78 0
211.51 -395.13 78 0 0.06 -0.06 211.06 -395.25 78 0
211.06 -395.25 78 0 0.06 -0.06 210.53 -395.37 78 0
210.53 -395.37 78 0 0.06 -0.06 210 -395.49 81 -3
210 -395.49 81 -3 0.06 -0.06 209.47 -395.69 81 -3
209.47 -395.69 81 -3 0.06 -0.06 208.95 -395.9 81 -3
208.95 -395.9 81 -3 0.06 -0.06 208.42 -396.02 81 0
208.42 -396.02 81 0 0.06 -0.06 207.9 -396.3 81 0
207.9 -396.3 81 0 0.06 -0.06 207.45 -396.41 81 0
207.45 -396.41 81 0 0.06 -0.06 206.94 -396.69 76 0
206.94 -396.69 76 0 0.06 -0.06 206.41 -396.82 76 0
206.41 -396.82 76 0 0.06 -0.06 205.88 -397.02 76 0
205.88 -397.02 76 0 0.06 -0.06 205.28 -397.22 67 -13
205.28 -397.22 67 -13 0.06 -0.06 204.76 -397.43 67 -13
204.76 -397.43 67 -13 0.06 -0.06 204.16 -397.63 67 -13
204.16 -397.63 67 -13 0.06 -0.06 203.56 -397.84 76 1
203.56 -397.84 76 1 0.06 -0.06 203.04 -398.04 76 1
203.04 -398.04 76 1 0.06 -0.06 202.43 -398.17 76 1
202.43 -398.17 76 1 0.06 -0.06 201.9 -398.3 81 -13
201.9 -398.3 81 -13 0.06 -0.06 201.31 -398.5 81 -13
201.31 -398.5 81 -13 0.06 -0.06 200.7 -398.64 81 -13
200.7 -398.64 81 -13 0.06 -0.06 200.1 -398.84 80 0
200.1 -398.84 80 0 0.06 -0.06 199.49 -398.97 80 0
199.49 -398.97 80 0 0.06 -0.06 198.89 -399.18 79 0
198.89 -399.18 79 0 0.06 -0.06 198.36 -399.31 79 0
198.36 -399.31 79 0 0.06 -0.06 197.83 -399.43 79 0
197.83 -399.43 79 0 0.06 -0.06 197.23 -399.56 68 -15
197.23 -399.56 68 -15 0.06 -0.06 196.71 -399.76 68 -15
196.71 -399.76 68 -15 0.06 -0.06 196.18 -399.96 68 -15
196.18 -399.96 68 -15 0.06 -0.06 195.58 -400.17 76 0
195.58 -400.17 76 0 0.06 -0.06 195.06 -400.37 76 0
195.06 -400.37 76 0 0.06 -0.06 194.46 -400.58 76 0
194.46 -400.58 76 0 0.06 -0.06 193.86 -400.71 80 -2
193.86 -400.71 80 -2 0.06 -0.06 193.33 -400.83 80 -2
193.33 -400.83 80 -2 0.06 -0.06 192.73 -401.04 80 -2
192.73 -401.04 80 -2 0.06 -0.06 192.2 -401.24 80 -4
192.2 -401.24 80 -4 0.06 -0.06 191.53 -401.46 80 -4
191.53 -401.46 80 -4 0.06 -0.06 190.85 -401.67 80 -4
190.85 -401.67 80 -4 0.06 -0.06 190.18 -401.89 80 0
190.18 -401.89 80 0 0.06 -0.06 189.58 -402.09 80 0
189.58 -402.09 80 0 0.06 -0.06 188.89 -402.23 80 0
188.89 -402.23 80 0 0.06 -0.06 188.21 -402.37 68 -6
188.21 -402.37 68 -6 0.06 -0.06 187.6 -402.5 68 -6
187.6 -402.5 68 -6 0.06 -0.06 186.92 -402.64 68 -6
186.92 -402.64 68 -6 0.06 -0.06 186.32 -402.77 77 0
186.32 -402.77 77 0 0.06 -0.06 185.71 -402.9 77 0
185.71 -402.9 77 0 0.06 -0.06 185.03 -403.04 74 -15
185.03 -403.04 74 -15 0.06 -0.06 184.42 -403.17 74 -15
184.42 -403.17 74 -15 0.06 -0.06 183.81 -403.3 74 -15
183.81 -403.3 74 -15 0.06 -0.06 183.28 -403.43 74 0
183.28 -403.43 74 0 0.06 -0.06 182.68 -403.56 74 0
182.68 -403.56 74 0 0.06 -0.06 182.15 -403.68 74 0
182.15 -403.68 74 0 0.06 -0.06 181.62 -403.8 77 0
181.62 -403.8 77 0 0.06 -0.06 181.09 -403.93 77 0
181.09 -403.93 77 0 0.06 -0.06 180.56 -404.05 77 0
180.56 -404.05 77 0 0.06 -0.06 179.96 -404.26 74 -13
179.96 -404.26 74 -13 0.06 -0.06 179.43 -404.38 74 -13
179.43 -404.38 74 -13 0.06 -0.06 178.83 -404.52 74 -13
178.83 -404.52 74 -13 0.06 -0.06 178.3 -404.64 81 0
178.3 -404.64 81 0 0.06 -0.06 177.77 -404.84 81 0
177.77 -404.84 81 0 0.06 -0.06 177.17 -404.97 81 0
177.17 -404.97 81 0 0.06 -0.06 176.56 -405.1 78 -13
176.56 -405.1 78 -13 0.06 -0.06 175.95 -405.23 78 -13
175.95 -405.23 78 -13 0.06 -0.06 175.42 -405.36 78 -13
175.42 -405.36 78 -13 0.06 -0.06 174.82 -405.49 76 0
174.82 -405.49 76 0 0.06 -0.06 174.21 -405.62 76 0
174.21 -405.62 76 0 0.06 -0.06 173.68 -405.74 76 0
173.68 -405.74 76 0 0.06 -0.06 173.08 -405.88 80 0
173.08 -405.88 80 0 0.06 -0.06 172.55 -406 80 0
172.55 -406 80 0 0.06 -0.06 171.94 -406.13 77 -15
171.94 -406.13 77 -15 0.06 -0.06 171.34 -406.26 77 -15
171.34 -406.26 77 -15 0.06 -0.06 170.73 -406.39 77 -15
170.73 -406.39 77 -15 0.06 -0.06 170.2 -406.52 80 0
170.2 -406.52 80 0 0.06 -0.06 169.67 -406.64 80 0
169.67 -406.64 80 0 0.06 -0.06 169.14 -406.77 80 0
169.14 -406.77 80 0 0.06 -0.06 168.61 -406.89 80 -9
168.61 -406.89 80 -9 0.06 -0.06 168.08 -407.01 80 -9
168.08 -407.01 80 -9 0.06 -0.06 167.55 -407.14 80 -9
167.55 -407.14 80 -9 0.06 -0.06 166.95 -407.27 80 0
166.95 -407.27 80 0 0.06 -0.06 166.26 -407.41 80 0
166.26 -407.41 80 0 0.06 -0.06 165.73 -407.53 80 0
165.73 -407.53 80 0 0.06 -0.06 165.12 -407.59 81 0
165.12 -407.59 81 0 0.06 -0.06 164.51 -407.72 81 0
164.51 -407.72 81 0 0.06 -0.06 163.98 -407.84 81 0
163.98 -407.84 81 0 0.06 -0.06 163.38 -407.97 70 -1
163.38 -407.97 70 -1 0.06 -0.06 162.77 -408.03 70 -1
162.77 -408.03 70 -1 0.06 -0.06 162.16 -408.16 70 -1
162.16 -408.16 70 -1 0.06 -0.06 161.55 -408.21 80 0
161.55 -408.21 80 0 0.06 -0.06 160.94 -408.34 80 0
160.94 -408.34 80 0 0.06 -0.06 160.26 -408.48 80 0
160.26 -408.48 80 0 0.06 -0.06 159.64 -408.54 88 -3
159.64 -408.54 88 -3 0.06 -0.06 159.04 -408.67 88 -3
159.04 -408.67 88 -3 0.06 -0.06 158.5 -408.71 88 -3
158.5 -408.71 88 -3 0.06 -0.06 157.9 -408.84 88 0
157.9 -408.84 88 0 0.06 -0.06 157.29 -408.98 88 0
157.29 -408.98 88 0 0.06 -0.06 156.76 -409.1 88 0
156.76 -409.1 88 0 0.06 -0.06 156.15 -409.23 88 0
156.15 -409.23 88 0 0.06 -0.06 155.62 -409.36 88 0
155.62 -409.36 88 0 0.06 -0.06 155.02 -409.49 70 -7
155.02 -409.49 70 -7 0.06 -0.06 154.48 -409.53 70 -7
154.48 -409.53 70 -7 0.06 -0.06 153.95 -409.66 70 -7
153.95 -409.66 70 -7 0.06 -0.06 153.42 -409.71 81 0
153.42 -409.71 81 0 0.06 -0.06 152.88 -409.75 81 0
152.88 -409.75 81 0 0.06 -0.06 152.27 -409.88 81 0
152.27 -409.88 81 0 0.06 -0.06 151.74 -409.93 88 -15
151.74 -409.93 88 -15 0.06 -0.06 151.13 -410.06 88 -15
151.13 -410.06 88 -15 0.06 -0.06 150.59 -410.11 88 -15
150.59 -410.11 88 -15 0.06 -0.06 150.13 -410.15 87 0
150.13 -410.15 87 0 0.06 -0.06 149.6 -410.2 87 0
149.6 -410.2 87 0 0.06 -0.06 149.06 -410.25 87 0
149.06 -410.25 87 0 0.06 -0.06 148.45 -410.3 92 0
148.45 -410.3 92 0 0.06 -0.06 147.84 -410.36 92 0
147.84 -410.36 92 0 0.06 -0.06 147.22 -410.41 92 0
147.22 -410.41 92 0 0.06 -0.06 146.53 -410.47 79 0
146.53 -410.47 79 0 0.06 -0.06 145.92 -410.53 79 0
145.92 -410.53 79 0 0.06 -0.06 145.31 -410.58 79 0
145.31 -410.58 79 0 0.06 -0.06 144.77 -410.63 87 0
144.77 -410.63 87 0 0.06 -0.06 144.16 -410.68 87 0
144.16 -410.68 87 0 0.06 -0.06 143.62 -410.73 86 -10
143.62 -410.73 86 -10 0.06 -0.06 143.01 -410.78 86 -10
143.01 -410.78 86 -10 0.06 -0.06 142.4 -410.84 86 -10
142.4 -410.84 86 -10 0.06 -0.06 141.86 -410.89 86 0
141.86 -410.89 86 0 0.06 -0.06 141.32 -410.93 86 0
141.32 -410.93 86 0 0.06 -0.06 140.79 -411.06 86 0
140.79 -411.06 86 0 0.06 -0.06 140.33 -411.1 88 0
140.33 -411.1 88 0 0.06 -0.06 139.8 -411.22 88 0
139.8 -411.22 88 0 0.06 -0.06 139.34 -411.26 88 0
139.34 -411.26 88 0 0.06 -0.06 138.81 -411.31 81 0
138.81 -411.31 81 0 0.06 -0.06 138.27 -411.36 81 0
138.27 -411.36 81 0 0.06 -0.06 137.74 -411.41 81 0
137.74 -411.41 81 0 0.06 -0.06 137.2 -411.45 89 0
137.2 -411.45 89 0 0.06 -0.06 136.67 -411.58 89 0
136.67 -411.58 89 0 0.06 -0.06 136.14 -411.7 89 0
136.14 -411.7 89 0 0.06 -0.06 135.6 -411.75 90 -12
135.6 -411.75 90 -12 0.06 -0.06 135 -411.88 90 -12
135 -411.88 90 -12 0.06 -0.06 134.39 -412.01 90 -12
134.39 -412.01 90 -12 0.06 -0.06 133.85 -412.06 88 -2
133.85 -412.06 88 -2 0.06 -0.06 133.33 -412.18 88 -2
133.33 -412.18 88 -2 0.06 -0.06 132.79 -412.23 88 -2
132.79 -412.23 88 -2 0.06 -0.06 132.26 -412.36 88 0
132.26 -412.36 88 0 0.06 -0.06 131.73 -412.48 88 0
131.73 -412.48 88 0 0.06 -0.06 131.28 -412.6 84 0
131.28 -412.6 84 0 0.06 -0.06 130.74 -412.65 84 0
130.74 -412.65 84 0 0.06 -0.06 130.28 -412.69 84 0
130.28 -412.69 84 0 0.06 -0.06 129.74 -412.73 88 1
129.74 -412.73 88 1 0.06 -0.06 129.21 -412.78 88 1
129.21 -412.78 88 1 0.06 -0.06 128.68 -412.91 88 1
128.68 -412.91 88 1 0.06 -0.06 128.14 -412.95 88 0
128.14 -412.95 88 0 0.06 -0.06 127.68 -412.99 88 0
127.68 -412.99 88 0 0.06 -0.06 127.15 -413.04 88 0
127.15 -413.04 88 0 0.06 -0.06 126.61 -413.09 88 0
126.61 -413.09 88 0 0.06 -0.06 126.07 -413.14 88 0
126.07 -413.14 88 0 0.06 -0.06 125.53 -413.11 88 0
125.53 -413.11 88 0 0.06 -0.06 124.99 -413.08 88 0
124.99 -413.08 88 0 0.06 -0.06 124.37 -413.13 88 0
124.37 -413.13 88 0 0.06 -0.06 123.92 -413.25 88 0
123.92 -413.25 88 0 0.06 -0.06 123.38 -413.3 77 -1
123.38 -413.3 77 -1 0.06 -0.06 122.85 -413.35 77 -1
122.85 -413.35 77 -1 0.06 -0.06 122.31 -413.32 77 -1
122.31 -413.32 77 -1 0.06 -0.06 121.76 -413.29 88 2
121.76 -413.29 88 2 0.06 -0.06 121.3 -413.33 88 2
121.3 -413.33 88 2 0.06 -0.06 120.77 -413.38 88 2
120.77 -413.38 88 2 0.06 -0.06 120.22 -413.35 89 0
120.22 -413.35 89 0 0.06 -0.06 119.69 -413.39 89 0
119.69 -413.39 89 0 0.06 -0.06 119.14 -413.37 89 0
119.14 -413.37 89 0 0.06 -0.06 118.53 -413.42 88 0
118.53 -413.42 88 0 0.06 -0.06 118 -413.54 88 0
118 -413.54 88 0 0.06 -0.06 117.54 -413.59 95 0
117.54 -413.59 95 0 0.06 -0.06 116.92 -413.56 95 0
116.92 -413.56 95 0 0.06 -0.06 116.38 -413.61 95 0
116.38 -413.61 95 0 0.06 -0.06 115.93 -413.65 79 -2
115.93 -413.65 79 -2 0.06 -0.06 115.47 -413.77 79 -2
115.47 -413.77 79 -2 0.06 -0.06 114.94 -413.89 79 -2
114.94 -413.89 79 -2 0.06 -0.06 114.41 -413.94 87 0
114.41 -413.94 87 0 0.06 -0.06 113.86 -413.91 87 0
113.86 -413.91 87 0 0.06 -0.06 113.33 -413.96 87 0
113.33 -413.96 87 0 0.06 -0.06 112.78 -413.93 92 0
112.78 -413.93 92 0 0.06 -0.06 112.25 -413.98 92 0
112.25 -413.98 92 0 0.06 -0.06 111.71 -414.03 92 0
111.71 -414.03 92 0 0.06 -0.06 111.17 -414 94 1
111.17 -414 94 1 0.06 -0.06 110.55 -413.97 94 1
110.55 -413.97 94 1 0.06 -0.06 109.94 -414.03 94 1
109.94 -414.03 94 1 0.06 -0.06 109.25 -414.09 95 0
109.25 -414.09 95 0 0.06 -0.06 108.55 -414.07 95 0
108.55 -414.07 95 0 0.06 -0.06 107.85 -414.06 95 0
107.85 -414.06 95 0 0.06 -0.06 107.23 -414.04 86 0
107.23 -414.04 86 0 0.06 -0.06 106.54 -414.02 86 0
106.54 -414.02 86 0 0.06 -0.06 105.92 -414.08 86 0
105.92 -414.08 86 0 0.06 -0.06 105.39 -414.12 87 1
105.39 -414.12 87 1 0.06 -0.06 104.77 -414.18 87 1
104.77 -414.18 87 1 0.06 -0.06 104.24 -414.23 94 -2
104.24 -414.23 94 -2 0.06 -0.06 103.78 -414.27 94 -2
103.78 -414.27 94 -2 0.06 -0.06 103.24 -414.31 94 -2
103.24 -414.31 94 -2 -0.06 0.06 102.71 -414.36 94 3
102.71 -414.36 94 3 -0.06 0.06 102.25 -414.4 94 3
102.25 -414.4 94 3 -0.06 0.06 101.86 -414.44 94 3
101.86 -414.44 94 3 -0.06 0.06 101.48 -414.47 95 0
101.48 -414.47 95 0 -0.06 0.06 101.17 -414.5 95 0
101.17 -414.5 95 0 -0.06 0.06 100.87 -414.52 95 0
100.87 -414.52 95 0 -0.06 0.06 100.64 -414.55 80 0
100.64 -414.55 80 0 -0.06 0.06 100.41 -414.57 80 0
100.41 -414.57 80 0 -0.06 0.06 100.18 -414.59 80 0
100.18 -414.59 80 0 -0.06 0.06 100.02 -414.6 79 -21
100.02 -414.6 79 -21 -0.06 0.06 99.87 -414.61 79 -21
99.87 -414.61 79 -21 -0.06 0.06 99.717 -414.63 79 -21
99.717 -414.63 79 -21 -0.06 0.06 99.641 -414.63 57 -22
99.641 -414.63 57 -22 -0.06 0.06 99.641 -414.63 57 -22
99.641 -414.63 57 -22 -0.06 0.06 99.641 -414.63 57 -22
99.641 -414.63 57 -22 -0.06 0.06 99.641 -414.63 58 -32
99.641 -414.63 58 -32 -0.06 0.06 99.641 -414.63 58 -32
99.641 -414.63 58 -32 -0.06 0.06 99.641 -414.63 58 -32
99.641 -414.63 58 -32 -0.06 0.06 99.641 -414.63 31 -34
99.641 -414.63 31 -34 -0.06 0.06 99.641 -414.63 31 -34
99.641 -414.63 31 -34 -0.06 0.06 99.641 -414.63 28 -44
99.641 -414.63 28 -44 -0.06 0.06 99.641 -414.63 28 -44
99.641 -414.63 28 -44 -0.06 0.06 99.641 -414.63 28 -44
99.641 -414.63 28 -44 -0.06 0.06 99.641 -414.63 28 -51
99.641 -414.63 28 -51 -0.06 0.06 99.641 -414.63 28 -51
99.641 -414.63 28 -51 -0.06 0.06 99.641 -414.63 28 -51
99.641 -414.63 28 -51 -0.06 0.06 99.641 -414.63 22 -47
99.641 -414.63 22 -47 -0.06 0.06 99.641 -414.63 22 -47
99.641 -414.63 22 -47 -0.06 0.06 99.634 -414.56 22 -47
99.634 -414.56 22 -47 -0.06 0.06 99.71 -414.55 27 -54
99.71 -414.55 27 -54 -0.06 0.06 99.71 -414.55 27 -54
99.71 -414.55 27 -54 -0.06 0.06 99.71 -414.55 27 -54
99.71 -414.55 27 -54 -0.06 0.06 99.787 -414.54 17 -50
99.787 -414.54 17 -50 -0.06 0.06 99.864 -414.54 17 -50
99.864 -414.54 17 -50 -0.06 0.06 99.94 -414.53 17 -50
99.94 -414.53 17 -50 -0.06 0.06 100.02 -414.52 19 -60
100.02 -414.52 19 -60 -0.06 0.06 100.09 -414.44 19 -60
100.09 -414.44 19 -60 -0.06 0.06 100.16 -414.43 19 -60
100.16 -414.43 19 -60 -0.06 0.06 100.24 -414.43 15 -66
100.24 -414.43 15 -66 -0.06 0.06 100.32 -414.42 15 -66
100.32 -414.42 15 -66 -0.06 0.06 100.39 -414.41 15 -66
100.39 -414.41 15 -66 -0.06 0.06 100.48 -414.48 8 -66
100.48 -414.48 8 -66 -0.06 0.06 100.48 -414.48 8 -66
100.48 -414.48 8 -66 -0.06 0.06 100.55 -414.48 8 -66
100.55 -414.48 8 -66 -0.06 0.06 100.71 -414.46 11 -72
100.71 -414.46 11 -72 -0.06 0.06 100.7 -414.39 11 -72
100.7 -414.39 11 -72 -0.06 0.06 100.7 -414.39 9 -69
100.7 -414.39 9 -69 -0.06 0.06 100.78 -414.38 9 -69
100.78 -414.38 9 -69 -0.06 0.06 100.85 -414.37 9 -69
100.85 -414.37 9 -69 -0.06 0.06 101.01 -414.36 0 -76
101.01 -414.36 0 -76 -0.06 0.06 101.16 -414.34 0 -76
101.16 -414.34 0 -76 -0.06 0.06 101.38 -414.25 0 -76
101.38 -414.25 0 -76 -0.06 0.06 101.61 -414.23 10 -78
101.61 -414.23 10 -78 -0.06 0.06 101.84 -414.21 10 -78
101.84 -414.21 10 -78 -0.06 0.06 102.15 -414.18 10 -78
102.15 -414.18 10 -78 -0.06 0.06 102.53 -414.15 14 -77
102.53 -414.15 14 -77 -0.06 0.06 102.99 -414.1 14 -77
102.99 -414.1 14 -77 -0.06 0.06 103.37 -414.07 14 -77
103.37 -414.07 14 -77 -0.06 0.06 103.84 -414.11 15 -81
103.84 -414.11 15 -81 -0.06 0.06 104.38 -414.06 15 -81
104.38 -414.06 15 -81 -0.06 0.06 104.91 -414.01 15 -81
104.91 -414.01 15 -81 -0.06 0.06 105.53 -413.96 11 -72
105.53 -413.96 11 -72 -0.06 0.06 106.07 -413.99 11 -72
106.07 -413.99 11 -72 -0.06 0.06 106.61 -413.94 11 -72
106.61 -413.94 11 -72 -0.06 0.06 107.15 -413.97 3 -84
107.15 -413.97 3 -84 -0.06 0.06 107.69 -413.92 3 -84
107.69 -413.92 3 -84 -0.06 0.06 108.3 -413.87 3 -84
108.3 -413.87 3 -84 -0.06 0.06 108.91 -413.81 10 -78
108.91 -413.81 10 -78 -0.06 0.06 109.45 -413.76 10 -78
109.45 -413.76 10 -78 -0.06 0.06 109.98 -413.72 11 -77
109.98 -413.72 11 -77 -0.06 0.06 110.52 -413.67 11 -77
110.52 -413.67 11 -77 -0.06 0.06 111.13 -413.61 11 -77
111.13 -413.61 11 -77 -0.06 0.06 111.75 -413.56 12 -85
111.75 -413.56 12 -85 -0.06 0.06 112.28 -413.51 12 -85
112.28 -413.51 12 -85 -0.06 0.06 112.75 -413.55 12 -85
112.75 -413.55 12 -85 -0.06 0.06 113.29 -413.5 11 -64
113.29 -413.5 11 -64 -0.06 0.06 113.9 -413.45 11 -64
113.9 -413.45 11 -64 -0.06 0.06 114.44 -413.47 11 -64
114.44 -413.47 11 -64 -0.06 0.06 115.06 -413.42 0 -78
115.06 -413.42 0 -78 -0.06 0.06 115.59 -413.37 0 -78
115.59 -413.37 0 -78 -0.06 0.06 116.13 -413.4 0 -78
116.13 -413.4 0 -78 -0.06 0.06 116.67 -413.35 10 -79
116.67 -413.35 10 -79 -0.06 0.06 117.21 -413.31 10 -79
117.21 -413.31 10 -79 -0.06 0.06 117.75 -413.34 10 -79
117.75 -413.34 10 -79 -0.06 0.06 118.29 -413.29 10 -77
118.29 -413.29 10 -77 -0.06 0.06 118.82 -413.24 10 -77
118.82 -413.24 10 -77 -0.06 0.06 119.44 -413.26 10 -77
119.44 -413.26 10 -77 -0.06 0.06 120.05 -413.13 12 -84
120.05 -413.13 12 -84 -0.06 0.06 120.67 -413.15 12 -84
120.67 -413.15 12 -84 -0.06 0.06 121.21 -413.18 12 -84
121.21 -413.18 12 -84 -0.06 0.06 121.83 -413.13 8 -65
121.83 -413.13 8 -65 -0.06 0.06 122.44 -413.15 8 -65
122.44 -413.15 8 -65 -0.06 0.06 123.06 -413.17 3 -79
123.06 -413.17 3 -79 -0.06 0.06 123.6 -413.12 3 -79
123.6 -413.12 3 -79 -0.06 0.06 124.22 -413.15 3 -79
124.22 -413.15 3 -79 -0.06 0.06 124.84 -413.17 11 -78
124.84 -413.17 11 -78 -0.06 0.06 125.45 -413.11 11 -78
125.45 -413.11 11 -78 -0.06 0.06 126.07 -413.14 11 -78
126.07 -413.14 11 -78 -0.06 0.06 126.62 -413.17 10 -81
126.62 -413.17 10 -81 -0.06 0.06 127.15 -413.04 10 -81
127.15 -413.04 10 -81 -0.06 0.06 127.77 -413.06 10 -81
127.77 -413.06 10 -81 -0.06 0.06 128.3 -412.94 11 -84
128.3 -412.94 11 -84 -0.06 0.06 128.91 -412.89 11 -84
128.91 -412.89 11 -84 -0.06 0.06 129.44 -412.76 11 -84
129.44 -412.76 11 -84 -0.06 0.06 129.97 -412.64 8 -68
129.97 -412.64 8 -68 -0.06 0.06 130.57 -412.51 8 -68
130.57 -412.51 8 -68 -0.06 0.06 131.18 -412.37 8 -68
131.18 -412.37 8 -68 -0.06 0.06 131.79 -412.24 -1 -81
131.79 -412.24 -1 -81 -0.06 0.06 132.32 -412.12 -1 -81
132.32 -412.12 -1 -81 -0.06 0.06 133 -411.98 -1 -81
133 -411.98 -1 -81 -0.06 0.06 133.6 -411.85 8 -83
133.6 -411.85 8 -83 -0.06 0.06 134.22 -411.8 8 -83
134.22 -411.8 8 -83 -0.06 0.06 134.83 -411.74 8 -83
134.83 -411.74 8 -83 -0.06 0.06 135.36 -411.62 6 -84
135.36 -411.62 6 -84 -0.06 0.06 136.05 -411.56 6 -84
136.05 -411.56 6 -84 -0.06 0.06 136.66 -411.43 7 -84
136.66 -411.43 7 -84 -0.06 0.06 137.27 -411.37 7 -84
137.27 -411.37 7 -84 -0.06 0.06 137.81 -411.32 7 -84
137.81 -411.32 7 -84 -0.06 0.06 138.26 -411.28 6 -70
138.26 -411.28 6 -70 -0.06 0.06 138.88 -411.23 6 -70
138.88 -411.23 6 -70 -0.06 0.06 139.41 -411.18 6 -70
139.41 -411.18 6 -70 -0.06 0.06 140.03 -411.13 0 -84
140.03 -411.13 0 -84 -0.06 0.06 140.49 -411.09 0 -84
140.49 -411.09 0 -84 -0.06 0.06 141.02 -411.04 0 -84
141.02 -411.04 0 -84 -0.06 0.06 141.63 -410.91 8 -77
141.63 -410.91 8 -77 -0.06 0.06 142.17 -410.86 8 -77
142.17 -410.86 8 -77 -0.06 0.06 142.78 -410.8 8 -77
142.78 -410.8 8 -77 -0.06 0.06 143.24 -410.76 7 -77
143.24 -410.76 7 -77 -0.06 0.06 143.85 -410.71 7 -77
143.85 -410.71 7 -77 -0.06 0.06 144.46 -410.65 7 -77
144.46 -410.65 7 -77 -0.06 0.06 145.08 -410.6 10 -83
145.08 -410.6 10 -83 -0.06 0.06 145.77 -410.54 10 -83
145.77 -410.54 10 -83 -0.06 0.06 146.3 -410.49 10 -83
146.3 -410.49 10 -83 -0.06 0.06 146.99 -410.43 7 -69
146.99 -410.43 7 -69 -0.06 0.06 147.61 -410.38 7 -69
147.61 -410.38 7 -69 -0.06 0.06 148.21 -410.25 7 -69
148.21 -410.25 7 -69 -0.06 0.06 148.82 -410.11 0 -84
148.82 -410.11 0 -84 -0.06 0.06 149.35 -410.07 0 -84
149.35 -410.07 0 -84 -0.06 0.06 149.97 -410.01 0 -84
149.97 -410.01 0 -84 -0.06 0.06 150.5 -409.89 11 -84
150.5 -409.89 11 -84 -0.06 0.06 151.1 -409.76 11 -84
151.1 -409.76 11 -84 -0.06 0.06 151.63 -409.63 6 -84
151.63 -409.63 6 -84 -0.06 0.06 152.16 -409.51 6 -84
152.16 -409.51 6 -84 -0.06 0.06 152.77 -409.38 6 -84
152.77 -409.38 6 -84 -0.06 0.06 153.37 -409.25 8 -84
153.37 -409.25 8 -84 -0.06 0.06 153.98 -409.12 8 -84
153.98 -409.12 8 -84 -0.06 0.06 154.44 -409.07 8 -84
154.44 -409.07 8 -84 -0.06 0.06 154.89 -408.96 9 -65
154.89 -408.96 9 -65 -0.06 0.06 155.51 -408.9 9 -65
155.51 -408.9 9 -65 -0.06 0.06 156.04 -408.85 9 -65
156.04 -408.85 9 -65 -0.06 0.06 156.57 -408.73 -1 -77
156.57 -408.73 -1 -77 -0.06 0.06 157.1 -408.61 -1 -77
157.1 -408.61 -1 -77 -0.06 0.06 157.71 -408.55 -1 -77
157.71 -408.55 -1 -77 -0.06 0.06 158.25 -408.5 6 -85
158.25 -408.5 6 -85 -0.06 0.06 158.79 -408.46 6 -85
158.79 -408.46 6 -85 -0.06 0.06 159.32 -408.41 6 -85
159.32 -408.41 6 -85 -0.06 0.06 159.86 -408.36 5 -84
159.86 -408.36 5 -84 -0.06 0.06 160.4 -408.31 5 -84
160.4 -408.31 5 -84 -0.06 0.06 160.93 -408.19 5 -84
160.93 -408.19 5 -84 -0.06 0.06 161.53 -407.98 7 -77
161.53 -407.98 7 -77 -0.06 0.06 162.21 -407.84 7 -77
162.21 -407.84 7 -77 -0.06 0.06 162.74 -407.72 7 -77
162.74 -407.72 7 -77 -0.06 0.06 163.34 -407.59 7 -76
163.34 -407.59 7 -76 -0.06 0.06 164.03 -407.45 7 -76
164.03 -407.45 7 -76 -0.06 0.06 164.63 -407.32 -1 -83
164.63 -407.32 -1 -83 -0.06 0.06 165.16 -407.2 -1 -83
165.16 -407.2 -1 -83 -0.06 0.06 165.69 -407.07 -1 -83
165.69 -407.07 -1 -83 -0.06 0.06 166.22 -406.95 10 -84
166.22 -406.95 10 -84 -0.06 0.06 166.75 -406.82 10 -84
166.75 -406.82 10 -84 -0.06 0.06 167.35 -406.62 10 -84
167.35 -406.62 10 -84 -0.06 0.06 167.88 -406.49 4 -84
167.88 -406.49 4 -84 -0.06 0.06 168.49 -406.36 4 -84
168.49 -406.36 4 -84 -0.06 0.06 169.09 -406.23 4 -84
169.09 -406.23 4 -84 -0.06 0.06 169.62 -406.11 8 -84
169.62 -406.11 8 -84 -0.06 0.06 170.23 -405.97 8 -84
170.23 -405.97 8 -84 -0.06 0.06 170.76 -405.93 8 -84
170.76 -405.93 8 -84 -0.06 0.06 171.29 -405.8 7 -70
171.29 -405.8 7 -70 -0.06 0.06 171.82 -405.68 7 -70
171.82 -405.68 7 -70 -0.06 0.06 172.43 -405.55 7 -70
172.43 -405.55 7 -70 -0.06 0.06 173.11 -405.33 -1 -84
173.11 -405.33 -1 -84 -0.06 0.06 173.71 -405.2 -1 -84
173.71 -405.2 -1 -84 -0.06 0.06 174.39 -404.99 -1 -84
174.39 -404.99 -1 -84 -0.06 0.06 174.92 -404.94 6 -82
174.92 -404.94 6 -82 -0.06 0.06 175.53 -404.81 6 -82
175.53 -404.81 6 -82 -0.06 0.06 176.06 -404.68 6 -82
176.06 -404.68 6 -82 -0.06 0.06 176.6 -404.64 0 -83
176.6 -404.64 0 -83 -0.06 0.06 177.2 -404.51 0 -83
177.2 -404.51 0 -83 -0.06 0.06 177.81 -404.37 6 -84
177.81 -404.37 6 -84 -0.06 0.06 178.41 -404.17 6 -84
178.41 -404.17 6 -84 -0.06 0.06 179.01 -404.04 6 -84
179.01 -404.04 6 -84 -0.06 0.06 179.62 -403.9 5 -71
179.62 -403.9 5 -71 -0.06 0.06 180.15 -403.78 5 -71
180.15 -403.78 5 -71 -0.06 0.06 180.69 -403.73 5 -71
180.69 -403.73 5 -71 -0.06 0.06 181.22 -403.61 0 -79
181.22 -403.61 0 -79 -0.06 0.06 181.75 -403.56 0 -79
181.75 -403.56 0 -79 -0.06 0.06 182.28 -403.44 0 -79
182.28 -403.44 0 -79 -0.06 0.06 182.81 -403.31 6 -85
182.81 -403.31 6 -85 -0.06 0.06 183.35 -403.27 6 -85
183.35 -403.27 6 -85 -0.06 0.06 183.87 -403.06 6 -85
183.87 -403.06 6 -85 -0.06 0.06 184.4 -402.94 2 -84
184.4 -402.94 2 -84 -0.06 0.06 184.93 -402.82 2 -84
184.93 -402.82 2 -84 -0.06 0.06 185.46 -402.69 2 -84
185.46 -402.69 2 -84 -0.06 0.06 185.99 -402.57 0 -87
185.99 -402.57 0 -87 -0.06 0.06 186.59 -402.44 0 -87
186.59 -402.44 0 -87 -0.06 0.06 187.2 -402.31 0 -87
187.2 -402.31 0 -87 -0.06 0.06 187.8 -402.1 6 -77
187.8 -402.1 6 -77 -0.06 0.06 188.4 -401.89 6 -77
188.4 -401.89 6 -77 -0.06 0.06 189 -401.68 6 -77
189 -401.68 6 -77 -0.06 0.06 189.6 -401.47 -1 -89
189.6 -401.47 -1 -89 -0.06 0.06 190.2 -401.27 -1 -89
190.2 -401.27 -1 -89 -0.06 0.06 190.87 -401.05 -1 -89
190.87 -401.05 -1 -89 -0.06 0.06 191.48 -400.92 4 -84
191.48 -400.92 4 -84 -0.06 0.06 192.09 -400.79 4 -84
192.09 -400.79 4 -84 -0.06 0.06 192.62 -400.67 0 -85
192.62 -400.67 0 -85 -0.06 0.06 193.22 -400.54 0 -85
193.22 -400.54 0 -85 -0.06 0.06 193.82 -400.33 0 -85
193.82 -400.33 0 -85 -0.06 0.06 194.34 -400.13 6 -90
194.34 -400.13 6 -90 -0.06 0.06 194.94 -399.92 6 -90
194.94 -399.92 6 -90 -0.06 0.06 195.47 -399.79 6 -90
195.47 -399.79 6 -90 -0.06 0.06 196.08 -399.66 1 -73
196.08 -399.66 1 -73 -0.06 0.06 196.69 -399.53 1 -73
196.69 -399.53 1 -73 -0.06 0.06 197.29 -399.4 1 -73
197.29 -399.4 1 -73 -0.06 0.06 197.9 -399.27 -1 -83
197.9 -399.27 -1 -83 -0.06 0.06 198.43 -399.15 -1 -83
198.43 -399.15 -1 -83 -0.06 0.06 199.03 -398.94 -1 -83
199.03 -398.94 -1 -83 -0.06 0.06 199.55 -398.74 7 -84
199.55 -398.74 7 -84 -0.06 0.06 200.07 -398.54 7 -84
200.07 -398.54 7 -84 -0.06 0.06 200.67 -398.33 7 -84
200.67 -398.33 7 -84 -0.06 0.06 201.2 -398.21 0 -95
201.2 -398.21 0 -95 -0.06 0.06 201.81 -398.07 0 -95
201.81 -398.07 0 -95 -0.06 0.06 202.33 -397.87 0 -95
202.33 -397.87 0 -95 -0.06 0.06 202.93 -397.67 6 -83
202.93 -397.67 6 -83 -0.06 0.06 203.53 -397.46 6 -83
203.53 -397.46 6 -83 -0.06 0.06 204.05 -397.26 6 -83
204.05 -397.26 6 -83 -0.06 0.06 204.65 -397.05 0 -70
204.65 -397.05 0 -70 -0.06 0.06 205.17 -396.85 0 -70
205.17 -396.85 0 -70 -0.06 0.06 205.77 -396.64 -1 -77
205.77 -396.64 -1 -77 -0.06 0.06 206.3 -396.52 -1 -77
206.3 -396.52 -1 -77 -0.06 0.06 206.91 -396.39 -1 -77
206.91 -396.39 -1 -77 -0.06 0.06 207.58 -396.17 6 -83
207.58 -396.17 6 -83 -0.06 0.06 208.11 -395.97 6 -83
208.11 -395.97 6 -83 -0.06 0.06 208.71 -395.76 6 -83
208.71 -395.76 6 -83 -0.06 0.06 209.23 -395.56 2 -71
209.23 -395.56 2 -71 -0.06 0.06 209.84 -395.43 2 -71
209.84 -395.43 2 -71 -0.06 0.06 210.37 -395.31 2 -71
210.37 -395.31 2 -71 -0.06 0.06 210.89 -395.18 7 -84
210.89 -395.18 7 -84 -0.06 0.06 211.42 -395.06 7 -84
211.42 -395.06 7 -84 0.06 0.06 211.88 -394.94 7 -84
211.88 -394.94 7 -84 0.06 0.06 212.33 -394.82 0 -73
212.33 -394.82 0 -73 0.06 0.06 212.78 -394.63 0 -73
212.78 -394.63 0 -73 0.06 0.06 213.22 -394.44 0 -73
213.22 -394.44 0 -73 0.06 0.06 213.59 -394.25 0 -81
213.59 -394.25 0 -81 0.06 0.06 213.89 -394.14 0 -81
213.89 -394.14 0 -81 0.06 0.06 214.27 -394.03 0 -81
214.27 -394.03 0 -81 0.06 0.06 214.57 -393.93 0 -81
214.57 -393.93 0 -81 0.06 0.06 214.87 -393.83 0 -81
214.87 -393.83 0 -81 0.06 0.06 215.09 -393.73 0 -81
215.09 -393.73 0 -81 0.06 0.06 215.31 -393.63 18 -77
215.31 -393.63 18 -77 0.06 0.06 215.46 -393.54 18 -77
215.46 -393.54 18 -77 0.06 0.06 215.61 -393.45 20 -91
215.61 -393.45 20 -91 0.06 0.06 215.75 -393.36 20 -91
215.75 -393.36 20 -91 0.06 0.06 215.89 -393.19 20 -91
215.89 -393.19 20 -91 0.06 0.06 215.96 -393.11 26 -78
215.96 -393.11 26 -78 0.06 0.06 216.03 -393.03 26 -78
216.03 -393.03 26 -78 0.06 0.06 216.1 -392.94 26 -78
216.1 -392.94 26 -78 0.06 0.06 216.18 -392.94 27 -91
216.18 -392.94 27 -91 0.06 0.06 216.18 -392.94 27 -91
216.18 -392.94 27 -91 0.06 0.06 216.18 -392.94 27 -91
216.18 -392.94 27 -91 0.06 0.06 216.26 -392.93 30 -95
216.26 -392.93 30 -95 0.06 0.06 216.33 -392.85 30 -95
216.33 -392.85 30 -95 0.06 0.06 216.39 -392.76 30 -95
216.39 -392.76 30 -95 0.06 0.06 216.46 -392.68 43 -94
216.46 -392.68 43 -94 0.06 0.06 216.53 -392.6 43 -94
216.53 -392.6 43 -94 0.06 0.06 216.6 -392.51 43 -94
216.6 -392.51 43 -94 0.06 0.06 216.68 -392.51 42 -99
216.68 -392.51 42 -99 0.06 0.06 216.76 -392.5 42 -99
216.76 -392.5 42 -99 0.06 0.06 216.83 -392.49 42 -99
216.83 -392.49 42 -99 0.06 0.06 216.91 -392.49 44 -96
216.91 -392.49 44 -96 0.06 0.06 216.98 -392.4 44 -96
216.98 -392.4 44 -96 0.06 0.06 217.05 -392.32 44 -96
217.05 -392.32 44 -96 0.06 0.06 217.11 -392.16 44 -101
217.11 -392.16 44 -101 0.06 0.06 217.1 -392.01 44 -101
217.1 -392.01 44 -101 0.06 0.06 217.09 -391.93 44 -101
217.09 -391.93 44 -101 0.06 0.06 217.09 -391.85 57 -108
217.09 -391.85 57 -108 0.06 0.06 217.08 -391.78 57 -108
217.08 -391.78 57 -108 0.06 0.06 217.07 -391.7 62 -108
217.07 -391.7 62 -108 0.06 0.06 217.07 -391.62 62 -108
217.07 -391.62 62 -108 0.06 0.06 217.14 -391.54 62 -108
217.14 -391.54 62 -108 0.06 0.06 217.21 -391.46 60 -109
217.21 -391.46 60 -109 0.06 0.06 217.28 -391.37 60 -109
217.28 -391.37 60 -109 0.06 0.06 217.35 -391.29 60 -109
217.35 -391.29 60 -109 0.06 0.06 217.42 -391.21 59 -107
217.42 -391.21 59 -107 0.06 0.06 217.48 -391.12 59 -107
217.48 -391.12 59 -107 0.06 0.06 217.55 -391.04 59 -107
217.55 -391.04 59 -107 0.06 0.06 217.62 -390.96 67 -114
217.62 -390.96 67 -114 0.06 0.06 217.69 -390.87 67 -114
217.69 -390.87 67 -114 0.06 0.06 217.76 -390.79 67 -114
217.76 -390.79 67 -114 0.06 0.06 217.83 -390.71 74 -119
217.83 -390.71 74 -119 0.06 0.06 217.9 -390.62 74 -119
217.9 -390.62 74 -119 0.06 0.06 217.97 -390.54 74 -119
217.97 -390.54 74 -119 0.06 0.06 217.97 -390.46 73 -116
217.97 -390.46 73 -116 0.06 0.06 217.96 -390.39 73 -116
217.96 -390.39 73 -116 0.06 0.06 217.95 -390.31 73 -116
217.95 -390.31 73 -116 0.06 0.06 217.95 -390.23 74 -113
217.95 -390.23 74 -113 0.06 0.06 217.94 -390.16 74 -113
217.94 -390.16 74 -113 0.06 0.06 217.93 -390.08 74 -113
217.93 -390.08 74 -113 0.06 0.06 218.01 -390.07 87 -111
218.01 -390.07 87 -111 0.06 0.06 218.08 -389.99 87 -111
218.08 -389.99 87 -111 0.06 0.06 218.16 -389.98 74 -119
218.16 -389.98 74 -119 0.06 0.06 218.23 -389.97 74 -119
218.23 -389.97 74 -119 0.06 0.06 218.31 -389.97 74 -119
218.31 -389.97 74 -119 0.06 0.06 218.38 -389.88 88 -118
218.38 -389.88 88 -118 0.06 0.06 218.45 -389.8 88 -118
218.45 -389.8 88 -118 0.06 0.06 218.52 -389.72 88 -118
218.52 -389.72 88 -118 0.06 0.06 218.59 -389.63 95 -120
218.59 -389.63 95 -120 0.06 0.06 218.66 -389.55 95 -120
218.66 -389.55 95 -120 0.06 0.06 218.73 -389.47 95 -120
218.73 -389.47 95 -120 0.06 0.06 218.8 -389.38 95 -123
218.8 -389.38 95 -123 0.06 0.06 218.87 -389.3 95 -123
218.87 -389.3 95 -123 0.06 0.06 218.86 -389.22 95 -123
218.86 -389.22 95 -123 0.06 0.06 218.86 -389.22 96 -113
218.86 -389.22 96 -113 0.06 0.06 218.85 -389.07 96 -113
218.85 -389.07 96 -113 0.06 0.06 218.91 -388.91 96 -113
218.91 -388.91 96 -113 0.06 0.06 218.97 -388.75 99 -129
218.97 -388.75 99 -129 0.06 0.06 219.04 -388.67 99 -129
219.04 -388.67 99 -129 0.06 0.06 219.11 -388.58 99 -129
219.11 -388.58 99 -129 0.06 0.06 219.18 -388.5 108 -125
219.18 -388.5 108 -125 0.06 0.06 219.25 -388.42 108 -125
219.25 -388.42 108 -125 0.06 0.06 219.32 -388.33 108 -125
219.32 -388.33 108 -125 0.06 0.06 219.39 -388.25 108 -125
219.39 -388.25 108 -125 0.06 0.06 219.46 -388.17 108 -125
219.46 -388.17 108 -125 0.06 0.06 219.53 -388.08 108 -125
219.53 -388.08 108 -125 0.06 0.06 219.6 -388 108 -125
219.6 -388 108 -125 0.06 0.06 219.67 -387.92 108 -125
219.67 -387.92 108 -125 0.06 0.06 219.75 -387.91 115 -121
219.75 -387.91 115 -121 0.06 0.06 219.75 -387.91 115 -121
219.75 -387.91 115 -121 0.06 0.06 219.75 -387.91 115 -121
219.75 -387.91 115 -121 0.06 0.06 219.82 -387.9 116 -132
219.82 -387.9 116 -132 0.06 0.06 219.82 -387.83 116 -132
219.82 -387.83 116 -132 0.06 0.06 219.89 -387.82 116 -132
219.89 -387.82 116 -132 0.06 0.06 219.96 -387.74 127 -131
219.96 -387.74 127 -131 0.06 0.06 220.03 -387.65 127 -131
220.03 -387.65 127 -131 0.06 0.06 220.1 -387.57 127 -131
220.1 -387.57 127 -131 0.06 0.06 220.17 -387.49 123 -132
220.17 -387.49 123 -132 0.06 0.06 220.24 -387.4 123 -132
220.24 -387.4 123 -132 0.06 0.06 220.31 -387.32 123 -132
220.31 -387.32 123 -132 0.06 0.06 220.38 -387.24 124 -138
220.38 -387.24 124 -138 0.06 0.06 220.45 -387.15 124 -138
220.45 -387.15 124 -138 0.06 0.06 220.52 -387.07 124 -138
220.52 -387.07 124 -138 0.06 0.06 220.59 -386.99 122 -130
220.59 -386.99 122 -130 0.06 0.06 220.58 -386.83 122 -130
220.58 -386.83 122 -130 0.06 0.06 220.65 -386.75 122 -130
220.65 -386.75 122 -130 0.06 0.06 220.64 -386.6 130 -139
220.64 -386.6 130 -139 0.06 0.06 220.63 -386.52 130 -139
220.63 -386.52 130 -139 0.06 0.06 220.62 -386.44 130 -139
220.62 -386.44 130 -139 0.06 0.06 220.62 -386.44 135 -138
220.62 -386.44 135 -138 0.06 0.06 220.62 -386.44 135 -138
220.62 -386.44 135 -138 0.06 0.06 220.62 -386.44 134 -139
220.62 -386.44 134 -139 0.06 0.06 220.62 -386.44 134 -139
220.62 -386.44 134 -139 0.06 0.06 220.62 -386.37 134 -139
220.62 -386.37 134 -139 0.06 0.06 220.61 -386.29 135 -145
220.61 -386.29 135 -145 0.06 0.06 220.6 -386.21 135 -145
220.6 -386.21 135 -145 0.06 0.06 220.59 -386.14 135 -145
220.59 -386.14 135 -145 0.06 0.06 220.67 -386.13 149 -125
220.67 -386.13 149 -125 0.06 0.06 220.75 -386.12 149 -125
220.75 -386.12 149 -125 0.06 0.06 220.82 -386.12 149 -125
220.82 -386.12 149 -125 0.06 0.06 220.9 -386.11 140 -146
220.9 -386.11 140 -146 0.06 0.06 220.98 -386.1 140 -146
220.98 -386.1 140 -146 0.06 0.06 221.05 -386.02 140 -146
221.05 -386.02 140 -146 0.06 0.06 221.12 -385.93 152 -141
221.12 -385.93 152 -141 0.06 0.06 221.19 -385.85 152 -141
221.19 -385.85 152 -141 0.06 0.06 221.26 -385.77 152 -141
221.26 -385.77 152 -141 0.06 0.06 221.33 -385.76 162 -138
221.33 -385.76 162 -138 0.06 0.06 221.41 -385.75 162 -138
221.41 -385.75 162 -138 0.06 0.06 221.48 -385.67 162 -138
221.48 -385.67 162 -138 0.06 0.06 221.55 -385.59 161 -150
221.55 -385.59 161 -150 0.06 0.06 221.54 -385.51 161 -150
221.54 -385.51 161 -150 0.06 0.06 221.56 -385.74 161 -150
221.56 -385.74 161 -150 0.06 0.06 221.56 -385.74 159 -125
221.56 -385.74 159 -125 0.06 0.06 221.56 -385.74 159 -125
221.56 -385.74 159 -125 0.06 0.06 221.48 -384.74 172 -147
221.48 -384.74 172 -147 0.06 0.06 221.48 -384.74 172 -147
221.48 -384.74 172 -147 0.06 0.06 221.48 -384.74 172 -147
221.48 -384.74 172 -147 0.06 0.06 221.48 -384.74 176 -142
