0.0649901 0 0 0 0 0 0.4 0.551287 0.54849 275 215 483 186 262 321 567 271 369 192 5.41105 397 510 3.16659
0.131646 0 0 0 0 0 0.4 0.551287 0.54849 275 215 483 186 262 321 567 271 369 192 5.41105 397 510 3.16659
0.198309 0 0 0 0 0 0.4 0.551287 0.54849 275 215 483 186 262 321 567 271 369 192 5.41105 397 510 3.16659
0.264986 0 0 0 0 0 0.4 0.551287 0.54849 275 215 483 186 262 321 567 271 369 192 5.41105 397 510 3.16659
0.33166 0 0 0 0 0 0.4 0.551287 0.54849 275 215 483 186 262 321 567 271 369 192 5.41105 397 510 3.16659
0.398319 0 0 0 0 0 0.4 0.551287 0.54849 275 215 483 186 262 321 567 271 369 192 5.41105 397 510 3.16659
0.464969 0 0 0 0 0 0.4 0.551287 0.54849 275 215 483 186 262 321 567 271 369 192 5.41105 397 510 3.16659
0.531677 0 0 0 0 0 0.4 0.551287 0.54849 275 215 483 186 262 321 567 271 369 192 5.41105 397 510 3.16659
0.598324 0 0 0 0 0 0.4 0.551287 0.54849 275 215 483 186 262 321 567 271 369 192 5.41105 397 510 3.16659
0.664996 0 0 0 0 0 0.4 0.551287 0.54849 275 215 483 186 262 321 567 271 369 192 5.41105 397 510 3.16659
0.731681 0 0 0 0 0 0.4 0.551287 0.54849 275 215 483 186 262 321 567 271 369 192 5.41105 397 510 3.16659
0.798284 0 0 0 0 0 0.4 0.551287 0.54849 275 215 483 186 262 321 567 271 369 192 5.41105 397 510 3.16659
0.865012 0 0 0 0 0 0.4 0.551287 0.54849 275 215 483 186 262 321 567 271 369 192 5.41105 397 510 3.16659
0.931655 0 0 0 0 0 0.4 0.551287 0.54849 275 215 483 186 262 321 567 271 369 192 5.41105 397 510 3.16659
0.998326 0 0 0 0 0 0.4 0.551287 0.54849 275 215 483 186 262 321 567 271 369 192 5.41105 397 510 3.16659
1.065 0 0 0 0 0 0.4 0.551287 0.54849 275 215 483 186 262 321 567 271 369 192 5.41105 397 510 3.16659
1.13162 0 0 0 0 0 0.4 0.551287 0.54849 275 215 483 186 262 321 567 271 369 192 5.41105 397 510 3.16659
1.19834 0 0 0 0 0 0.4 0.551287 0.54849 275 215 483 186 262 321 567 271 369 192 5.41105 397 510 3.16659
1.26503 0 0 0 0 0 0.4 0.551287 0.54849 275 215 483 186 262 321 567 271 369 192 5.41105 397 510 3.16659
1.33168 0 0 0 0 0 0.4 0.551287 0.54849 275 215 483 186 262 321 567 271 369 192 5.41105 397 510 3.16659
1.39836 0 0 0 0 0 0.4 0.551287 0.54849 275 215 483 186 262 321 567 271 369 192 5.41105 397 510 3.16659
1.46499 0 0 0 0 0 0.4 0.551287 0.54849 275 215 483 186 262 321 567 271 369 192 5.41105 397 510 3.16659
1.53166 0 0 0 0 0 0.4 0.551287 0.54849 275 215 483 186 262 321 567 271 369 192 5.41105 397 510 3.16659
1.59833 0 0 0 0 0 0.4 0.551287 0.54849 275 215 483 186 262 321 567 271 369 192 5.41105 397 510 3.16659
1.665 0 0 0 0 0 0.4 0.551287 0.54849 275 215 483 186 262 321 567 271 369 192 5.41105 397 510 3.16659
1.73166 0 0 0 0 0 0.4 0.551287 0.54849 275 215 483 186 262 321 567 271 369 192 5.41105 397 510 3.16659
1.79829 0 0 0 0 0 0.4 0.551287 0.54849 275 215 483 186 262 321 567 271 369 192 5.41105 397 510 3.16659
1.86501 0 0 0 0 0 0.4 0.551287 0.54849 275 215 483 186 262 321 567 271 369 192 5.41105 397 510 3.16659
1.93166 0 0 0 0 0 0.4 0.551287 0.54849 275 215 483 186 262 321 567 271 369 192 5.41105 397 510 3.16659
1.99833 0 0 0 0 0 0.4 0.551287 0.54849 275 215 483 186 262 321 567 271 369 192 5.41105 397 510 3.16659
2.06499 0 0 0 0 0 0.4 0.551287 0.54849 275 215 483 186 262 321 567 271 369 192 5.41105 397 510 3.16659
2.13166 0 0 0 0 0 0.4 0.551287 0.54849 275 215 483 186 262 321 567 271 369 192 5.41105 397 510 3.16659
2.19832 0 0 0 0 0 0.4 0.551287 0.54849 275 215 483 186 262 321 567 271 369 192 5.41105 397 510 3.16659
2.26499 0 0 0 0 0 0.4 0.551287 0.54849 275 215 483 186 262 321 567 271 369 192 5.41105 397 510 3.16659
2.33166 0 0 0 0 0 0.4 0.551287 0.54849 275 215 483 186 262 321 567 271 369 192 5.41105 397 510 3.16659
2.39833 0 0 0 0 0 0.4 0.551287 0.54849 275 215 483 186 262 321 567 271 369 192 5.41105 397 510 3.16659
2.465 0 0 0 0 0 0.4 0.551287 0.54849 275 215 483 186 262 321 567 271 369 192 5.41105 397 510 3.16659
2.53165 0 0 0 0 0 0.4 0.551287 0.54849 275 215 483 186 262 321 567 271 369 192 5.41105 397 510 3.16659
2.59829 0 0 0 0 0 0.4 0.551287 0.54849 275 215 483 186 262 321 567 271 369 192 5.41105 397 510 3.16659
2.66499 0 0 0 0 0 0.4 0.551287 0.54849 275 215 483 186 262 321 567 271 369 192 5.41105 397 510 3.16659
2.73168 0 0 0 0 0 0.4 0.551287 0.54849 275 215 483 186 262 321 567 271 369 192 5.41105 397 510 3.16659
2.79832 0 0 0 0 0 0.4 0.551287 0.54849 275 215 483 186 262 321 567 271 369 192 5.41105 397 510 3.16659
2.86499 0 0 0 0 0 0.4 0.551287 0.54849 275 215 483 186 262 321 567 271 369 192 5.41105 397 510 3.16659
2.93165 0 0 0 0 0 0.4 0.551287 0.54849 275 215 483 186 262 321 567 271 369 192 5.41105 397 510 3.16659
2.99836 0 0 0 0 0 0.4 0.551287 0.54849 275 215 483 186 262 321 567 271 369 192 5.41105 397 510 3.16659
3.06501 0 0 0 0 0 0.4 0.551287 0.54849 275 215 483 186 262 321 567 271 369 192 5.41105 397 510 3.16659
3.13168 0 0 0 0 0 0.4 0.551287 0.54849 275 215 483 186 262 321 567 271 369 192 5.41105 397 510 3.16659
3.19834 0 0 0 0 0 0.4 0.551287 0.54849 275 215 483 186 262 321 567 271 369 192 5.41105 397 510 3.16659
3.26502 0 0 0 0 0 0.4 0.551287 0.54849 275 215 483 186 262 321 567 271 369 192 5.41105 397 510 3.16659
3.33168 0 0 0 0 0 0.4 0.551287 0.54849 275 215 483 186 262 321 567 271 369 192 5.41105 397 510 3.16659
3.39832 0 0 0 0 0 0.4 0.551287 0.54849 275 215 483 186 262 321 567 271 369 192 5.41105 397 510 3.16659
3.46501 0 0 0 0 0 0.4 0.551287 0.54849 275 215 483 186 262 321 567 271 369 192 5.41105 397 510 3.16659
3.53166 0 0 0 0 0 0.4 0.551287 0.54849 275 215 483 186 262 321 567 271 369 192 5.41105 397 510 3.16659
3.59833 0 0 0 0 0 0.4 0.551287 0.54849 275 215 483 186 262 321 567 271 369 192 5.41105 397 510 3.16659
3.66502 0 0 0 0 0 0.4 0.551287 0.54849 275 215 483 186 262 321 567 271 369 192 5.41105 397 510 3.16659
3.73166 0 0 0 0 0 0.4 0.551287 0.54849 275 215 483 186 262 321 567 271 369 192 5.41105 397 510 3.16659
3.79832 0 0 0 0 0 0.4 0.551287 0.54849 275 215 483 186 262 321 567 271 369 192 5.41105 397 510 3.16659
3.86499 0 0 0 0 0 0.4 0.551287 0.54849 275 215 483 186 262 321 567 271 369 192 5.41105 397 510 3.16659
3.93166 0 0 0 0 0 0.4 0.551287 0.54849 275 215 483 186 262 321 567 271 369 192 5.41105 397 510 3.16659
3.99832 0 0 0 0 0 0.4 0.551287 0.54849 275 215 483 186 262 321 567 271 369 192 5.41105 397 510 3.16659
4.06499 0 0 0 0 0 0.4 0.551287 0.54849 275 215 483 186 262 321 567 271 369 192 5.41105 397 510 3.16659
4.13166 0 0 0 0 0 0.4 0.551287 0.54849 275 215 483 186 262 321 567 271 369 192 5.41105 397 510 3.16659
4.19832 0 0 0 0 0 0.4 0.551287 0.54849 275 215 483 186 262 321 567 271 369 192 5.41105 397 510 3.16659
4.265 0 0 0 0 0 0.4 0.551287 0.54849 275 215 483 186 262 321 567 271 369 192 5.41105 397 510 3.16659
4.33165 0 0 0 0 0 0.4 0.551287 0.54849 275 215 483 186 262 321 567 271 369 192 5.41105 397 510 3.16659
4.39834 0 0 0 0 0 0.4 0.551287 0.54849 275 215 483 186 262 321 567 271 369 192 5.41105 397 510 3.16659
4.46499 0 0 0 0 0 0.4 0.551287 0.54849 275 215 483 186 262 321 567 271 369 192 5.41105 397 510 3.16659
4.53165 0 0 0 0 0 0.4 0.551287 0.54849 275 215 483 186 262 321 567 271 369 192 5.41105 397 510 3.16659
4.59832 0 0 0 0 0 0.4 0.551287 0.54849 275 215 483 186 262 321 567 271 369 192 5.41105 397 510 3.16659
4.66502 0 0 0 0 0 0.4 0.551287 0.54849 275 215 483 186 262 321 567 271 369 192 5.41105 397 510 3.16659
4.73167 0 0 0 0 0 0.4 0.551287 0.54849 275 215 483 186 262 321 567 271 369 192 5.41105 397 510 3.16659
4.79832 0 0 0 0 0 0.4 0.551287 0.54849 275 215 483 186 262 321 567 271 369 192 5.41105 397 510 3.16659
4.86499 0 0 0 0 0 0.4 0.551287 0.54849 275 215 483 186 262 321 567 271 369 192 5.41105 397 510 3.16659
4.93165 0 0 0 0 0 0.4 0.551287 0.54849 275 215 483 186 262 321 567 271 369 192 5.41105 397 510 3.16659
4.99834 0 0 0 0 0 0.4 0.551287 0.54849 275 215 483 186 262 321 567 271 369 192 5.41105 397 510 3.16659
5.06499 0 0 0 0 0 0.4 0.551287 0.54849 275 215 483 186 262 321 567 271 369 192 5.41105 397 510 3.16659
5.13166 0 0 0 0 0 0.4 0.551287 0.54849 275 215 483 186 262 321 567 271 369 192 5.41105 397 510 3.16659
5.19832 0 0 0 0 0 0.4 0.551287 0.54849 275 215 483 186 262 321 567 271 369 192 5.41105 397 510 3.16659
5.26497 0 0 0 0 0 0.4 0.551287 0.54849 275 215 483 186 262 321 567 271 369 192 5.41105 397 510 3.16659
5.33169 0 0 0 0 0 0.4 0.551287 0.54849 275 215 483 186 262 321 567 271 369 192 5.41105 397 510 3.16659
5.39832 0 0 0 0 0 0.4 0.551287 0.54849 275 215 483 186 262 321 567 271 369 192 5.41105 397 510 3.16659
5.46501 0 0 0 0 0 0.4 0.551287 0.54849 275 215 483 186 262 321 567 271 369 192 5.41105 397 510 3.16659
5.53166 0 0 0 0 0 0.4 0.551287 0.54849 275 215 483 186 262 321 567 271 369 192 5.41105 397 510 3.16659
5.59835 0 0 0 0 0 0.4 0.551287 0.54849 275 215 483 186 262 321 567 271 369 192 5.41105 397 510 3.16659
5.66499 0 0 0 0 0 0.4 0.551287 0.54849 275 215 483 186 262 321 567 271 369 192 5.41105 397 510 3.16659
5.73168 0 0 0 0 0 0.4 0.551287 0.54849 275 215 483 186 262 321 567 271 369 192 5.41105 397 510 3.16659
5.79832 0 0 0 0 0 0.4 0.551287 0.54849 275 215 483 186 262 321 567 271 369 192 5.41105 397 510 3.16659
5.865 0 0 0 0 0 0.4 0.551287 0.54849 275 215 483 186 262 321 567 271 369 192 5.41105 397 510 3.16659
5.93162 0 0 0 0 0 0.4 0.551287 0.54849 275 215 483 186 262 321 567 271 369 192 5.41105 397 510 3.16659
5.99835 0 0 0 0 0 0.4 0.551287 0.54849 275 215 483 186 262 321 567 271 369 192 5.41105 397 510 3.16659
6.065 0 0 0 0 0 0.4 0.551287 0.54849 275 215 483 186 262 321 567 271 369 192 5.41105 397 510 3.16659
6.13167 0 0 0 0 0 0.4 0.551287 0.54849 275 215 483 186 262 321 567 271 369 192 5.41105 397 510 3.16659
6.19833 0 0 0 0 0 0.4 0.551287 0.54849 275 215 483 186 262 321 567 271 369 192 5.41105 397 510 3.16659
6.265 0 0 0 0 0 0.4 0.551287 0.54849 275 215 483 186 262 321 567 271 369 192 5.41105 397 510 3.16659
6.33168 0 0 0 0 0 0.4 0.551287 0.54849 275 215 483 186 262 321 567 271 369 192 5.41105 397 510 3.16659
6.39833 0 0 0 0 0 0.4 0.551287 0.54849 275 215 483 186 262 321 567 271 369 192 5.41105 397 510 3.16659
6.46502 0 0 0 0 0 0.4 0.551287 0.54849 275 215 483 186 262 321 567 271 369 192 5.41105 397 510 3.16659
6.53165 0 0 0 0 0 0.4 0.551287 0.54849 275 215 483 186 262 321 567 271 369 192 5.41105 397 510 3.16659
6.59834 0 0 0 0 0 0.4 0.551287 0.54849 275 215 483 186 262 321 567 271 369 192 5.41105 397 510 3.16659
6.66499 0 0 0 0 0 0.4 0.551287 0.54849 275 215 483 186 262 321 567 271 369 192 5.41105 397 510 3.16659
6.73167 0 0 0 0 0 0.4 0.551287 0.54849 275 215 483 186 262 321 567 271 369 192 5.41105 397 510 3.16659
6.79832 0 0 0 0 0 0.4 0.551287 0.54849 275 215 483 186 262 321 567 271 369 192 5.41105 397 510 3.16659
6.865 0 0 0 0 0 0.4 0.551287 0.54849 275 215 483 186 262 321 567 271 369 192 5.41105 397 510 3.16659
6.93165 0 0 0 0 0 0.4 0.551287 0.54849 275 215 483 186 262 321 567 271 369 192 5.41105 397 510 3.16659
6.99832 0 0 0 0 0 0.4 0.551287 0.54849 275 215 483 186 262 321 567 271 369 192 5.41105 397 510 3.16659
7.06502 0 0 0 0 0 0.4 0.551287 0.54849 275 215 483 186 262 321 567 271 369 192 5.41105 397 510 3.16659
7.13168 0 0 0 0 0 0.4 0.551287 0.54849 275 215 483 186 262 321 567 271 369 192 5.41105 397 510 3.16659
7.19828 0 0 0 0 0 0.4 0.551287 0.54849 275 215 483 186 262 321 567 271 369 192 5.41105 397 510 3.16659
7.26501 0 0 0 0 0 0.4 0.551287 0.54849 275 215 483 186 262 321 567 271 369 192 5.41105 397 510 3.16659
7.33168 0 0 0 0 0 0.4 0.551287 0.54849 275 215 483 186 262 321 567 271 369 192 5.41105 397 510 3.16659
7.39833 0 0 0 0 0 0.4 0.551287 0.54849 275 215 483 186 262 321 567 271 369 192 5.41105 397 510 3.16659
7.46497 0 0 0 0 0 0.4 0.551287 0.54849 275 215 483 186 262 321 567 271 369 192 5.41105 397 510 3.16659
7.53167 0 0 0 0 0 0.4 0.551287 0.54849 275 215 483 186 262 321 567 271 369 192 5.41105 397 510 3.16659
7.59832 0 0 0 0 0 0.4 0.551287 0.54849 275 215 483 186 262 321 567 271 369 192 5.41105 397 510 3.16659
7.66499 0 0 0 0 0 0.4 0.551287 0.54849 275 215 483 186 262 321 567 271 369 192 5.41105 397 510 3.16659
7.73167 0 0 0 0 0 0.4 0.551287 0.54849 275 215 483 186 262 321 567 271 369 192 5.41105 397 510 3.16659
7.79832 0 0 0 0 0 0.4 0.551287 0.54849 275 215 483 186 262 321 567 271 369 192 5.41105 397 510 3.16659
7.86499 0 0 0 0 0 0.4 0.551287 0.54849 275 215 483 186 262 321 567 271 369 192 5.41105 397 510 3.16659
7.93164 0 0 0 0 0 0.4 0.551287 0.54849 275 215 483 186 262 321 567 271 369 192 5.41105 397 510 3.16659
7.99834 0 0 0 0 0 0.4 0.551287 0.54849 275 215 483 186 262 321 567 271 369 192 5.41105 397 510 3.16659
8.06501 0 0 0 0 0 0.4 0.551287 0.54849 275 215 483 186 262 321 567 271 369 192 5.41105 397 510 3.16659
8.13166 0 0 0 0 0 0.4 0.551287 0.54849 275 215 483 186 262 321 567 271 369 192 5.41105 397 510 3.16659
8.19832 0 0 0 0 0 0.4 0.551287 0.54849 275 215 483 186 262 321 567 271 369 192 5.41105 397 510 3.16659
8.26501 0 0 0 0 0 0.4 0.551287 0.54849 275 215 483 186 262 321 567 271 369 192 5.41105 397 510 3.16659
8.33167 0 0 0 0 0 0.4 0.551287 0.54849 275 215 483 186 262 321 567 271 369 192 5.41105 397 510 3.16659
8.39833 0 0 0 0 0 0.4 0.551287 0.54849 275 215 483 186 262 321 567 271 369 192 5.41105 397 510 3.16659
8.46499 0 0 0 0 0 0.4 0.551287 0.54849 275 215 483 186 262 321 567 271 369 192 5.41105 397 510 3.16659
8.53166 0 0 0 0 0 0.4 0.551287 0.54849 275 215 483 186 262 321 567 271 369 192 5.41105 397 510 3.16659
8.59834 0 0 0 0 0 0.4 0.551287 0.54849 275 215 483 186 262 321 567 271 369 192 5.41105 397 510 3.16659
8.66502 0 0 0 0 0 0.4 0.551287 0.54849 275 215 483 186 262 321 567 271 369 192 5.41105 397 510 3.16659
8.73167 0 0 0 0 0 0.4 0.551287 0.54849 275 215 483 186 262 321 567 271 369 192 5.41105 397 510 3.16659
8.79832 0 0 0 0 0 0.4 0.551287 0.54849 275 215 483 186 262 321 567 271 369 192 5.41105 397 510 3.16659
8.86499 0 0 0 0 0 0.4 0.551287 0.54849 275 215 483 186 262 321 567 271 369 192 5.41105 397 510 3.16659
8.93164 0 0 0 0 0 0.4 0.551287 0.54849 275 215 483 186 262 321 567 271 369 192 5.41105 397 510 3.16659
8.9983 0 0 0 0 0 0.4 0.551287 0.54849 275 215 483 186 262 321 567 271 369 192 5.41105 397 510 3.16659
9.06502 0 0 0 0 0 0.4 0.551287 0.54849 275 215 483 186 262 321 567 271 369 192 5.41105 397 510 3.16659
9.13167 0 0 0 0 0 0.4 0.551287 0.54849 275 215 483 186 262 321 567 271 369 192 5.41105 397 510 3.16659
9.19832 0 0 0 0 0 0.4 0.551287 0.54849 275 215 483 186 262 321 567 271 369 192 5.41105 397 510 3.16659
9.26501 0 0 0 0 0 0.4 0.551287 0.54849 275 215 483 186 262 321 567 271 369 192 5.41105 397 510 3.16659
9.33168 0 0 0 0 0 0.4 0.551287 0.54849 275 215 483 186 262 321 567 271 369 192 5.41105 397 510 3.16659
9.39832 0 0 0 0 0 0.4 0.551287 0.54849 275 215 483 186 262 321 567 271 369 192 5.41105 397 510 3.16659
9.465 0 0 0 0 0 0.4 0.551287 0.54849 275 215 483 186 262 321 567 271 369 192 5.41105 397 510 3.16659
9.53168 0 0 0 0 0 0.4 0.551287 0.54849 275 215 483 186 262 321 567 271 369 192 5.41105 397 510 3.16659
9.59835 0 0 0 0 0 0.4 0.551287 0.54849 275 215 483 186 262 321 567 271 369 192 5.41105 397 510 3.16659
9.66498 0 0 0 0 0 0.4 0.551287 0.54849 275 215 483 186 262 321 567 271 369 192 5.41105 397 510 3.16659
9.73169 0 0 0 0 0 0.4 0.551287 0.54849 275 215 483 186 262 321 567 271 369 192 5.41105 397 510 3.16659
9.79832 0 0 0 0 0 0.4 0.551287 0.54849 275 215 483 186 262 321 567 271 369 192 5.41105 397 510 3.16659
9.86502 0 0 0 0 0 0.4 0.551287 0.54849 275 215 483 186 262 321 567 271 369 192 5.41105 397 510 3.16659
9.93163 0 0 0 0 0 0.4 0.551287 0.54849 275 215 483 186 262 321 567 271 369 192 5.41105 397 510 3.16659
9.99835 0 0 0 0 0 0.4 0.551287 0.54849 275 215 483 186 262 321 567 271 369 192 5.41105 397 510 3.16659
10.065 0 0 0 0 0 0.4 0.551287 0.54849 275 215 483 186 262 321 567 271 369 192 5.41105 397 510 3.16659
10.1317 0 0 0 0 0 0.4 0.551287 0.54849 275 215 483 186 262 321 567 271 369 192 5.41105 397 510 3.16659
10.1983 0 0 0 0 0 0.4 0.551287 0.54849 275 215 483 186 262 321 567 271 369 192 5.41105 397 510 3.16659
10.265 0 0 0 0 0 0.4 0.551287 0.54849 275 215 483 186 262 321 567 271 369 192 5.41105 397 510 3.16659
10.3317 0 0 0 0 0 0.4 0.551287 0.54849 275 215 483 186 262 321 567 271 369 192 5.41105 397 510 3.16659
10.3983 0 0 0 0 0 0.4 0.551287 0.54849 275 215 483 186 262 321 567 271 369 192 5.41105 397 510 3.16659
10.465 0 0 0 0 0 0.4 0.551287 0.54849 275 215 483 186 262 321 567 271 369 192 5.41105 397 510 3.16659
10.5316 0 0 0 0 0 0.4 0.551287 0.54849 275 215 483 186 262 321 567 271 369 192 5.41105 397 510 3.16659
10.5983 0 0 0 0 0 0.4 0.551287 0.54849 275 215 483 186 262 321 567 271 369 192 5.41105 397 510 3.16659
10.665 0 0 0 0 0 0.4 0.551287 0.54849 275 215 483 186 262 321 567 271 369 192 5.41105 397 510 3.16659
10.7316 0 0 0 0 0 0.4 0.551287 0.54849 275 215 483 186 262 321 567 271 369 192 5.41105 397 510 3.16659
10.7983 0 0 0 0 0 0.4 0.551287 0.54849 275 215 483 186 262 321 567 271 369 192 5.41105 397 510 3.16659
10.865 0 0 0 0 0 0.4 0.551287 0.54849 275 215 483 186 262 321 567 271 369 192 5.41105 397 510 3.16659
10.9316 0 0 0 0 0 0.4 0.551287 0.54849 275 215 483 186 262 321 567 271 369 192 5.41105 397 510 3.16659
10.9983 0 0 0 0 0 0.4 0.551287 0.54849 275 215 483 186 262 321 567 271 369 192 5.41105 397 510 3.16659
11.065 0 0 0 0 0 0.4 0.551287 0.54849 275 215 483 186 262 321 567 271 369 192 5.41105 397 510 3.16659
11.1317 0 0 0 0 0 0.4 0.551287 0.54849 275 215 483 186 262 321 567 271 369 192 5.41105 397 510 3.16659
11.1983 0 0 0 0 0 0.4 0.551287 0.54849 275 215 483 186 262 321 567 271 369 192 5.41105 397 510 3.16659
11.265 0 0 0 0 0 0.4 0.551287 0.54849 275 215 483 186 262 321 567 271 369 192 5.41105 397 510 3.16659
11.3317 0 0 0 0 0 0.4 0.551287 0.54849 275 215 483 186 262 321 567 271 369 192 5.41105 397 510 3.16659
11.3983 0 0 0 0 0 0.4 0.551287 0.54849 275 215 483 186 262 321 567 271 369 192 5.41105 397 510 3.16659
11.465 0 0 0 0 0 0.4 0.551287 0.54849 275 215 483 186 262 321 567 271 369 192 5.41105 397 510 3.16659
11.5317 0 0 0 0 0 0.4 0.551287 0.54849 275 215 483 186 262 321 567 271 369 192 5.41105 397 510 3.16659
11.5984 0 0 0 0 0 0.4 0.551287 0.54849 275 215 483 186 262 321 567 271 369 192 5.41105 397 510 3.16659
11.665 0 0 0 0 0 0.4 0.551287 0.54849 275 215 483 186 262 321 567 271 369 192 5.41105 397 510 3.16659
11.7317 0 0 0 0 0 0.4 0.551287 0.54849 275 215 483 186 262 321 567 271 369 192 5.41105 397 510 3.16659
11.7983 0 0 0 0 0 0.4 0.551287 0.54849 275 215 483 186 262 321 567 271 369 192 5.41105 397 510 3.16659
11.865 0 0 0 0 0 0.4 0.551287 0.54849 275 215 483 186 262 321 567 271 369 192 5.41105 397 510 3.16659
11.9317 0 0 0 0 0 0.4 0.551287 0.54849 275 215 483 186 262 321 567 271 369 192 5.41105 397 510 3.16659
11.9983 0 0 0 0 0 0.4 0.551287 0.54849 275 215 483 186 262 321 567 271 369 192 5.41105 397 510 3.16659
12.065 0 0 0 0 0 0.4 0.551287 0.54849 275 215 483 186 262 321 567 271 369 192 5.41105 397 510 3.16659
12.1317 0 0 0 0 0 0.4 0.551287 0.54849 275 215 483 186 262 321 567 271 369 192 5.41105 397 510 3.16659
12.1983 0 0 0 0 0 0.4 0.551287 0.54849 275 215 483 186 262 321 567 271 369 192 5.41105 397 510 3.16659
12.265 0 0 0 0 0 0.4 0.551287 0.54849 275 215 483 186 262 321 567 271 369 192 5.41105 397 510 3.16659
12.3317 0 0 0 0 0 0.4 0.551287 0.54849 275 215 483 186 262 321 567 271 369 192 5.41105 397 510 3.16659
12.3983 0 0 0 0 0 0.4 0.551287 0.54849 275 215 483 186 262 321 567 271 369 192 5.41105 397 510 3.16659
12.465 0 0 0 0 0 0.4 0.551287 0.54849 275 215 483 186 262 321 567 271 369 192 5.41105 397 510 3.16659
12.5316 0 0 0 0 0 0.4 0.551287 0.54849 275 215 483 186 262 321 567 271 369 192 5.41105 397 510 3.16659
12.5983 0 0 0 0 0 0.4 0.551287 0.54849 275 215 483 186 262 321 567 271 369 192 5.41105 397 510 3.16659
12.665 0 0 0 0 0 0.4 0.551287 0.54849 275 215 483 186 262 321 567 271 369 192 5.41105 397 510 3.16659
12.7317 0 0 0 0 0 0.4 0.551287 0.54849 275 215 483 186 262 321 567 271 369 192 5.41105 397 510 3.16659
12.7983 0 0 0 0 0 0.4 0.551287 0.54849 275 215 483 186 262 321 567 271 369 192 5.41105 397 510 3.16659
12.865 0 0 0 0 0 0.4 0.551287 0.54849 275 215 483 186 262 321 567 271 369 192 5.41105 397 510 3.16659
12.9317 0 0 0 0 0 0.4 0.551287 0.54849 275 215 483 186 262 321 567 271 369 192 5.41105 397 510 3.16659
12.9983 0 0 0 0 0 0.4 0.551287 0.54849 275 215 483 186 262 321 567 271 369 192 5.41105 397 510 3.16659
13.065 0 0 0 0 0 0.4 0.551287 0.54849 275 215 483 186 262 321 567 271 369 192 5.41105 397 510 3.16659
13.1317 0 0 0 0 0 0.4 0.551287 0.54849 275 215 483 186 262 321 567 271 369 192 5.41105 397 510 3.16659
13.1983 0 0 0 0 0 0.4 0.551287 0.54849 275 215 483 186 262 321 567 271 369 192 5.41105 397 510 3.16659
13.265 0 0 0 0 0 0.4 0.551287 0.54849 275 215 483 186 262 321 567 271 369 192 5.41105 397 510 3.16659
13.3317 0 0 0 0 0 0.4 0.551287 0.54849 275 215 483 186 262 321 567 271 369 192 5.41105 397 510 3.16659
13.3983 0 0 0 0 0 0.4 0.551287 0.54849 275 215 483 186 262 321 567 271 369 192 5.41105 397 510 3.16659
13.465 0 0 0 0 0 0.4 0.551287 0.54849 275 215 483 186 262 321 567 271 369 192 5.41105 397 510 3.16659
13.5317 0 0 0 0 0 0.4 0.551287 0.54849 275 215 483 186 262 321 567 271 369 192 5.41105 397 510 3.16659
13.5983 0 0 0 0 0 0.4 0.551287 0.54849 275 215 483 186 262 321 567 271 369 192 5.41105 397 510 3.16659
13.665 0 0 0 0 0 0.4 0.551287 0.54849 275 215 483 186 262 321 567 271 369 192 5.41105 397 510 3.16659
13.7317 0 0 0 0 0 0.4 0.551287 0.54849 275 215 483 186 262 321 567 271 369 192 5.41105 397 510 3.16659
13.7983 0 0 0 0 0 0.4 0.551287 0.54849 275 215 483 186 262 321 567 271 369 192 5.41105 397 510 3.16659
13.865 0 0 0 0 0 0.4 0.551287 0.54849 275 215 483 186 262 321 567 271 369 192 5.41105 397 510 3.16659
13.9317 0 0 0 0 0 0.4 0.551287 0.54849 275 215 483 186 262 321 567 271 369 192 5.41105 397 510 3.16659
13.9983 0 0 0 0 0 0.4 0.551287 0.54849 275 215 483 186 262 321 567 271 369 192 5.41105 397 510 3.16659
14.065 0 0 0 0 0 0.4 0.551287 0.54849 275 215 483 186 262 321 567 271 369 192 5.41105 397 510 3.16659
14.1317 0 0 0 0 0 0.4 0.551287 0.54849 275 215 483 186 262 321 567 271 369 192 5.41105 397 510 3.16659
14.1983 0 0 0 0 0 0.4 0.551287 0.54849 275 215 483 186 262 321 567 271 369 192 5.41105 397 510 3.16659
14.265 0 0 0 0 0 0.4 0.551287 0.54849 275 215 483 186 262 321 567 271 369 192 5.41105 397 510 3.16659
14.3317 0 0 0 0 0 0.4 0.551287 0.54849 275 215 483 186 262 321 567 271 369 192 5.41105 397 510 3.16659
14.3984 0 0 0 0 0 0.4 0.551287 0.54849 275 215 483 186 262 321 567 271 369 192 5.41105 397 510 3.16659
14.465 0 0 0 0 0 0.4 0.551287 0.54849 275 215 483 186 262 321 567 271 369 192 5.41105 397 510 3.16659
14.5316 0 0 0 0 0 0.4 0.551287 0.54849 275 215 483 186 262 321 567 271 369 192 5.41105 397 510 3.16659
14.5983 0 0 0 0 0 0.4 0.551287 0.54849 275 215 483 186 262 321 567 271 369 192 5.41105 397 510 3.16659
14.665 0 0 0 0 0 0.4 0.551287 0.54849 275 215 483 186 262 321 567 271 369 192 5.41105 397 510 3.16659
14.7317 0 0 0 0 0 0.4 0.551287 0.54849 275 215 483 186 262 321 567 271 369 192 5.41105 397 510 3.16659
14.7983 0 0 0 0 0 0.4 0.551287 0.54849 275 215 483 186 262 321 567 271 369 192 5.41105 397 510 3.16659
14.865 0 0 0 0 0 0.4 0.551287 0.54849 275 215 483 186 262 321 567 271 369 192 5.41105 397 510 3.16659
14.9317 0 0 0 0 0 0.4 0.551287 0.54849 275 215 483 186 262 321 567 271 369 192 5.41105 397 510 3.16659
14.9983 0 0 0 0 0 0.4 0.551287 0.54849 275 215 483 186 262 321 567 271 369 192 5.41105 397 510 3.16659
15.065 0 0 0 0 0 0.4 0.551287 0.54849 275 215 483 186 262 321 567 271 369 192 5.41105 397 510 3.16659
15.1316 0 0 0 0 0 0.4 0.551287 0.54849 275 215 483 186 262 321 567 271 369 192 5.41105 397 510 3.16659
15.1983 0 0 0 0 0 0.4 0.551287 0.54849 275 215 483 186 262 321 567 271 369 192 5.41105 397 510 3.16659
15.265 0 0 0 0 0 0.4 0.551287 0.54849 275 215 483 186 262 321 567 271 369 192 5.41105 397 510 3.16659
15.3317 0 0 0 0 0 0.4 0.551287 0.54849 275 215 483 186 262 321 567 271 369 192 5.41105 397 510 3.16659
15.3983 0 0 0 0 0 0.4 0.551287 0.54849 275 215 483 186 262 321 567 271 369 192 5.41105 397 510 3.16659
15.465 0 0 0 0 0 0.4 0.551287 0.54849 275 215 483 186 262 321 567 271 369 192 5.41105 397 510 3.16659
15.5317 0 0 0 0 0 0.4 0.551287 0.54849 275 215 483 186 262 321 567 271 369 192 5.41105 397 510 3.16659
