0.0650852 0 0 0 0 0 0 0 0 0 0 0 0 0 0 0 0 0 0 0 0 0 0
0.131678 0 0 0 0 0 0 0 0 0 0 0 0 0 0 0 0 0 0 0 0 0 0
0.198376 0 0 0 0 0 0 0 0 0 0 0 0 0 0 0 0 0 0 0 0 0 0
0.265021 0 0 0 0 0 0 0 0 0 0 0 0 0 0 0 0 0 0 0 0 0 0
0.331726 0 0 0 0 0 0 0 0 0 0 0 0 0 0 0 0 0 0 0 0 0 0
0.398367 0 0 0 0 0 0 0 0 0 0 0 0 0 0 0 0 0 0 0 0 0 0
0.46507 0 0 0 0 0 0 0 0 0 0 0 0 0 0 0 0 0 0 0 0 0 0
0.531723 0 0 0 0 0 0 0 0 0 0 0 0 0 0 0 0 0 0 0 0 0 0
0.59837 0 0 0 0 0 0 0 0 0 0 0 0 0 0 0 0 0 0 0 0 0 0
0.665067 0 0 0 0 0 0 0 0 0 0 0 0 0 0 0 0 0 0 0 0 0 0
0.73168 0 0 0 0 0 0 0 0 0 0 0 0 0 0 0 0 0 0 0 0 0 0
0.798388 0 0 0 0 0 0 0 0 0 0 0 0 0 0 0 0 0 0 0 0 0 0
0.865041 0 0 0 0 0 0 0 0 0 0 0 0 0 0 0 0 0 0 0 0 0 0
0.931709 0 0 0 0 0 0 0 0 0 0 0 0 0 0 0 0 0 0 0 0 0 0
0.998396 0 0 0 0 0 0 0 0 0 0 0 0 0 0 0 0 0 0 0 0 0 0
1.06504 0 0 0 0 0 0 0 0 0 0 0 0 0 0 0 0 0 0 0 0 0 0
1.13174 0 0 0 0 0 0 0 0 0 0 0 0 0 0 0 0 0 0 0 0 0 0
1.19836 0 0 0 0 0 0 0 0 0 0 0 0 0 0 0 0 0 0 0 0 0 0
1.26506 0 0 0 0 0 0 0 0 0 0 0 0 0 0 0 0 0 0 0 0 0 0
1.3317 0 0 0 0 0 0 0 0 0 0 0 0 0 0 0 0 0 0 0 0 0 0
1.39838 0 0 0 0 0 0 0 0 0 0 0 0 0 0 0 0 0 0 0 0 0 0
1.46508 0 0 0 0 0 0 0 0 0 0 0 0 0 0 0 0 0 0 0 0 0 0
1.53173 0 0 0 0 0 0 0 0 0 0 0 0 0 0 0 0 0 0 0 0 0 0
1.59835 0 0 0 0 0 0 0 0 0 0 0 0 0 0 0 0 0 0 0 0 0 0
1.66507 0 0 0 0 0 0 0 0 0 0 0 0 0 0 0 0 0 0 0 0 0 0
1.73171 0 0 0 0 0 0 0 0 0 0 0 0 0 0 0 0 0 0 0 0 0 0
1.79834 0 0 0 0 0 0 0 0 0 0 0 0 0 0 0 0 0 0 0 0 0 0
1.86506 0 0 0 0 0 0 0 0 0 0 0 0 0 0 0 0 0 0 0 0 0 0
1.9317 0 0 0 0 0 0 0 0 0 0 0 0 0 0 0 0 0 0 0 0 0 0
1.99838 0 0 0 0 0 0 0 0 0 0 0 0 0 0 0 0 0 0 0 0 0 0
2.06505 0 0 0 0 0 0 0 0 0 0 0 0 0 0 0 0 0 0 0 0 0 0
2.13169 0 0 0 0 0 0 0 0 0 0 0 0 0 0 0 0 0 0 0 0 0 0
2.19839 0 0 0 0 0 0 0 0 0 0 0 0 0 0 0 0 0 0 0 0 0 0
2.26504 0 0 0 0 0 0 0 0 0 0 0 0 0 0 0 0 0 0 0 0 0 0
2.33172 0 0 0 0 0 0 0 0 0 0 0 0 0 0 0 0 0 0 0 0 0 0
2.39839 0 0 0 0 0 0 0 0 0 0 0 0 0 0 0 0 0 0 0 0 0 0
2.46504 0 0 0 0 0 0 0 0 0 0 0 0 0 0 0 0 0 0 0 0 0 0
2.53171 0 0 0 0 0 0 0 0 0 0 0 0 0 0 0 0 0 0 0 0 0 0
2.59836 0 0 0 0 0 0 0 0 0 0 0 0 0 0 0 0 0 0 0 0 0 0
2.66505 0 0 0 0 0 0 0 0 0 0 0 0 0 0 0 0 0 0 0 0 0 0
2.73173 0 0 0 0 0 0 0 0 0 0 0 0 0 0 0 0 0 0 0 0 0 0
2.79837 0 0 0 0 0 0 0 0 0 0 0 0 0 0 0 0 0 0 0 0 0 0
2.86505 0 0 0 0 0 0 0 0 0 0 0 0 0 0 0 0 0 0 0 0 0 0
2.93171 0 0 0 0 0 0 0 0 0 0 0 0 0 0 0 0 0 0 0 0 0 0
2.99838 0 0 0 0 0 0 0 0 0 0 0 0 0 0 0 0 0 0 0 0 0 0
3.065 0 0 0 0 0 0 0 0 0 0 0 0 0 0 0 0 0 0 0 0 0 0
3.13168 0 0 0 0 0 0 0 0 0 0 0 0 0 0 0 0 0 0 0 0 0 0
3.19838 0 0 0 0 0 0 0 0 0 0 0 0 0 0 0 0 0 0 0 0 0 0
3.26507 0 0 0 0 0 0 0 0 0 0 0 0 0 0 0 0 0 0 0 0 0 0
3.33174 0 0 0 0 0 0 0 0 0 0 0 0 0 0 0 0 0 0 0 0 0 0
3.39838 0 0 0 0 0 0 0 0 0 0 0 0 0 0 0 0 0 0 0 0 0 0
3.46506 0 0 0 0 0 0 0 0 0 0 0 0 0 0 0 0 0 0 0 0 0 0
3.53173 0 0 0 0 0 0 0 0 0 0 0 0 0 0 0 0 0 0 0 0 0 0
3.59837 0 0 0 0 0 0 0 0 0 0 0 0 0 0 0 0 0 0 0 0 0 0
3.66506 0 0 0 0 0 0 0 0 0 0 0 0 0 0 0 0 0 0 0 0 0 0
3.73173 0 0 0 0 0 0 0 0 0 0 0 0 0 0 0 0 0 0 0 0 0 0
3.7984 0 0 0 0 0 0 0 0 0 0 0 0 0 0 0 0 0 0 0 0 0 0
3.86504 0 0 0 0 0 0 0 0 0 0 0 0 0 0 0 0 0 0 0 0 0 0
3.93172 0 0 0 0 0 0 0 0 0 0 0 0 0 0 0 0 0 0 0 0 0 0
3.9984 0 0 0 0 0 0 0 0 0 0 0 0 0 0 0 0 0 0 0 0 0 0
4.06507 0 0 0 0 0 0 0 0 0 0 0 0 0 0 0 0 0 0 0 0 0 0
4.13172 0 0 0 0 0 0 0 0 0 0 0 0 0 0 0 0 0 0 0 0 0 0
4.1984 0 0 0 0 0 0 0 0 0 0 0 0 0 0 0 0 0 0 0 0 0 0
4.26506 0 0 0 0 0 0 0 0 0 0 0 0 0 0 0 0 0 0 0 0 0 0
4.33171 0 0 0 0 0 0 0 0 0 0 0 0 0 0 0 0 0 0 0 0 0 0
4.39838 0 0 0 0 0 0 0 0 0 0 0 0 0 0 0 0 0 0 0 0 0 0
4.46504 0 0 0 0 0 0 0 0 0 0 0 0 0 0 0 0 0 0 0 0 0 0
4.53173 0 0 0 0 0 0 0 0 0 0 0 0 0 0 0 0 0 0 0 0 0 0
4.59837 0 0 0 0 0 0 0 0 0 0 0 0 0 0 0 0 0 0 0 0 0 0
4.66504 0 0 0 0 0 0 0 0 0 0 0 0 0 0 0 0 0 0 0 0 0 0
4.73172 0 0 0 0 0 0 0 0 0 0 0 0 0 0 0 0 0 0 0 0 0 0
4.79837 0 0 0 0 0 0 0 0 0 0 0 0 0 0 0 0 0 0 0 0 0 0
4.86507 0 0 0 0 0 0 0 0 0 0 0 0 0 0 0 0 0 0 0 0 0 0
4.93172 0 0 0 0 0 0 0 0 0 0 0 0 0 0 0 0 0 0 0 0 0 0
4.99839 0 0 0 0 0 0 0 0 0 0 0 0 0 0 0 0 0 0 0 0 0 0
5.06504 0 0 0 0 0 0 0 0 0 0 0 0 0 0 0 0 0 0 0 0 0 0
5.13173 0 0 0 0 0 0 0 0 0 0 0 0 0 0 0 0 0 0 0 0 0 0
5.19837 0 0 0 0 0 0 0 0 0 0 0 0 0 0 0 0 0 0 0 0 0 0
5.26501 0 0 0 0 0 0 0 0 0 0 0 0 0 0 0 0 0 0 0 0 0 0
5.33169 0 0 0 0 0 0 0 0 0 0 0 0 0 0 0 0 0 0 0 0 0 0
5.39837 0 0 0 0 0 0 0 0 0 0 0 0 0 0 0 0 0 0 0 0 0 0
5.46501 0 0 0 0 0 0 0 0 0 0 0 0 0 0 0 0 0 0 0 0 0 0
5.53173 0 0 0 0 0 0 0 0 0 0 0 0 0 0 0 0 0 0 0 0 0 0
5.59835 0 0 0 0 0 0 0 0 0 0 0 0 0 0 0 0 0 0 0 0 0 0
5.66501 0 0 0 0 0 0 0 0 0 0 0 0 0 0 0 0 0 0 0 0 0 0
5.73171 0 0 0 0 0 0 0 0 0 0 0 0 0 0 0 0 0 0 0 0 0 0
5.79838 0 0 0 0 0 0 0 0 0 0 0 0 0 0 0 0 0 0 0 0 0 0
5.86505 0 0 0 0 0 0 0 0 0 0 0 0 0 0 0 0 0 0 0 0 0 0
5.93173 0 0 0 0 0 0 0 0 0 0 0 0 0 0 0 0 0 0 0 0 0 0
5.99839 0 0 0 0 0 0 0 0 0 0 0 0 0 0 0 0 0 0 0 0 0 0
6.06504 0 0 0 0 0 0 0 0 0 0 0 0 0 0 0 0 0 0 0 0 0 0
6.13169 0 0 0 0 0 0 0 0 0 0 0 0 0 0 0 0 0 0 0 0 0 0
6.19837 0 0 0 0 0 0 0 0 0 0 0 0 0 0 0 0 0 0 0 0 0 0
6.26502 0 0 0 0 0 0 0 0 0 0 0 0 0 0 0 0 0 0 0 0 0 0
6.33169 0 0 0 0 0 0 0 0 0 0 0 0 0 0 0 0 0 0 0 0 0 0
6.39836 0 0 0 0 0 0 0 0 0 0 0 0 0 0 0 0 0 0 0 0 0 0
6.46506 0 0 0 0 0 0 0 0 0 0 0 0 0 0 0 0 0 0 0 0 0 0
6.53174 0 0 0 0 0 0 0 0 0 0 0 0 0 0 0 0 0 0 0 0 0 0
6.59837 0 0 0 0 0 0 0 0 0 0 0 0 0 0 0 0 0 0 0 0 0 0
6.66505 0 0 0 0 0 0 0 0 0 0 0 0 0 0 0 0 0 0 0 0 0 0
6.73173 0 0 0 0 0 0 0 0 0 0 0 0 0 0 0 0 0 0 0 0 0 0
6.79837 0 0 0 0 0 0 0 0 0 0 0 0 0 0 0 0 0 0 0 0 0 0
6.86501 0 0 0 0 0 0 0 0 0 0 0 0 0 0 0 0 0 0 0 0 0 0
6.93172 0 0 0 0 0 0 0 0 0 0 0 0 0 0 0 0 0 0 0 0 0 0
6.9984 0 0 0 0 0 0 0 0 0 0 0 0 0 0 0 0 0 0 0 0 0 0
7.06505 0 0 0 0 0 0 0 0 0 0 0 0 0 0 0 0 0 0 0 0 0 0
7.13173 0 0 0 0 0 0 0 0 0 0 0 0 0 0 0 0 0 0 0 0 0 0
7.19838 0 0 0 0 0 0 0 0 0 0 0 0 0 0 0 0 0 0 0 0 0 0
7.26505 0 0 0 0 0 0 0 0 0 0 0 0 0 0 0 0 0 0 0 0 0 0
7.33172 0 0 0 0 0 0 0 0 0 0 0 0 0 0 0 0 0 0 0 0 0 0
7.39841 0 0 0 0 0 0 0 0 0 0 0 0 0 0 0 0 0 0 0 0 0 0
7.46504 0 0 0 0 0 0 0 0 0 0 0 0 0 0 0 0 0 0 0 0 0 0
7.53173 0 0 0 0 0 0 0 0 0 0 0 0 0 0 0 0 0 0 0 0 0 0
7.59839 0 0 0 0 0 0 0 0 0 0 0 0 0 0 0 0 0 0 0 0 0 0
7.66504 0 0 0 0 0 0 0 0 0 0 0 0 0 0 0 0 0 0 0 0 0 0
7.73171 0 0 0 0 0 0 0 0 0 0 0 0 0 0 0 0 0 0 0 0 0 0
7.79839 0 0 0 0 0 0 0 0 0 0 0 0 0 0 0 0 0 0 0 0 0 0
7.86505 0 0 0 0 0 0 0 0 0 0 0 0 0 0 0 0 0 0 0 0 0 0
7.93171 0 0 0 0 0 0 0 0 0 0 0 0 0 0 0 0 0 0 0 0 0 0
7.99839 0 0 0 0 0 0 0 0 0 0 0 0 0 0 0 0 0 0 0 0 0 0
8.06505 0 0 0 0 0 0 0 0 0 0 0 0 0 0 0 0 0 0 0 0 0 0
8.13173 0 0 0 0 0 0 0 0 0 0 0 0 0 0 0 0 0 0 0 0 0 0
8.1984 0 0 0 0 0 0 0 0 0 0 0 0 0 0 0 0 0 0 0 0 0 0
8.26504 0 0 0 0 0 0 0 0 0 0 0 0 0 0 0 0 0 0 0 0 0 0
8.33174 0 0 0 0 0 0 0 0 0 0 0 0 0 0 0 0 0 0 0 0 0 0
8.39839 0 0 0 0 0 0 0 0 0 0 0 0 0 0 0 0 0 0 0 0 0 0
8.46506 0 0 0 0 0 0 0 0 0 0 0 0 0 0 0 0 0 0 0 0 0 0
8.53173 0 0 0 0 0 0 0 0 0 0 0 0 0 0 0 0 0 0 0 0 0 0
8.59838 0 0 0 0 0 0 0 0 0 0 0 0 0 0 0 0 0 0 0 0 0 0
8.66503 0 0 0 0 0 0 0 0 0 0 0 0 0 0 0 0 0 0 0 0 0 0
8.73173 0 0 0 0 0 0 0 0 0 0 0 0 0 0 0 0 0 0 0 0 0 0
8.79839 0 0 0 0 0 0 0 0 0 0 0 0 0 0 0 0 0 0 0 0 0 0
8.86504 0 0 0 0 0 0 0 0 0 0 0 0 0 0 0 0 0 0 0 0 0 0
8.93171 0 0 0 0 0 0 0 0 0 0 0 0 0 0 0 0 0 0 0 0 0 0
8.99838 0 0 0 0 0 0 0 0 0 0 0 0 0 0 0 0 0 0 0 0 0 0
9.06505 0 0 0 0 0 0 0 0 0 0 0 0 0 0 0 0 0 0 0 0 0 0
9.13172 0 0 0 0 0 0 0 0 0 0 0 0 0 0 0 0 0 0 0 0 0 0
9.19834 0 0 0 0 0 0 0 0 0 0 0 0 0 0 0 0 0 0 0 0 0 0
9.26504 0 0 0 0 0 0 0 0 0 0 0 0 0 0 0 0 0 0 0 0 0 0
9.33173 0 0 0 0 0 0 0 0 0 0 0 0 0 0 0 0 0 0 0 0 0 0
9.39839 0 0 0 0 0 0 0 0 0 0 0 0 0 0 0 0 0 0 0 0 0 0
9.46507 0 0 0 0 0 0 0 0 0 0 0 0 0 0 0 0 0 0 0 0 0 0
9.53173 0 0 0 0 0 0 0 0 0 0 0 0 0 0 0 0 0 0 0 0 0 0
9.59837 0 0 0 0 0 0 0 0 0 0 0 0 0 0 0 0 0 0 0 0 0 0
9.66505 0 0 0 0 0 0 0 0 0 0 0 0 0 0 0 0 0 0 0 0 0 0
9.73173 0 0 0 0 0 0 0 0 0 0 0 0 0 0 0 0 0 0 0 0 0 0
9.79839 0 0 0 0 0 0 0 0 0 0 0 0 0 0 0 0 0 0 0 0 0 0
9.86505 0 0 0 0 0 0 0 0 0 0 0 0 0 0 0 0 0 0 0 0 0 0
9.93172 0 0 0 0 0 0 0 0 0 0 0 0 0 0 0 0 0 0 0 0 0 0
9.9984 0 0 0 0 0 0 0 0 0 0 0 0 0 0 0 0 0 0 0 0 0 0
10.0651 0 0 0 0 0 0 0 0 0 0 0 0 0 0 0 0 0 0 0 0 0 0
10.1317 0 0 0 0 0 0 0 0 0 0 0 0 0 0 0 0 0 0 0 0 0 0
10.1984 0 0 0 0 0 0 0 0 0 0 0 0 0 0 0 0 0 0 0 0 0 0
10.2651 0 0 0 0 0 0 0 0 0 0 0 0 0 0 0 0 0 0 0 0 0 0
10.3317 0 0 0 0 0 0 0 0 0 0 0 0 0 0 0 0 0 0 0 0 0 0
10.3984 0 0 0 0 0 0 0 0 0 0 0 0 0 0 0 0 0 0 0 0 0 0
10.4651 0 0 0 0 0 0 0 0 0 0 0 0 0 0 0 0 0 0 0 0 0 0
10.5317 0 0 0 0 0 0 0 0 0 0 0 0 0 0 0 0 0 0 0 0 0 0
10.5984 0 0 0 0 0 0 0 0 0 0 0 0 0 0 0 0 0 0 0 0 0 0
10.665 0 0 0 0 0 0 0 0 0 0 0 0 0 0 0 0 0 0 0 0 0 0
10.7317 0 0 0 0 0 0 0 0 0 0 0 0 0 0 0 0 0 0 0 0 0 0
10.7984 0 0 0 0 0 0 0 0 0 0 0 0 0 0 0 0 0 0 0 0 0 0
10.865 0 0 0 0 0 0 0 0 0 0 0 0 0 0 0 0 0 0 0 0 0 0
10.9317 0 0 0 0 0 0 0 0 0 0 0 0 0 0 0 0 0 0 0 0 0 0
10.9984 0 0 0 0 0 0 0 0 0 0 0 0 0 0 0 0 0 0 0 0 0 0
11.065 0 0 0 0 0 0 0 0 0 0 0 0 0 0 0 0 0 0 0 0 0 0
11.1317 0 0 0 0 0 0 0 0 0 0 0 0 0 0 0 0 0 0 0 0 0 0
11.1984 0 0 0 0 0 0 0 0 0 0 0 0 0 0 0 0 0 0 0 0 0 0
11.265 0 0 0 0 0 0 0 0 0 0 0 0 0 0 0 0 0 0 0 0 0 0
11.3317 0 0 0 0 0 0 0 0 0 0 0 0 0 0 0 0 0 0 0 0 0 0
11.3984 0 0 0 0 0 0 0 0 0 0 0 0 0 0 0 0 0 0 0 0 0 0
11.465 0 0 0 0 0 0 0 0 0 0 0 0 0 0 0 0 0 0 0 0 0 0
11.5317 0 0 0 0 0 0 0 0 0 0 0 0 0 0 0 0 0 0 0 0 0 0
11.5984 0 0 0 0 0 0 0 0 0 0 0 0 0 0 0 0 0 0 0 0 0 0
11.665 0 0 0 0 0 0 0 0 0 0 0 0 0 0 0 0 0 0 0 0 0 0
11.7317 0 0 0 0 0 0 0 0 0 0 0 0 0 0 0 0 0 0 0 0 0 0
11.7984 0 0 0 0 0 0 0 0 0 0 0 0 0 0 0 0 0 0 0 0 0 0
11.865 0 0 0 0 0 0 0 0 0 0 0 0 0 0 0 0 0 0 0 0 0 0
11.9317 0 0 0 0 0 0 0 0 0 0 0 0 0 0 0 0 0 0 0 0 0 0
11.9984 0 0 0 0 0 0 0 0 0 0 0 0 0 0 0 0 0 0 0 0 0 0
12.065 0 0 0 0 0 0 0 0 0 0 0 0 0 0 0 0 0 0 0 0 0 0
12.1317 0 0 0 0 0 0 0 0 0 0 0 0 0 0 0 0 0 0 0 0 0 0
12.1984 0 0 0 0 0 0 0 0 0 0 0 0 0 0 0 0 0 0 0 0 0 0
12.265 0 0 0 0 0 0 0 0 0 0 0 0 0 0 0 0 0 0 0 0 0 0
12.3317 0 0 0 0 0 0 0 0 0 0 0 0 0 0 0 0 0 0 0 0 0 0
12.3984 0 0 0 0 0 0 0 0 0 0 0 0 0 0 0 0 0 0 0 0 0 0
12.4651 0 0 0 0 0 0 0 0 0 0 0 0 0 0 0 0 0 0 0 0 0 0
12.5317 0 0 0 0 0 0 0 0 0 0 0 0 0 0 0 0 0 0 0 0 0 0
12.5984 0 0 0 0 0 0 0 0 0 0 0 0 0 0 0 0 0 0 0 0 0 0
12.6651 0 0 0 0 0 0 0 0 0 0 0 0 0 0 0 0 0 0 0 0 0 0
12.7317 0 0 0 0 0 0 0 0 0 0 0 0 0 0 0 0 0 0 0 0 0 0
12.7984 0 0 0 0 0 0 0 0 0 0 0 0 0 0 0 0 0 0 0 0 0 0
12.865 0 0 0 0 0 0 0 0 0 0 0 0 0 0 0 0 0 0 0 0 0 0
12.9317 0 0 0 0 0 0 0 0 0 0 0 0 0 0 0 0 0 0 0 0 0 0
12.9984 0 0 0 0 0 0 0 0 0 0 0 0 0 0 0 0 0 0 0 0 0 0
13.0651 0 0 0 0 0 0 0 0 0 0 0 0 0 0 0 0 0 0 0 0 0 0
13.1317 0 0 0 0 0 0 0 0 0 0 0 0 0 0 0 0 0 0 0 0 0 0
13.1984 0 0 0 0 0 0 0 0 0 0 0 0 0 0 0 0 0 0 0 0 0 0
13.2651 0 0 0 0 0 0 0 0 0 0 0 0 0 0 0 0 0 0 0 0 0 0
13.3317 0 0 0 0 0 0 0 0 0 0 0 0 0 0 0 0 0 0 0 0 0 0
13.3984 0 0 0 0 0 0 0 0 0 0 0 0 0 0 0 0 0 0 0 0 0 0
13.465 0 0 0 0 0 0 0 0 0 0 0 0 0 0 0 0 0 0 0 0 0 0
13.5317 0 0 0 0 0 0 0 0 0 0 0 0 0 0 0 0 0 0 0 0 0 0
13.5984 0 0 0 0 0 0 0 0 0 0 0 0 0 0 0 0 0 0 0 0 0 0
13.6651 0 0 0 0 0 0 0 0 0 0 0 0 0 0 0 0 0 0 0 0 0 0
13.7317 0 0 0 0 0 0 0 0 0 0 0 0 0 0 0 0 0 0 0 0 0 0
13.7984 0 0 0 0 0 0 0 0 0 0 0 0 0 0 0 0 0 0 0 0 0 0
13.8651 0 0 0 0 0 0 0 0 0 0 0 0 0 0 0 0 0 0 0 0 0 0
13.9317 0 0 0 0 0 0 0 0 0 0 0 0 0 0 0 0 0 0 0 0 0 0
13.9984 0 0 0 0 0 0 0 0 0 0 0 0 0 0 0 0 0 0 0 0 0 0
14.0651 0 0 0 0 0 0 0 0 0 0 0 0 0 0 0 0 0 0 0 0 0 0
14.1317 0 0 0 0 0 0 0 0 0 0 0 0 0 0 0 0 0 0 0 0 0 0
14.1984 0 0 0 0 0 0 0 0 0 0 0 0 0 0 0 0 0 0 0 0 0 0
14.265 0 0 0 0 0 0 0 0 0 0 0 0 0 0 0 0 0 0 0 0 0 0
14.3317 0 0 0 0 0 0 0 0 0 0 0 0 0 0 0 0 0 0 0 0 0 0
14.3984 0 0 0 0 0 0 0 0 0 0 0 0 0 0 0 0 0 0 0 0 0 0
14.4651 0 0 0 0 0 0 0 0 0 0 0 0 0 0 0 0 0 0 0 0 0 0
14.5317 0 0 0 0 0 0 0 0 0 0 0 0 0 0 0 0 0 0 0 0 0 0
14.5984 0 0 0 0 0 0 0 0 0 0 0 0 0 0 0 0 0 0 0 0 0 0
14.6651 0 0 0 0 0 0 0 0 0 0 0 0 0 0 0 0 0 0 0 0 0 0
14.7317 0 0 0 0 0 0 0 0 0 0 0 0 0 0 0 0 0 0 0 0 0 0
14.7984 0 0 0 0 0 0 0 0 0 0 0 0 0 0 0 0 0 0 0 0 0 0
14.865 0 0 0 0 0 0 0 0 0 0 0 0 0 0 0 0 0 0 0 0 0 0
14.9317 0 0 0 0 0 0 0 0 0 0 0 0 0 0 0 0 0 0 0 0 0 0
14.9984 0 0 0 0 0 0 0 0 0 0 0 0 0 0 0 0 0 0 0 0 0 0
15.0651 0 0 0 0 0 0 0 0 0 0 0 0 0 0 0 0 0 0 0 0 0 0
15.1317 0 0 0 0 0 0 0 0 0 0 0 0 0 0 0 0 0 0 0 0 0 0
15.1984 0 0 0 0 0 0 0 0 0 0 0 0 0 0 0 0 0 0 0 0 0 0
15.265 0 0 0 0 0 0 0 0 0 0 0 0 0 0 0 0 0 0 0 0 0 0
15.3317 0 0 0 0 0 0 0 0 0 0 0 0 0 0 0 0 0 0 0 0 0 0
15.3984 0 0 0 0 0 0 0 0 0 0 0 0 0 0 0 0 0 0 0 0 0 0
15.465 0 0 0 0 0 0 0 0 0 0 0 0 0 0 0 0 0 0 0 0 0 0
15.5317 0 0 0 0 0 0 0 0 0 0 0 0 0 0 0 0 0 0 0 0 0 0
15.5984 0 0 0 0 0 0 0 0 0 0 0 0 0 0 0 0 0 0 0 0 0 0
15.6651 0 0 0 0 0 0 0 0 0 0 0 0 0 0 0 0 0 0 0 0 0 0
15.7317 0 0 0 0 0 0 0 0 0 0 0 0 0 0 0 0 0 0 0 0 0 0
15.7984 0 0 0 0 0 0 0 0 0 0 0 0 0 0 0 0 0 0 0 0 0 0
15.865 0 0 0 0 0 0 0 0 0 0 0 0 0 0 0 0 0 0 0 0 0 0
15.9317 0 0 0 0 0 0 0 0 0 0 0 0 0 0 0 0 0 0 0 0 0 0
15.9984 0 0 0 0 0 0 0 0 0 0 0 0 0 0 0 0 0 0 0 0 0 0
16.0651 0 0 0 0 0 0 0 0 412 146 767 208 396 268 713 319 0 0 0 397 510 3.2048
16.1317 0 0 0 0 0 0 0 0 412 146 768 208 396 268 713 319 0 0 0 397 510 3.2048
16.1984 0 0 0 0 0 0 0 0 413 146 768 208 396 268 713 319 515 39 2.71413 397 510 3.14159
16.2651 0 0 0 0 0 0 0 0 413 146 768 208 396 268 713 319 512 47 2.75154 397 510 3.21836
16.3317 0 0 0 0 0 0 0 0 412 146 767 208 396 267 713 319 508 54 2.79719 397 510 3.2048
16.3984 0 0 0 0 0 0 0 0 413 146 767 208 396 268 713 319 501 61 2.90406 397 510 3.14159
16.465 0 0 0 0 0 0 0 0 412 146 768 208 396 267 713 319 499 68 3.00699 397 510 3.2048
16.5317 0 0 0 0 0 0 0 0 412 146 767 208 396 267 713 319 501 69 3.04812 397 510 3.2048
16.5984 0 0 0 0 0 0 0 0 412 146 767 208 396 267 713 319 501 69 3.04812 397 510 3.2048
16.6651 0 0 0 0 0 0 0 0 412 146 767 208 396 267 713 319 502 69 3.08044 397 510 3.14159
16.7317 0 0 0 0 0 0 0 0 412 146 767 208 396 267 713 319 503 82 3.18281 397 510 3.2048
16.7984 0 0 0 0 0 0 0 0 412 146 767 208 396 267 713 319 503 82 3.18281 397 510 3.2048
16.865 0 0 0 0 0 0 0 0 412 146 767 208 396 267 713 319 503 81 3.22388 397 510 3.14159
16.9317 0 0 0 0 0 0 0 0 412 146 767 208 396 267 713 319 502 82 3.22388 397 510 3.2048
16.9984 0 0 0 0 0 0 0 0 412 146 767 208 396 267 713 319 502 82 3.22388 397 510 3.2048
17.065 0 0 0 0 0 0 0 0 412 146 767 208 396 267 713 319 503 82 3.21363 397 510 3.2048
17.1317 0 0 0 0 0 0 0 0 412 146 767 208 396 267 713 319 503 82 3.21363 397 510 3.2048
17.1984 0 0 0 0 0 0 0 0 412 146 767 208 396 267 713 319 505 83 3.24328 397 510 3.2048
17.265 0 0 0 0 0 0 0 0 412 146 768 208 396 267 713 319 506 85 3.26468 397 510 3.2048
17.3317 0 0 0 0 0 0 0 0 412 146 767 208 396 267 713 319 507 86 3.26468 397 510 3.2048
17.3984 0 0 0 0 0 0 0 0 412 146 767 208 396 267 713 319 507 86 3.24432 397 510 3.2048
17.465 0 0 0 0 0 0 0 0 412 146 767 208 396 267 713 319 507 86 3.24432 397 510 3.2048
17.5317 0 0 0 0 0 0 0 0 412 146 767 208 396 267 713 319 507 86 3.24432 397 510 3.2048
17.5984 0 0 0 0 0 0 0 0 412 146 767 208 396 267 713 319 507 86 3.24432 397 510 3.2048
17.6651 0 0 0 0 0 0 0 0 412 146 767 208 396 267 713 319 507 86 3.25568 397 510 3.2048
17.7317 0 0 0 0 0 0 0 0 412 146 767 208 396 267 713 319 507 86 3.25568 397 510 3.2048
17.7984 0 0 0 0 0 0 0 0 412 146 768 208 396 267 713 319 507 86 3.24432 397 510 3.2048
17.865 0 0 0 0 0 0 0 0 412 146 767 208 396 267 713 319 507 86 3.24432 397 510 3.2048
17.9317 0 0 0 0 0 0 0 0 412 146 767 208 396 267 713 319 507 87 3.26595 397 510 3.15441
17.9984 0 0 0 0 0 0 0 0 412 146 767 208 396 267 713 319 508 86 3.24328 397 510 3.2048
18.0651 0 0 0 0 0 0 0 0 412 146 767 208 396 267 713 319 508 87 3.26595 397 510 3.14159
18.1317 0 0 0 0 0 0 0 0 412 146 767 208 396 267 713 319 506 88 3.28791 397 510 3.2048
18.1984 0 0 0 0 0 0 0 0 412 146 767 208 396 267 713 319 504 89 3.32885 397 510 3.2048
18.2651 0 0 0 0 0 0 0 0 412 146 767 208 396 267 713 319 504 89 3.32885 397 510 3.2048
18.3317 0 0 0 0 0 0 0 0 412 146 767 208 396 267 713 319 504 89 3.31867 397 510 3.2048
18.3984 0 0 0 0 0 0 0 0 412 146 767 208 396 267 713 319 504 89 3.31867 397 510 3.2048
18.4651 0 0 0 0 0 0 0 0 412 146 768 208 396 267 713 319 504 89 3.31867 397 510 3.14159
18.5317 0 0 0 0 0 0 0 0 412 146 767 208 396 267 713 319 504 90 3.30845 397 510 3.2048
18.5984 0.200308 0.303065 0 0 0 0 0 0 412 146 767 208 396 267 713 319 504 90 3.30845 397 510 3.19155
18.665 0.200308 0.303065 0 0 0 0 0 0 412 146 768 208 396 267 713 319 505 89 3.31686 397 510 3.17908
18.7317 0.200051 0.300495 0 3 0 0 0.320308 0.303065 412 146 768 207 396 267 713 319 505 89 3.31509 397 509 3.15394
18.7984 0.200051 0.300495 0 3 0 0 0.320308 0.303065 212 202 768 207 396 267 713 319 503 91 3.31867 397 509 3.14159
18.8651 0.200051 0.300495 0 3 0 0 0.320051 0.300495 211 204 768 207 275 306 713 319 500 93 3.33079 397 511 3.14159
18.9317 0.200051 0.300495 0 3 0 0 0.320051 0.300495 210 206 767 209 274 307 713 317 496 94 3.29819 398 511 3.14159
18.9984 0.200051 0.300495 4 4 0 0 0.320051 0.300495 210 206 768 209 274 307 713 317 494 93 3.28493 397 511 3.14159
19.065 0.200051 0.300495 4 4 0 0 0.320051 0.300495 210 205 767 208 274 307 713 318 493 93 3.27759 397 511 3.19218
19.1317 0.200051 0.300495 4 4 0 0 0.320051 0.300495 210 205 768 208 274 309 713 318 493 93 3.27619 397 510 3.15441
19.1984 0.200051 0.301009 4 -6 0 0 0.320051 0.300495 210 204 767 208 274 308 713 318 492 94 3.26468 397 510 3.2048
19.2651 0.200051 0.301009 4 -6 0 0 0.320051 0.300495 210 204 767 208 274 308 713 319 492 94 3.24538 397 510 3.2048
19.3317 0.200051 0.301009 4 -6 0 0 0.320051 0.301009 212 203 767 208 276 308 713 319 492 95 3.24538 397 510 3.2048
19.3984 0.200051 0.303065 4 -3 0 0 0.320051 0.301009 212 203 768 208 275 308 713 319 492 95 3.24538 397 510 3.2048
19.465 0.200051 0.303065 4 -3 0 0 0.320051 0.301009 213 203 768 208 275 308 713 319 492 95 3.24432 397 510 3.15409
19.5317 0.200051 0.303065 4 -3 0 0 0.320051 0.303065 212 203 768 208 275 308 713 319 493 95 3.23411 397 510 3.20401
19.5984 0.200051 0.300752 4 6 0 0 0.320051 0.303065 210 204 768 208 274 309 713 319 492 95 3.24432 397 510 3.20401
19.6651 0.200051 0.300752 4 6 0 0 0.320051 0.303065 210 204 768 208 274 309 713 319 492 95 3.24432 397 510 3.20401
19.7317 0.200051 0.300752 4 6 0 0 0.320051 0.300752 210 204 768 208 274 309 713 319 492 96 3.24647 397 510 3.15441
19.7984 0.200051 0.300752 4 -2 0 0 0.320051 0.300752 210 204 768 208 274 309 713 319 492 95 3.24432 397 510 3.15441
19.8651 0.200051 0.300752 4 -2 0 0 0.320051 0.300752 210 204 768 208 274 309 713 319 492 96 3.26468 397 510 3.2048
19.9317 0.200051 0.301009 4 -2 0 0 0.320051 0.300752 210 204 767 208 274 309 713 319 492 95 3.24226 397 510 3.15441
19.9984 0.200051 0.301009 4 -2 0 0 0.320051 0.300752 210 204 768 208 274 309 713 319 492 96 3.24432 397 510 3.15409
20.065 0.200051 0.301009 4 -2 0 0 0.320051 0.301009 210 204 768 208 274 309 713 319 492 95 3.24328 397 510 3.14159
20.1317 0.200051 0.301009 4 3 0 0 0.320051 0.301009 210 204 768 208 274 309 713 319 492 95 3.24226 397 510 3.2048
20.1984 0.200051 0.301009 4 3 0 0 0.320051 0.301009 210 204 768 208 274 309 713 319 492 95 3.23317 397 510 3.2048
20.265 0.200051 0.301009 4 3 0 0 0.320051 0.301009 210 204 768 208 274 309 713 319 492 95 3.23317 397 510 3.15441
20.3317 0.200051 0.301009 4 3 0 0 0.320051 0.301009 210 204 768 208 274 309 713 319 492 95 3.23317 397 510 3.14159
20.3984 0.200051 0.301009 4 3 0 0 0.320051 0.301009 210 204 767 208 274 309 713 319 492 95 3.24328 397 510 3.20401
20.465 0.200051 0.301009 4 3 0 0 0.320051 0.301009 210 204 768 208 274 309 713 319 492 95 3.24328 397 510 3.2048
20.5317 0.200051 0.300752 3 0 0 0 0.320051 0.301009 210 204 768 208 274 309 713 319 492 95 3.24328 397 510 3.2048
20.5984 0.200051 0.300752 3 0 0 0 0.320051 0.301009 210 204 768 208 274 309 713 319 492 95 3.23225 397 510 3.15441
20.665 0.200051 0.300752 3 0 0 0 0.320051 0.300752 210 204 768 208 274 309 713 319 492 95 3.23317 397 510 3.14159
20.7317 0.200051 0.301009 4 0 0 0 0.320051 0.300752 210 204 768 208 274 309 713 319 492 96 3.24226 397 510 3.15441
20.7984 0.200051 0.301009 4 0 0 0 0.320051 0.300752 210 204 768 208 274 309 713 319 492 96 3.24226 397 510 3.2048
20.8651 0.200051 0.301009 4 0 0 0 0.320051 0.301009 210 204 768 208 274 309 713 319 492 95 3.24328 397 510 3.14159
20.9317 0.200051 0.301009 4 -1 0 0 0.320051 0.301009 210 204 768 208 274 309 713 319 492 95 3.24226 397 510 3.20401
20.9984 0.200051 0.301009 4 -1 0 0 0.320051 0.301009 210 204 768 208 274 309 713 319 492 95 3.23317 397 510 3.2048
21.0651 0.200051 0.301009 4 -1 0 0 0.320051 0.301009 210 204 768 208 274 309 713 319 492 96 3.24226 397 510 3.14159
21.1317 0.200051 0.301009 3 3 0 0 0.320051 0.301009 210 204 768 208 274 309 713 319 492 95 3.23317 397 510 3.14159
21.1984 0.200051 0.301009 3 3 0 0 0.320051 0.301009 210 204 768 208 274 309 713 319 492 96 3.24226 397 510 3.14159
21.2651 0.200051 0.301009 3 3 0 0 0.320051 0.301009 210 204 768 208 274 309 713 319 492 96 3.24226 397 510 3.14159
21.3317 0.200051 0.301009 4 3 0 0 0.320051 0.301009 210 204 768 208 274 309 713 319 492 95 3.23317 397 510 3.1669
21.3984 0.200051 0.301009 4 3 0 0 0.320051 0.301009 210 204 768 208 274 309 713 319 492 96 3.24226 397 510 3.14159
21.465 0.200051 0.301009 4 3 0 0 0.320051 0.301009 210 204 768 208 274 309 713 319 492 96 3.24226 397 510 3.14159
21.5317 0.200051 0.301009 4 0 0 0 0.320051 0.301009 210 204 768 208 274 309 713 319 492 95 3.23225 397 510 3.2048
21.5984 0.200051 0.301009 4 0 0 0 0.320051 0.301009 210 204 768 208 274 309 713 319 492 95 3.24328 397 510 3.2048
21.665 0.200051 0.301009 3 0 0 0 0.320051 0.301009 210 204 768 208 274 309 713 319 492 95 3.23317 397 510 3.15441
21.7317 0.200051 0.301009 3 0 0 0 0.320051 0.301009 210 204 767 208 274 309 713 319 492 96 3.24226 397 510 3.2048
21.7984 0.200051 0.301009 3 0 0 0 0.320051 0.301009 210 204 768 208 274 309 713 319 492 95 3.24328 397 510 3.2048
21.8651 0.200051 0.300752 3 -2 0 0 0.320051 0.301009 210 204 768 208 274 309 713 319 492 95 3.23225 397 510 3.20401
21.9317 0.200051 0.300752 3 -2 0 0 0.320051 0.301009 210 204 768 208 274 309 713 319 492 96 3.24226 397 510 3.2048
21.9984 0.200051 0.300752 3 -2 0 0 0.320051 0.300752 210 204 768 208 274 309 713 319 492 95 3.23317 397 510 3.2048
22.065 0.200051 0.301009 4 0 0 0 0.320051 0.300752 210 204 768 208 274 309 713 319 492 96 3.24226 397 510 3.2048
22.1317 0.200051 0.301009 4 0 0 0 0.320051 0.300752 210 204 768 208 274 309 713 319 492 96 3.24432 397 510 3.15441
22.1984 0.200051 0.301009 4 0 0 0 0.320051 0.301009 210 204 768 208 274 309 713 319 492 95 3.24328 397 510 3.15441
22.265 0.200051 0.301009 4 0 0 0 0.320051 0.301009 210 204 768 208 274 309 713 319 492 95 3.23317 397 510 3.2048
22.3317 0.200051 0.301009 4 0 0 0 0.320051 0.301009 210 204 768 208 274 309 713 319 492 95 3.24226 397 510 3.2048
22.3984 0.200051 0.301009 4 0 0 0 0.320051 0.301009 210 204 768 208 274 309 713 319 492 96 3.24226 397 510 3.15441
22.4651 0.200051 0.301009 3 3 0 0 0.320051 0.301009 210 204 768 208 274 309 713 319 492 95 3.24328 397 510 3.15441
22.5317 0.200051 0.301009 3 3 0 0 0.320051 0.301009 210 204 768 208 274 309 713 319 492 95 3.25451 397 510 3.20401
22.5984 0.200051 0.301009 3 3 0 0 0.320051 0.301009 210 204 768 208 274 309 713 319 492 96 3.24226 397 510 3.2048
22.6651 0.200051 0.300752 4 0 0 0 0.320051 0.301009 210 204 768 208 274 309 713 319 492 96 3.24432 397 510 3.2048
22.7317 0.200051 0.300752 4 0 0 0 0.320051 0.301009 210 204 767 208 274 309 713 319 492 95 3.23225 397 510 3.20401
22.7984 0.200051 0.300752 4 0 0 0 0.320051 0.300752 210 204 768 208 274 309 713 319 492 96 3.24226 397 510 3.2048
22.8651 0.200051 0.301009 3 0 0 0 0.320051 0.300752 210 204 768 208 274 309 713 319 492 95 3.24328 397 510 3.20401
22.9317 0.200051 0.301009 3 0 0 0 0.320051 0.300752 210 204 768 208 274 309 713 319 492 95 3.23317 397 510 3.20401
22.9984 0.200051 0.301009 3 0 0 0 0.320051 0.301009 210 204 768 208 274 309 713 319 492 95 3.23225 397 510 3.14159
23.0651 0.200051 0.301009 4 -1 0 0 0.320051 0.301009 210 204 768 208 274 309 713 319 492 95 3.23225 397 510 3.14159
23.1317 0.200051 0.301009 4 -1 0 0 0.320051 0.301009 210 204 768 208 274 309 713 319 492 96 3.24226 397 510 3.15441
23.1984 0.200051 0.301009 4 0 0 0 0.320051 0.301009 210 204 768 208 274 309 713 319 492 95 3.23317 397 510 3.2048
23.265 0.200051 0.301009 4 0 0 0 0.320051 0.301009 210 204 768 208 274 309 713 319 492 96 3.24226 397 510 3.14159
23.3317 0.200051 0.301009 4 0 0 0 0.320051 0.301009 210 204 768 208 274 309 713 319 492 95 3.23317 397 510 3.2048
23.3984 0.200051 0.301009 3 3 0 0 0.320051 0.301009 210 204 768 208 274 309 713 319 492 95 3.24328 397 510 3.20401
23.4651 0.200051 0.301009 3 3 0 0 0.320051 0.301009 210 204 768 208 274 309 713 319 492 95 3.23317 397 510 3.20401
23.5317 0.200051 0.301009 3 3 0 0 0.320051 0.301009 210 204 768 208 274 309 713 319 492 96 3.24226 397 510 3.2048
23.5984 0.200051 0.301009 4 0 0 0 0.320051 0.301009 210 204 768 208 274 309 713 319 492 95 3.23317 397 510 3.20401
23.665 0.200051 0.301009 4 0 0 0 0.320051 0.301009 210 204 768 208 274 309 713 319 492 96 3.24226 397 510 3.2048
23.7317 0.200051 0.301009 4 0 0 0 0.320051 0.301009 210 204 768 207 274 309 713 319 492 96 3.24226 397 510 3.2048
23.7984 0.200051 0.301009 4 0 0 0 0.320051 0.301009 210 204 768 208 274 309 713 319 492 95 3.23317 397 510 3.14159
23.865 0.200051 0.301009 4 0 0 0 0.320051 0.301009 210 204 768 208 274 309 713 319 492 96 3.24226 397 510 3.2048
23.9317 0.200051 0.301009 4 0 0 0 0.330051 0.311009 210 204 768 208 274 309 713 319 492 95 3.24328 397 510 3.2048
23.9984 0.200051 0.301009 4 0 0 0 0.330051 0.311009 210 204 768 208 274 309 713 319 492 96 3.24432 397 510 3.20401
24.065 0.200051 0.300752 4 0 0 0 0.330051 0.311009 211 204 768 208 274 309 713 319 492 96 3.24226 397 510 3.15441
24.1317 0.200051 0.300752 4 0 0 0 0.330051 0.311009 210 204 768 208 274 309 713 319 492 96 3.24226 397 510 3.15441
24.1984 0.200051 0.300752 4 0 0 0 0.330051 0.311009 210 204 768 208 274 309 713 319 492 96 3.24226 397 510 3.20401
24.265 0.200051 0.300752 4 0 0 0 0.330051 0.311009 210 204 768 208 274 309 713 319 492 96 3.24226 397 510 3.20401
24.3317 0.20365 0.301009 8 -2 0 0 0.330051 0.311009 210 204 754 198 274 309 704 311 492 95 3.23317 397 510 3.2048
24.3984 0.20365 0.301009 8 -2 0 0 0.340051 0.321009 210 204 749 195 274 309 704 311 492 95 3.24328 397 510 3.20401
24.4651 0.20365 0.301009 8 -2 0 0 0.340051 0.321009 210 204 749 195 274 309 704 311 492 95 3.24328 397 510 3.2174
24.5317 0.20365 0.301009 8 -2 0 0 0.340051 0.321009 210 204 749 194 275 308 703 310 492 95 3.23317 397 510 3.2048
24.5984 0.20365 0.301009 8 -2 0 0 0.340051 0.321009 222 196 749 194 282 303 703 310 492 95 3.24226 397 510 3.1669
24.6651 0.209562 0.310263 9 -17 0 0 0.340051 0.321009 224 195 749 194 282 303 703 310 492 96 3.24328 397 510 3.2048
24.7317 0.209562 0.310263 9 -17 0 0 0.340051 0.321009 224 195 749 194 282 303 703 310 492 96 3.24328 397 510 3.2048
24.7984 0.209562 0.310263 9 -17 0 0 0.340051 0.321009 224 195 743 191 283 303 695 304 492 96 3.24328 397 510 3.15425
24.8651 0.209562 0.310263 9 -17 0 0 0.350051 0.331009 224 195 731 184 283 303 692 301 492 96 3.24328 397 510 3.2048
24.9317 0.21933 0.31052 10 -1 0 0 0.350051 0.331009 224 195 729 183 283 303 691 301 492 96 3.24328 397 510 3.2048
24.9983 0.21933 0.31052 10 -1 0 0 0.350051 0.331009 224 195 729 183 283 303 691 301 492 96 3.24328 397 510 3.2048
25.0651 0.21933 0.31052 10 -1 0 0 0.350051 0.331009 243 184 729 183 294 295 691 301 492 96 3.24328 397 510 3.2048
25.1317 0.21933 0.31052 10 -1 0 0 0.350051 0.331009 244 183 729 183 295 294 691 301 492 96 3.24432 397 510 3.2048
25.1984 0.219587 0.320545 1 -17 0 0 0.350051 0.331009 245 183 729 183 295 294 691 301 492 95 3.24432 397 511 3.16628
25.2651 0.219587 0.320545 1 -17 0 0 0.350051 0.331009 245 183 728 183 295 294 688 299 492 95 3.23225 397 510 3.20561
25.3317 0.219587 0.320545 1 -17 0 0 0.350051 0.331009 245 183 712 174 295 295 681 295 492 95 3.25451 397 511 3.19218
25.3984 0.219587 0.320545 1 -17 0 0 0.360051 0.341009 245 183 710 173 295 295 680 295 492 95 3.25451 397 510 3.20561
25.4651 0.219587 0.320545 1 -17 0 0 0.360051 0.341009 245 183 711 173 295 295 681 295 492 95 3.25451 397 510 3.2048
25.5317 0.229355 0.324401 13 -10 0 0 0.360051 0.341009 266 171 710 172 308 288 680 295 492 95 3.25337 397 510 3.19218
25.5984 0.229355 0.324401 13 -10 0 0 0.360051 0.341009 267 171 711 172 308 288 680 295 492 96 3.24432 397 510 3.19218
25.665 0.229355 0.324401 13 -10 0 0 0.360051 0.341009 267 171 711 172 308 288 680 295 492 96 3.24432 397 510 3.19218
25.7317 0.229355 0.324401 13 -10 0 0 0.360051 0.341009 267 171 711 173 308 287 680 295 492 96 3.23225 397 510 3.19218
25.7984 0.233211 0.33057 26 -11 0 0 0.360051 0.341009 267 171 692 165 308 287 669 289 492 96 3.25568 397 509 3.12894
25.865 0.233211 0.33057 26 -11 0 0 0.370051 0.351009 267 171 691 165 308 287 669 288 492 96 3.25451 397 510 3.2048
25.9317 0.233211 0.33057 26 -11 0 0 0.370051 0.351009 267 172 691 165 308 287 669 288 492 96 3.25451 397 510 3.14159
25.9984 0.233211 0.33057 26 -11 0 0 0.370051 0.351009 274 169 691 165 317 283 668 288 492 96 3.25337 397 510 3.2048
26.065 0.239381 0.340338 19 -17 0 0 0.370051 0.351009 288 164 690 166 321 280 668 288 492 96 3.24328 397 510 3.20561
26.1317 0.239381 0.340338 19 -17 0 0 0.370051 0.351009 290 163 690 166 322 280 668 288 492 96 3.24328 397 510 3.15425
26.1984 0.239381 0.340338 19 -17 0 0 0.370051 0.351009 290 163 691 166 322 281 669 288 492 95 3.25451 397 510 3.2048
26.2651 0.239381 0.340338 19 -17 0 0 0.370051 0.351009 290 163 673 160 322 281 656 282 493 95 3.24328 397 511 3.19218
26.3317 0.249149 0.340595 24 -1 0 0 0.380051 0.37 290 163 669 158 322 281 656 283 492 95 3.24328 397 511 3.20401
26.3984 0.249149 0.340595 24 -1 0 0 0.380051 0.37 290 163 670 158 322 282 656 283 492 95 3.24328 397 511 3.19218
26.465 0.249149 0.340595 24 -1 0 0 0.380051 0.37 292 162 669 158 326 280 656 283 492 95 3.25451 397 511 3.19155
26.5317 0.249149 0.340595 24 -1 0 0 0.380051 0.37 311 156 669 157 335 277 656 283 492 95 3.24432 397 511 3.19155
26.5984 0.249149 0.340595 24 -1 0 0 0.380051 0.37 313 156 669 157 336 277 656 283 492 94 3.25337 397 510 3.20561
26.665 0.249406 0.35062 8 -17 0 0 0.380051 0.37 313 155 669 157 336 277 656 283 492 95 3.25451 397 510 3.14159
26.7317 0.249406 0.35062 8 -17 0 0 0.380051 0.37 313 155 657 154 335 277 645 280 492 95 3.25451 397 510 3.2048
26.7984 0.249406 0.35062 8 -17 0 0 0.390051 0.37 313 155 647 152 336 277 643 279 492 95 3.24432 397 510 3.19094
26.865 0.249406 0.35062 8 -17 0 0 0.390051 0.37 313 155 646 151 336 277 643 278 492 95 3.25451 397 510 3.19218
26.9317 0.259174 0.357818 21 -10 0 0 0.390051 0.37 313 155 646 152 337 276 642 278 492 96 3.24432 398 510 3.19283
26.9984 0.259174 0.357818 21 -10 0 0 0.390051 0.37 363 146 646 152 366 269 642 278 492 95 3.24328 397 510 3.2048
27.065 0.259174 0.357818 21 -10 0 0 0.390051 0.37 360 147 646 152 364 270 642 279 492 95 3.24328 397 510 3.20561
27.1317 0.259174 0.357818 21 -10 0 0 0.390051 0.37 360 147 646 152 364 270 642 279 492 95 3.25451 397 511 3.18004
27.1984 0.263286 0.369899 25 -17 0 0 0.390051 0.37 361 146 642 152 364 270 635 276 492 95 3.24226 397 510 3.17908
27.2651 0.263286 0.369899 25 -17 0 0 0.41 0.37 361 147 623 148 364 270 628 274 492 96 3.24432 397 510 3.2048
27.3317 0.263286 0.369899 25 -17 0 0 0.41 0.37 361 148 622 149 364 269 627 274 492 96 3.25337 397 510 3.1669
27.3984 0.263286 0.369899 25 -17 0 0 0.41 0.37 361 147 621 149 365 269 627 274 492 95 3.25337 397 510 3.2048
27.465 0.263286 0.369899 25 -17 0 0 0.41 0.37 361 147 621 149 364 269 627 274 492 96 3.24328 397 510 3.14159
27.5317 0.269456 0.369899 19 -17 0 0 0.41 0.37 361 147 621 148 364 269 627 274 492 95 3.23225 397 510 3.2048
27.5983 0.269456 0.369899 19 -17 0 0 0.41 0.37 361 147 621 148 364 269 627 274 492 95 3.23225 397 510 3.2048
27.6651 0.269456 0.369899 19 -17 0 0 0.41 0.37 361 147 620 149 364 270 622 274 492 95 3.23225 397 511 3.20401
27.7317 0.269456 0.369899 19 -17 0 0 0.41 0.37 361 147 579 146 365 270 603 271 492 95 3.23225 397 511 3.19155
27.7983 0.288478 0.369899 22 -17 0 0 0.389456 0.369899 361 147 577 146 364 270 600 271 451 94 3.34291 397 511 3.20401
27.8651 0.288478 0.369899 22 -17 0 0 0.389456 0.369899 361 147 576 146 365 270 601 271 446 95 3.52397 397 511 3.19218
27.9317 0.288478 0.369899 22 -17 0 0 0.408478 0.369899 361 147 576 146 365 270 600 271 446 96 3.72395 397 511 3.19349
27.9984 0.288992 0.369899 -100 -17 0 0 0.408478 0.369899 361 147 576 146 365 270 600 270 445 96 3.77489 397 510 3.14159
28.0651 0.288992 0.369899 -100 -17 0 0 0.408478 0.369899 361 147 576 146 365 270 600 271 446 96 3.76662 397 510 3.21836
28.1317 0.288992 0.369899 -100 -17 0 0 0.408992 0.369899 362 146 617 147 364 272 623 275 446 94 3.76662 397 511 3.2174
28.1984 0.269713 0.369899 0 0 0 0 0.408992 0.369899 361 145 616 146 365 271 624 275 445 95 3.76662 397 510 3.19283
28.265 0.269713 0.369899 0 0 0 0 0.408992 0.369899 361 145 616 146 365 271 624 275 445 95 3.76662 397 510 3.19283
28.3317 0.269713 0.369899 0 0 0 0 0.389713 0.369899 361 145 615 146 364 271 623 274 446 96 3.75575 397 510 3.19094
28.3984 0.271769 0.369899 1 -1 0 0 0.389713 0.369899 361 146 615 146 365 270 623 274 446 96 3.77267 397 509 3.2048
28.4651 0.271769 0.369899 1 -1 0 0 0.389713 0.369899 361 146 615 146 364 271 603 271 445 96 3.76662 397 510 3.2048
28.5317 0.271769 0.369899 1 -1 0 0 0.389713 0.369899 361 146 577 145 364 270 600 271 446 96 3.78098 397 510 3.2048
28.5984 0.288478 0.369899 25 -3 0 0 0.389713 0.369899 361 146 576 145 365 270 600 271 445 96 3.78098 397 510 3.19155
28.6651 0.288478 0.369899 25 -3 0.2 0.2 0.389913 0.370099 361 146 576 145 365 270 599 271 446 96 3.75824 397 510 3.19155
28.7317 0.272283 0.369899 -1 -6 0.2 0.2 0.390113 0.370299 361 147 576 145 365 270 600 271 446 97 3.77489 397 509 3.2048
28.7984 0.272283 0.369899 -1 -6 0.2 0.2 0.390313 0.370499 361 146 599 145 365 270 618 273 445 96 3.76662 397 510 3.18004
28.865 0.272283 0.369899 -1 -6 0.2 0.2 0.390513 0.370699 361 146 599 145 365 270 623 273 446 96 3.77267 397 509 3.19218
28.9317 0.26997 0.369642 4 -1 0.2 0.2 0.390713 0.370899 361 146 614 146 365 270 622 273 446 97 3.77267 397 509 3.19218
28.9984 0.26997 0.369642 4 -1 0.2 0.2 0.390913 0.371099 361 146 614 147 365 269 622 272 446 98 3.78098 397 509 3.1669
29.065 0.26997 0.369642 4 -1 0.2 0.2 0.391113 0.371299 361 147 614 147 365 269 622 272 446 97 3.78098 397 510 3.2048
29.1317 0.26997 0.369899 4 -17 0.2 0.2 0.391313 0.371499 361 147 614 147 365 269 623 273 446 97 3.78098 397 510 3.14159
29.1984 0.26997 0.369899 4 -17 0.2 0.2 0.391513 0.371699 361 147 613 147 365 269 622 273 445 96 3.76662 397 510 3.20401
29.265 0.26997 0.369899 4 -17 0.2 0.2 0.391713 0.371899 361 147 613 147 364 269 622 273 445 96 3.76662 397 510 3.20401
29.3317 0.26997 0.369899 12 -18 0.2 0.2 0.391913 0.372099 361 147 614 147 365 270 622 273 445 96 3.76662 397 510 3.20401
29.3984 0.26997 0.369899 12 -18 0.2 0.2 0.392113 0.372299 361 147 614 147 365 270 622 273 445 97 3.78098 397 510 3.20401
29.465 0.26997 0.369899 12 -18 0.2 0.2 0.392313 0.372499 361 147 614 147 365 270 622 273 445 96 3.76662 397 510 3.20401
29.5317 0.270484 0.37067 13 -18 0.2 0.2 0.392513 0.372699 361 147 614 147 365 270 622 273 445 97 3.77489 397 510 3.14159
29.5984 0.270484 0.37067 13 -18 0.2 0.2 0.392713 0.372899 363 146 613 147 366 269 622 273 447 97 3.7689 397 510 3.14159
29.6651 0.270484 0.37067 13 -18 0.2 0.2 0.392913 0.373099 364 147 613 147 366 270 622 273 448 97 3.77705 397 510 3.2048
29.7317 0.271255 0.370927 12 -25 0.2 0.2 0.393113 0.373299 363 147 613 147 366 270 622 273 448 97 3.79114 397 510 3.15441
29.7984 0.271255 0.370927 12 -25 0.2 0.2 0.393313 0.373499 364 147 612 147 366 270 622 273 448 97 3.76662 397 510 3.2048
29.8651 0.271255 0.370927 12 -25 0.2 0.2 0.393513 0.373699 363 146 612 147 366 270 621 273 448 96 3.77489 397 510 3.2048
29.9317 0.271512 0.371956 19 -18 0.2 0.2 0.393713 0.373899 365 147 612 147 367 269 621 273 451 97 3.75232 397 510 3.15441
29.9983 0.271512 0.371956 19 -18 0.2 0.2 0.393913 0.374099 366 146 612 147 368 269 622 273 451 96 3.76066 397 510 3.2048
30.0651 0.271512 0.371956 19 -18 0.2 0.2 0.394113 0.374299 366 146 611 147 368 269 620 273 451 96 3.76066 397 510 3.2048
30.1317 0.27254 0.371956 19 -20 0.2 0.2 0.394313 0.374499 366 146 610 146 368 269 620 273 451 96 3.7689 397 510 3.15441
30.1984 0.27254 0.371956 19 -20 0.2 0.2 0.394513 0.374699 366 146 610 146 368 270 620 273 451 96 3.77267 397 510 3.20401
30.265 0.27254 0.371956 19 -20 0.2 0.2 0.394713 0.374899 368 146 610 147 368 270 620 273 454 96 3.76066 397 510 3.14159
30.3317 0.27254 0.372727 17 -20 0.2 0.2 0.394913 0.375099 368 146 610 147 368 270 620 273 454 96 3.76066 397 510 3.14159
30.3984 0.27254 0.372727 17 -20 0.2 0.2 0.395113 0.375299 368 146 608 146 369 269 619 273 454 96 3.76066 397 510 3.2048
30.465 0.273311 0.373498 17 -20 0.2 0.2 0.395313 0.375499 368 146 608 146 369 269 619 272 454 96 3.76066 397 510 3.2048
30.5317 0.273311 0.373498 17 -20 0.2 0.2 0.395513 0.375699 368 146 608 146 370 269 619 272 454 96 3.7548 397 510 3.2048
30.5983 0.273311 0.373498 17 -20 0.2 0.2 0.395713 0.375899 370 146 609 147 370 269 619 273 456 96 3.75232 397 510 3.2048
30.6651 0.27434 0.373755 19 -27 0.2 0.2 0.395913 0.376099 370 146 609 147 370 269 619 272 456 96 3.76426 397 510 3.15441
30.7317 0.27434 0.373755 19 -27 0.2 0.2 0.396113 0.376299 370 146 606 146 370 269 618 272 456 96 3.76426 397 510 3.15441
30.7984 0.27434 0.373755 19 -27 0.2 0.2 0.396313 0.376499 370 146 606 146 370 269 618 272 456 95 3.74388 397 510 3.15441
30.8651 0.27434 0.374783 37 -22 0.2 0.2 0.396513 0.376699 371 146 606 146 371 268 618 273 457 96 3.7465 397 510 3.14159
30.9317 0.27434 0.374783 37 -22 0.2 0.2 0.396713 0.376899 372 146 606 146 372 268 618 272 459 96 3.75232 397 510 3.14159
30.9984 0.27434 0.374783 37 -22 0.2 0.2 0.396913 0.377099 372 146 606 146 371 269 617 272 459 96 3.75232 397 510 3.14159
31.065 0.275368 0.374783 19 -20 0.2 0.2 0.397113 0.377299 373 146 604 146 372 268 616 272 459 96 3.73534 397 510 3.15441
31.1317 0.275368 0.374783 19 -20 0.2 0.2 0.397313 0.377499 373 146 604 146 372 268 616 272 459 96 3.75232 397 510 3.14159
31.1984 0.275368 0.374783 19 -20 0.2 0.2 0.397513 0.377699 375 146 604 146 373 268 616 272 461 96 3.7465 397 510 3.14159
31.265 0.275368 0.375554 30 -21 0.2 0.2 0.397713 0.377899 375 146 604 146 373 269 616 272 462 96 3.74077 397 510 3.12894
31.3317 0.275368 0.375554 30 -21 0.2 0.2 0.397913 0.378099 375 146 603 146 373 269 615 272 462 96 3.74077 397 510 3.15441
31.3984 0.275368 0.375554 30 -21 0.2 0.2 0.398113 0.378299 375 146 602 146 373 269 615 272 462 96 3.74077 397 510 3.2048
31.465 0.276396 0.376582 17 -23 0.2 0.2 0.398313 0.378499 375 146 602 146 373 269 615 272 462 96 3.7465 397 510 3.2048
31.5317 0.276396 0.376582 17 -23 0.2 0.2 0.398513 0.378699 377 146 602 146 375 268 615 272 465 96 3.75232 397 510 3.20401
31.5984 0.276396 0.376582 17 -23 0.2 0.2 0.398713 0.378899 378 146 602 146 375 268 615 272 465 96 3.73809 397 510 3.15409
31.665 0.277167 0.37684 17 -25 0.2 0.2 0.398913 0.379099 378 146 601 146 375 268 615 272 465 96 3.75232 397 510 3.20401
31.7317 0.277167 0.37684 17 -25 0.2 0.2 0.399113 0.379299 378 146 600 146 375 268 615 272 465 96 3.74388 397 510 3.15441
31.7983 0.277167 0.37684 17 -25 0.2 0.2 0.399313 0.379499 378 145 600 146 376 268 614 272 465 96 3.7465 397 510 3.2048
31.865 0.277167 0.377611 33 -19 0.2 0.2 0.399513 0.379699 379 145 600 146 376 268 614 272 467 96 3.7324 397 510 3.2048
31.9317 0.277167 0.377611 33 -19 0.2 0.2 0.399713 0.379899 379 146 600 146 376 268 614 272 467 96 3.7465 397 510 3.21836
31.9984 0.278196 0.377611 19 -19 0.2 0.2 0.399913 0.380099 379 146 598 146 376 268 613 272 467 96 3.7465 397 510 3.14159
32.065 0.278196 0.377611 19 -19 0.2 0.2 0.400113 0.380299 379 146 598 146 376 268 613 272 467 96 3.7465 397 510 3.2048
32.1317 0.278196 0.377611 19 -19 0.2 0.2 0.400313 0.380499 380 146 598 146 377 268 613 272 468 96 3.73809 397 510 3.14159
32.1984 0.278196 0.378639 23 -22 0.2 0.2 0.400513 0.380699 382 145 598 146 378 268 613 271 470 96 3.7324 397 510 3.15409
32.265 0.278196 0.378639 23 -22 0.2 0.2 0.400713 0.380899 382 146 596 146 378 268 612 271 471 97 3.72395 397 510 3.2048
32.3317 0.278196 0.378639 23 -22 0.2 0.2 0.400913 0.381099 382 146 596 146 378 268 612 271 471 97 3.72395 397 510 3.2048
32.3984 0.278967 0.37941 19 -18 0.2 0.2 0.401113 0.381299 382 146 596 146 378 268 612 271 471 97 3.72395 397 510 3.15441
32.465 0.278967 0.37941 19 -18 0.2 0.2 0.401313 0.381499 383 145 596 146 378 268 612 271 472 97 3.72395 397 510 3.2048
32.5317 0.278967 0.37941 19 -18 0.2 0.2 0.401513 0.381699 385 145 596 146 379 268 612 271 473 97 3.72395 397 510 3.15441
32.5984 0.279738 0.37941 23 -27 0.2 0.2 0.401713 0.381899 384 145 596 146 379 268 611 272 473 97 3.72395 397 510 3.2174
32.665 0.279738 0.37941 23 -27 0.2 0.2 0.401913 0.382099 385 145 594 146 379 268 610 272 473 97 3.7296 397 510 3.21836
32.7317 0.279738 0.37941 23 -27 0.2 0.2 0.402113 0.382299 385 145 594 146 379 268 610 272 472 97 3.73809 397 510 3.21836
32.7984 0.279738 0.380181 39 -22 0.2 0.2 0.402313 0.382499 387 145 594 146 381 268 610 272 475 97 3.72681 397 510 3.2048
32.8651 0.279738 0.380181 39 -22 0.2 0.2 0.402513 0.382699 387 145 594 146 381 268 610 272 476 97 3.7324 397 510 3.2048
32.9317 0.279738 0.380181 39 -22 0.2 0.2 0.402713 0.382899 387 145 592 146 381 268 609 271 476 97 3.7324 397 510 3.15441
32.9984 0.281023 0.380438 24 -21 0.2 0.2 0.402913 0.383099 387 145 592 146 381 268 609 271 476 97 3.7324 397 510 3.15441
33.0651 0.281023 0.380438 24 -21 0.2 0.2 0.403113 0.383299 387 146 592 146 381 268 609 271 476 97 3.7324 397 510 3.20401
33.1317 0.281023 0.380438 24 -21 0.2 0.2 0.403313 0.383499 389 145 592 146 382 268 609 271 478 98 3.71839 397 510 3.20401
33.1984 0.281023 0.381209 28 -26 0.2 0.2 0.403513 0.383699 389 145 592 146 382 268 609 271 478 98 3.71839 397 510 3.20401
33.2651 0.281023 0.381209 28 -26 0.2 0.2 0.403713 0.383899 390 145 590 145 382 268 608 271 478 98 3.71839 397 510 3.1669
33.3317 0.281023 0.381209 28 -26 0.2 0.2 0.403913 0.384099 390 145 589 146 382 268 608 271 479 97 3.73534 397 510 3.15441
33.3984 0.281794 0.381981 22 -26 0.2 0.2 0.404113 0.384299 390 145 589 146 383 268 607 271 478 97 3.71839 397 510 3.21836
33.465 0.281794 0.381981 22 -26 0.2 0.2 0.404313 0.384499 392 145 589 146 383 267 607 271 481 98 3.71839 397 510 3.14159
33.5317 0.282565 0.382238 22 -29 0.2 0.2 0.404513 0.384699 392 145 589 146 383 267 608 271 481 97 3.721 397 510 3.14159
33.5984 0.282565 0.382238 22 -29 0.2 0.2 0.404713 0.384899 392 145 588 146 384 267 607 271 481 97 3.70988 397 510 3.12909
33.665 0.282565 0.382238 22 -29 0.2 0.2 0.404913 0.385099 392 145 588 146 384 267 607 271 482 97 3.71539 397 510 3.15441
33.7317 0.282822 0.383009 23 -26 0.2 0.2 0.405113 0.385299 393 145 588 146 384 268 607 271 482 98 3.71839 397 510 3.20401
33.7984 0.282822 0.383009 23 -26 0.2 0.2 0.405313 0.385499 394 145 588 146 385 268 606 271 483 98 3.7324 397 510 3.2048
33.865 0.282822 0.383009 23 -26 0.2 0.2 0.405513 0.385699 394 145 587 146 385 268 606 271 484 98 3.7296 397 510 3.2048
33.9317 0.283851 0.383009 20 -21 0.2 0.2 0.405713 0.385899 394 145 586 146 385 268 606 270 484 98 3.7296 397 510 3.15441
33.9984 0.283851 0.383009 20 -21 0.2 0.2 0.405913 0.386099 394 145 585 145 385 268 605 271 484 97 3.71539 397 510 3.15441
34.065 0.283851 0.383009 20 -21 0.2 0.2 0.406113 0.386299 396 145 585 145 385 268 605 271 486 98 3.72395 397 510 3.2048
34.1317 0.283851 0.384294 29 -22 0.2 0.2 0.406313 0.386499 397 145 585 146 387 268 605 271 487 98 3.71539 397 510 3.14159
34.1984 0.283851 0.384294 29 -22 0.2 0.2 0.406513 0.386699 397 145 585 146 387 268 604 271 488 98 3.7324 397 510 3.20401
34.265 0.283851 0.384294 29 -22 0.2 0.2 0.406713 0.386899 397 145 583 145 387 268 604 271 487 98 3.7296 397 510 3.14159
34.3317 0.284879 0.385065 26 -25 0.2 0.2 0.406913 0.387099 397 145 583 145 387 268 604 271 487 98 3.7296 397 510 3.14159
34.3984 0.284879 0.385065 26 -25 0.2 0.2 0.407113 0.387299 399 145 583 145 388 268 604 271 489 99 3.71839 397 510 3.17908
34.4651 0.284879 0.385065 26 -25 0.2 0.2 0.407313 0.387499 399 145 584 146 388 268 604 271 490 99 3.71293 397 510 3.2048
34.5317 0.28565 0.385065 30 -31 0.2 0.2 0.407513 0.387699 399 145 584 146 388 268 604 271 489 99 3.7324 397 510 3.2048
34.5984 0.28565 0.385065 30 -31 0.2 0.2 0.407713 0.387899 399 145 584 146 388 268 604 271 489 99 3.7324 397 510 3.2048
34.665 0.28565 0.385065 30 -31 0.2 0.2 0.407913 0.388099 399 145 584 146 388 268 604 271 489 98 3.71539 397 510 3.2048
34.7317 0.28565 0.386093 22 -29 0.2 0.2 0.408113 0.388299 399 145 584 146 388 268 604 271 490 99 3.70674 397 510 3.15441
34.7984 0.28565 0.386093 22 -29 0.2 0.2 0.408313 0.388499 399 145 584 146 388 268 604 271 490 99 3.70674 397 510 3.15441
34.8651 0.28565 0.386093 22 -29 0.2 0.2 0.408513 0.388699 399 145 584 146 388 268 604 271 490 99 3.7296 397 510 3.15441
34.9317 0.286421 0.386093 22 -34 0.2 0.2 0.408713 0.388899 399 145 584 146 388 267 604 271 490 99 3.70674 397 510 3.14159
34.9984 0.286421 0.386093 22 -34 0.2 0.2 0.408913 0.389099 399 145 584 146 388 268 604 271 490 99 3.721 397 510 3.14159
35.0651 0.286421 0.386093 22 -34 0.2 0.2 0.409113 0.389299 400 145 584 146 388 268 604 271 490 99 3.7324 397 510 3.2048
35.1317 0.286421 0.386608 30 -37 0.2 0.2 0.409313 0.389499 400 145 584 146 388 268 604 271 490 98 3.71539 397 510 3.14159
35.1983 0.286421 0.386608 30 -37 0.2 0.2 0.409513 0.389699 400 145 584 146 388 268 604 271 490 98 3.71539 397 510 3.14159
35.265 0.287192 0.387379 32 -37 0 0 0.409513 0.389699 400 145 584 146 389 268 604 271 490 98 3.71539 397 510 3.14159
35.3317 0.287192 0.387379 32 -37 0 0 0.409513 0.389699 400 145 585 146 389 268 604 271 491 99 3.71293 397 510 3.15441
35.3984 0.287192 0.387379 32 -37 0 0 0.409513 0.389699 400 145 585 146 389 268 605 271 491 99 3.70674 397 510 3.16659
35.4651 0.288221 0.387379 26 -40 0 0 0.409513 0.389699 400 145 585 146 389 268 605 271 491 99 3.721 397 510 3.15409
35.5317 0.288221 0.387379 26 -40 0 0 0.409513 0.389699 400 145 585 146 389 268 605 271 491 99 3.721 397 510 3.15441
35.5984 0.288221 0.387379 26 -40 0 0 0.409513 0.389699 400 145 585 146 389 268 605 271 491 99 3.7324 397 510 3.15409
35.665 0.287964 0.38815 35 -43 0 0 0.409513 0.389699 400 145 585 146 389 268 605 271 491 99 3.721 397 510 3.21836
35.7317 0.287964 0.38815 35 -43 0 0 0.409513 0.389699 400 145 585 146 389 268 605 271 491 99 3.721 397 510 3.17908
35.7984 0.287964 0.38815 35 -43 0 0 0.409513 0.389699 400 145 585 146 389 268 605 271 491 99 3.721 397 511 3.19349
35.865 0.288478 0.38815 28 -46 0 0 0.409513 0.389699 400 145 585 146 389 268 605 271 491 99 3.721 397 511 3.16628
35.9317 0.288478 0.38815 28 -46 0 0 0.409513 0.389699 400 145 585 146 389 268 605 271 491 99 3.721 397 510 3.15441
35.9984 0.288478 0.38815 28 -46 0 0 0.409513 0.389699 400 145 585 146 389 268 605 271 491 99 3.721 397 510 3.15409
36.0651 0.288221 0.38815 31 -46 0 0 0.409513 0.389699 400 145 585 146 389 268 605 271 491 99 3.721 397 510 3.20401
36.1317 0.288221 0.38815 31 -46 0 0 0.409513 0.389699 400 145 585 146 389 268 605 271 491 98 3.70988 397 510 3.15409
36.1984 0.288221 0.38815 31 -46 0 0 0.409513 0.389699 400 145 585 146 389 268 605 271 491 99 3.721 397 510 3.15409
36.265 0.288478 0.38815 29 -46 0 0 0.409513 0.389699 400 145 585 146 389 268 605 271 491 99 3.721 397 510 3.2048
36.3317 0.288478 0.38815 29 -46 0 0 0.409513 0.389699 400 145 585 146 389 268 605 271 491 99 3.71231 397 510 3.15425
36.3984 0.288478 0.38815 29 -46 0 0 0.409513 0.389699 400 145 585 146 389 268 605 271 491 99 3.71231 397 510 3.15425
36.4651 0.288221 0.38815 30 -46 0 0 0.409513 0.389699 400 145 585 146 389 268 605 271 491 99 3.721 397 510 3.14159
36.5317 0.288221 0.38815 30 -46 0 0 0.409513 0.389699 400 145 585 146 389 268 605 271 491 99 3.721 397 510 3.2048
36.5984 0.288221 0.38815 30 -46 0 0 0.409513 0.389699 400 145 585 146 389 268 605 271 491 99 3.721 397 510 3.14159
36.6651 0.288221 0.38815 31 -46 0 0 0.409513 0.389699 400 145 585 146 389 268 605 271 491 99 3.721 397 510 3.2048
36.7317 0.288221 0.38815 31 -46 0.2 0.2 0.409713 0.389899 400 145 585 146 389 268 605 271 491 99 3.721 397 510 3.15409
36.7984 0.288478 0.38815 17 -46 0.2 0.2 0.409913 0.390099 400 145 585 146 389 268 605 271 491 99 3.721 397 510 3.2048
36.8651 0.288478 0.38815 17 -46 0.2 0.2 0.410113 0.390299 400 145 585 146 389 268 605 271 491 99 3.721 397 510 3.15441
36.9317 0.288478 0.38815 17 -46 0.2 0.2 0.410313 0.390499 400 145 585 146 389 268 605 271 491 99 3.721 397 510 3.2048
36.9984 0.288478 0.38815 20 -46 0.2 0.2 0.410513 0.390699 400 145 585 146 389 268 605 271 491 99 3.721 397 510 3.17908
37.065 0.288478 0.38815 20 -46 0.2 0.2 0.410713 0.390899 400 145 585 146 389 268 605 271 491 99 3.721 397 510 3.16659
37.1317 0.288478 0.38815 20 -46 0.2 0.2 0.410913 0.391099 400 145 585 146 389 268 605 271 491 99 3.721 397 510 3.2048
37.1984 0.288221 0.38815 18 -46 0.2 0.2 0.411113 0.391299 400 145 585 146 389 268 605 271 491 99 3.721 397 510 3.15441
37.265 0.288221 0.38815 18 -46 0.2 0.2 0.411313 0.391499 400 145 585 146 389 268 605 271 491 99 3.721 397 510 3.2048
37.3317 0.288221 0.38815 18 -46 0.2 0.2 0.411513 0.391699 400 145 585 146 389 268 605 271 491 99 3.721 397 510 3.15409
37.3984 0.288992 0.38815 28 -50 0.2 0.2 0.411713 0.391899 400 145 585 146 389 268 605 271 491 99 3.721 397 510 3.2048
37.4651 0.288992 0.38815 28 -50 0.2 0.2 0.411913 0.392099 400 145 585 146 389 268 605 272 491 99 3.7296 397 510 3.17908
37.5317 0.288992 0.38815 28 -50 0.2 0.2 0.412113 0.392299 400 145 585 146 389 268 605 271 491 99 3.721 397 510 3.21836
37.5984 0.289249 0.389178 34 -47 0.2 0.2 0.412313 0.392499 400 145 585 146 389 268 605 271 491 99 3.71539 397 510 3.17908
37.6651 0.289249 0.389178 34 -47 0.2 0.2 0.412513 0.392699 401 145 585 146 389 268 605 271 491 99 3.71539 397 510 3.20401
37.7317 0.289249 0.389178 34 -47 0.2 0.2 0.412713 0.392899 401 145 585 146 389 268 605 272 491 99 3.71539 397 510 3.20401
37.7984 0.29002 0.389178 30 -44 0.2 0.2 0.412913 0.393099 400 145 585 146 389 268 605 271 491 99 3.721 397 510 3.2048
37.8651 0.29002 0.389178 30 -44 0.2 0.2 0.413113 0.393299 401 145 585 146 389 268 605 272 491 99 3.71539 397 511 3.16628
37.9317 0.29002 0.389178 30 -44 0.2 0.2 0.413313 0.393499 401 145 585 146 389 268 605 271 492 99 3.71539 397 511 3.16628
37.9984 0.290277 0.390206 35 -47 0.2 0.2 0.413513 0.393699 401 145 585 146 389 268 605 271 492 99 3.7324 397 510 3.20561
38.0651 0.290277 0.390206 35 -47 0.2 0.2 0.413713 0.3939 401 145 585 146 389 268 605 271 492 99 3.7324 397 511 3.19155
38.1317 0.290277 0.390206 35 -47 0.2 0.2 0.413913 0.3941 401 145 585 146 389 268 606 271 492 99 3.7324 397 510 3.15441
38.1984 0.291305 0.390977 35 -57 0.2 0.2 0.414113 0.3943 401 145 585 146 389 268 606 271 492 99 3.72395 397 511 3.19218
38.2651 0.291305 0.390977 35 -57 0.2 0.2 0.414313 0.3945 401 145 585 146 389 268 605 272 492 99 3.71539 397 511 3.19218
38.3317 0.291562 0.39072 41 -60 0.2 0.2 0.414513 0.3947 401 145 586 146 389 268 606 271 492 99 3.7296 397 511 3.19218
38.3984 0.291562 0.39072 41 -60 0.2 0.2 0.414713 0.3949 401 145 585 146 389 268 606 271 492 99 3.71539 397 511 3.19218
38.465 0.291562 0.39072 41 -60 0.2 0.2 0.414913 0.3951 401 145 585 146 389 268 606 271 492 99 3.71539 397 511 3.18004
38.5317 0.291562 0.391749 44 -56 0.2 0.2 0.415113 0.3953 401 145 585 146 389 268 606 271 492 99 3.7296 397 511 3.19218
38.5984 0.291562 0.391749 44 -56 0.2 0.2 0.415313 0.3955 401 145 586 146 389 268 606 272 492 99 3.70988 397 511 3.19218
38.665 0.291562 0.391749 44 -56 0.2 0.2 0.415513 0.3957 401 145 586 146 389 268 606 271 492 99 3.70988 397 511 3.19218
38.7317 0.29259 0.391749 51 -59 0.2 0.2 0.415713 0.3959 401 145 585 146 389 268 606 271 492 99 3.70988 397 511 3.19218
38.7984 0.29259 0.391749 51 -59 0.2 0.2 0.415913 0.3961 401 146 585 146 389 268 606 271 492 99 3.70988 397 511 3.19218
38.865 0.29259 0.391749 51 -59 0.2 0.2 0.416113 0.3963 401 146 585 146 389 268 606 271 492 99 3.7296 397 511 3.19218
38.9317 0.29259 0.392263 38 -61 0.2 0.2 0.416313 0.3965 401 146 586 146 389 268 606 272 492 99 3.7296 397 511 3.19218
38.9984 0.29259 0.392263 38 -61 0.2 0.2 0.416513 0.3967 401 145 586 146 389 268 606 272 492 99 3.73534 397 511 3.19218
39.065 0.29259 0.392263 38 -61 0.2 0.2 0.416713 0.3969 401 145 586 146 389 268 606 272 492 99 3.71539 397 511 3.19218
39.1317 0.293619 0.393291 48 -66 -0.4 0 0.416313 0.3969 401 145 586 146 389 268 606 272 492 99 3.71539 397 511 3.19218
39.1984 0.293619 0.393291 48 -66 -0.4 0 0.415913 0.3969 401 146 585 147 389 268 606 272 492 99 3.71539 397 511 3.19218
39.2651 0.293619 0.393291 48 -66 -0.4 0 0.415513 0.3969 401 146 586 147 389 268 606 272 492 99 3.71539 397 511 3.19218
39.3317 0.29439 0.393291 45 -75 -0.4 0 0.415113 0.3969 401 146 586 147 389 268 606 272 492 99 3.71539 397 511 3.19218
39.3984 0.29439 0.393291 45 -75 -0.4 0 0.414713 0.3969 401 146 586 147 389 268 606 272 492 99 3.71539 397 511 3.19218
39.465 0.29439 0.393291 45 -75 -0.4 0 0.414313 0.3969 401 146 586 147 389 268 606 272 492 99 3.71539 397 511 3.19218
39.5317 0.29439 0.394319 20 -68 -0.4 0 0.413913 0.3969 401 146 586 147 389 268 606 272 492 99 3.71539 397 511 3.19218
39.5984 0.29439 0.394319 20 -68 -0.4 0 0.413513 0.3969 401 146 586 147 389 268 606 272 492 99 3.71539 397 511 3.19218
39.6651 0.29439 0.394319 20 -68 -0.4 0 0.413113 0.3969 401 146 586 147 389 268 606 272 492 99 3.71539 397 511 3.19218
39.7317 0.29439 0.394319 16 -73 -0.4 0 0.412713 0.3969 401 146 586 147 389 268 606 272 492 99 3.71539 397 511 3.19218
39.7984 0.29439 0.394319 16 -73 -0.4 0 0.412313 0.3969 401 146 586 147 389 268 606 272 492 99 3.71539 397 511 3.2048
39.865 0.29439 0.394319 16 -73 -0.4 0 0.411913 0.3969 401 146 586 147 389 268 606 272 492 99 3.71539 397 511 3.19218
39.9317 0.294133 0.394319 16 -71 -0.4 0 0.411513 0.3969 401 146 586 147 389 268 606 272 492 99 3.71539 397 511 3.19218
39.9984 0.294133 0.394319 16 -71 -0.4 0 0.411113 0.3969 401 146 586 146 389 268 607 271 493 100 3.71293 397 511 3.19218
40.065 0.292848 0.394319 13 -68 -0.4 0 0.410713 0.3969 401 146 586 146 389 268 607 271 493 100 3.70674 397 511 3.19218
40.1317 0.292848 0.394319 13 -68 -0.4 0 0.410313 0.3969 402 146 586 146 389 268 607 272 493 99 3.71539 397 511 3.19218
40.1984 0.292848 0.394319 13 -68 -0.4 0 0.409913 0.3969 402 145 586 146 389 268 607 272 493 99 3.71539 397 511 3.19218
40.2651 0.291305 0.394576 12 -60 0.2 -0.2 0.410113 0.3967 402 145 586 147 390 268 607 272 493 99 3.71539 397 511 3.19218
40.3317 0.291305 0.394576 12 -60 0.2 -0.2 0.410313 0.3965 404 145 586 147 391 268 608 272 495 99 3.69258 397 511 3.19218
40.3984 0.291305 0.394576 12 -60 0.2 -0.2 0.410513 0.3963 405 145 586 147 391 268 609 272 496 99 3.69258 397 511 3.19218
40.465 0.290791 0.394833 -1 -61 0.2 -0.2 0.410713 0.3961 405 146 590 147 391 268 609 272 496 99 3.698 397 511 3.19218
40.5317 0.290791 0.394833 -1 -61 0.2 -0.2 0.410913 0.3959 405 145 590 147 391 268 608 272 497 100 3.70127 397 511 3.19218
40.5984 0.290791 0.394833 -1 -61 0.2 -0.2 0.411113 0.3957 405 146 590 147 391 268 609 272 497 99 3.698 397 511 3.19218
40.665 0.289763 0.39509 9 -48 0.2 -0.2 0.411313 0.3955 406 146 591 147 392 268 609 272 498 100 3.6959 397 511 3.14159
40.7317 0.289763 0.39509 9 -48 0.2 -0.2 0.411513 0.3953 407 146 592 147 392 268 610 272 499 100 3.68378 397 511 3.18004
40.7984 0.289763 0.39509 9 -48 0.2 -0.2 0.411713 0.3951 407 146 592 147 392 268 610 272 499 100 3.68725 397 510 3.21836
40.8651 0.289763 0.39509 29 -47 0.2 -0.2 0.411913 0.3949 407 146 592 147 392 268 610 272 499 100 3.6959 397 511 3.14159
40.9317 0.289763 0.39509 29 -47 0.2 -0.2 0.412113 0.3947 407 146 592 147 392 268 610 272 499 100 3.6959 397 511 3.19218
40.9984 0.289763 0.39509 29 -47 0.2 -0.2 0.412313 0.3945 407 146 592 147 392 268 610 272 499 100 3.6959 397 511 3.19349
41.065 0.29002 0.39509 27 -26 0.2 -0.2 0.412513 0.3943 407 146 592 147 392 268 610 272 499 100 3.6959 397 511 3.19349
41.1317 0.29002 0.39509 27 -26 0.2 -0.2 0.412713 0.3941 407 146 592 147 392 268 610 272 499 100 3.6959 397 511 3.14159
41.1984 0.29002 0.39509 27 -26 0.2 -0.2 0.412913 0.3939 407 146 592 147 392 268 610 272 499 100 3.6959 397 511 3.19218
41.2651 0.290791 0.39509 25 -1 0.2 -0.2 0.413113 0.393699 407 146 592 147 392 268 610 272 499 100 3.6959 397 511 3.19218
41.3317 0.290791 0.39509 25 -1 0.2 -0.2 0.413313 0.393499 407 146 592 147 392 268 610 272 499 100 3.6959 397 511 3.19218
41.3983 0.290791 0.39509 25 -1 0.2 -0.2 0.413513 0.393299 407 146 592 147 392 268 610 272 499 100 3.6959 397 511 3.19218
41.465 0.291048 0.394319 38 -17 0.2 -0.2 0.413713 0.393099 407 146 592 147 392 268 610 272 499 100 3.68915 397 510 3.17908
41.5317 0.291048 0.394319 38 -17 0.2 -0.2 0.413913 0.392899 407 146 592 147 392 268 610 272 499 99 3.698 397 510 3.2048
41.5984 0.291305 0.394319 40 0 0.2 -0.2 0.414113 0.392699 406 146 592 147 392 268 609 272 498 99 3.69258 397 511 3.18004
41.665 0.291305 0.394319 40 0 0.2 -0.2 0.414313 0.392499 406 146 592 147 392 268 609 272 498 99 3.69258 397 511 3.18004
41.7317 0.291305 0.394319 40 0 0.2 -0.2 0.414513 0.392299 406 146 591 147 392 268 610 272 498 100 3.6959 397 510 3.17908
41.7984 0.291562 0.393548 33 -15 0.2 -0.2 0.414713 0.392099 406 146 591 147 392 268 610 272 498 100 3.6959 397 510 3.17908
41.8651 0.291562 0.393548 33 -15 0.2 -0.2 0.414913 0.391899 406 146 591 147 392 268 609 272 498 100 3.6959 397 510 3.20561
41.9317 0.291562 0.393548 33 -15 0.2 -0.2 0.415113 0.391699 406 146 591 147 392 268 609 272 498 100 3.70127 397 511 3.19349
41.9984 0.292076 0.392777 47 -12 0.2 -0.2 0.415313 0.391499 406 145 591 147 392 268 609 272 498 100 3.70127 397 511 3.16628
42.0651 0.292076 0.392777 47 -12 -0.4 0 0.414913 0.391499 405 145 591 147 391 268 609 272 497 99 3.69258 397 510 3.2048
42.1317 0.292076 0.392777 47 -12 -0.4 0 0.414513 0.391499 405 146 590 146 391 268 609 272 497 100 3.70127 397 510 3.15409
42.1984 0.293105 0.392777 47 2 -0.4 0 0.414113 0.391499 405 146 590 146 391 268 609 272 497 100 3.6959 397 510 3.15441
42.265 0.293105 0.392777 47 2 -0.4 0 0.413713 0.391499 405 146 590 147 391 268 609 272 497 99 3.698 397 511 3.19349
42.3317 0.293105 0.392777 47 2 -0.4 0 0.413313 0.391499 405 145 590 147 391 268 609 272 497 99 3.698 398 510 3.18004
42.3984 0.292848 0.391749 32 -2 -0.4 0 0.412913 0.391499 404 145 590 147 391 268 608 272 496 100 3.70127 397 510 3.2048
42.4651 0.292848 0.391749 32 -2 -0.4 0 0.412513 0.391499 404 146 589 147 391 268 608 272 496 100 3.71539 397 510 3.19218
42.5317 0.292848 0.391749 32 -2 -0.4 0 0.412113 0.391499 404 146 589 146 391 268 608 272 495 99 3.70988 397 510 3.17908
42.5984 0.292848 0.391492 39 0 -0.4 0 0.411713 0.391499 404 146 589 146 391 268 608 272 495 99 3.70988 397 510 3.2048
42.6651 0.292848 0.391492 39 0 -0.4 0 0.411313 0.391499 404 146 589 147 391 268 608 272 495 99 3.70988 397 511 3.14159
42.7317 0.292848 0.391492 39 0 -0.4 0 0.410913 0.391499 404 145 589 147 390 268 608 272 495 100 3.70127 397 510 3.17908
42.7984 0.292848 0.391492 14 -7 -0.4 0 0.410513 0.391499 404 146 589 147 390 268 608 272 495 100 3.70127 397 511 3.14159
42.865 0.292848 0.391492 14 -7 -0.4 0 0.410113 0.391499 404 146 589 147 390 268 608 272 495 100 3.70127 397 511 3.19218
42.9317 0.292848 0.391492 14 -7 -0.4 0 0.409713 0.391499 404 146 589 147 390 268 608 272 495 99 3.70988 397 510 3.17908
42.9984 0.291819 0.391234 12 -7 -0.4 0 0.409313 0.391499 404 145 589 147 390 268 608 272 495 100 3.70127 397 510 3.17908
43.065 0.291819 0.391234 12 -7 -0.4 0 0.408913 0.391499 404 145 589 147 391 268 608 272 495 100 3.70127 397 510 3.17908
43.1317 0.290534 0.391234 2 -9 -0.4 0 0.408513 0.391499 404 146 589 147 390 268 608 272 495 100 3.70127 397 510 3.21836
43.1983 0.290534 0.391234 2 -9 -0.4 0 0.408113 0.391499 404 146 589 146 390 268 608 271 495 99 3.70127 397 510 3.2048
43.265 0.290534 0.391234 2 -9 -0.4 0 0.407713 0.391499 404 146 589 146 391 268 608 272 496 100 3.70127 397 510 3.17908
43.3317 0.290277 0.391234 -7 -2 -0.4 0 0.407313 0.391499 404 146 589 146 391 268 608 271 496 100 3.70127 397 510 3.15409
43.3984 0.290277 0.391234 -7 -2 -0.4 0 0.406913 0.391499 404 146 589 146 391 268 608 272 496 100 3.70127 397 510 3.17908
43.465 0.290277 0.391234 -7 -2 -0.4 0 0.406513 0.391499 404 146 589 146 391 268 608 272 496 100 3.70127 397 510 3.17908
43.5317 0.288735 0.391234 0 -8 -0.4 0 0.406113 0.391499 404 146 589 146 391 268 609 272 496 100 3.70127 397 510 3.17908
43.5984 0.288735 0.391234 0 -8 -0.4 0 0.405713 0.391499 404 146 590 147 391 268 609 272 496 100 3.70127 397 510 3.15409
43.665 0.288735 0.391234 0 -8 -0.4 0 0.405313 0.391499 404 146 590 147 391 268 609 272 496 100 3.70127 397 510 3.2048
43.7317 0.288478 0.391234 -1 -9 -0.4 0 0.404913 0.391499 404 146 590 147 391 268 609 272 496 100 3.6959 397 510 3.2048
43.7984 0.288478 0.391234 -1 -9 -0.4 0 0.404513 0.391499 404 145 590 147 391 268 609 272 496 100 3.70127 397 510 3.2048
43.865 0.288478 0.391234 -1 -9 -0.4 0 0.404113 0.391499 406 146 591 146 391 268 610 272 498 99 3.698 397 510 3.2048
43.9317 0.286678 0.391234 0 -15 -0.4 0 0.403713 0.391499 406 146 592 146 392 268 610 272 498 99 3.68915 397 510 3.2048
43.9984 0.286678 0.391234 0 -15 -0.4 0 0.403313 0.391499 406 145 592 146 392 268 609 272 497 98 3.67489 397 510 3.2048
44.0651 0.286678 0.391234 0 -15 -0.4 0 0.402913 0.391499 406 146 592 146 392 268 610 272 498 99 3.68915 397 511 3.14159
44.1317 0.284622 0.391492 0 -15 -0.4 0 0.402513 0.391499 406 146 592 146 392 268 610 272 498 99 3.68564 397 510 3.17908
44.1984 0.284622 0.391492 0 -15 -0.4 0 0.402113 0.391499 406 145 593 146 392 268 610 272 496 112 3.70388 397 510 3.2048
44.2651 0.284622 0.391492 0 -15 -0.4 0 0.401713 0.391499 406 145 593 146 392 268 610 272 496 112 3.70388 397 510 3.20401
44.3317 0.284622 0.391234 -10 0 -0.4 0 0.401313 0.391499 407 144 592 145 392 269 609 273 496 112 3.70388 397 510 3.2048
44.3984 0.284622 0.391234 -10 0 -0.4 0 0.400913 0.391499 407 144 592 145 392 269 609 273 496 112 3.70388 397 510 3.19155
44.465 0.284622 0.391234 -10 0 -0.4 0 0.400513 0.391499 407 145 593 145 392 269 610 272 496 112 3.70388 397 509 3.20561
44.5317 0.282565 0.391492 0 -8 -0.4 0 0.400113 0.391499 407 145 594 146 393 268 611 271 496 112 3.70388 397 510 3.1669
44.5984 0.282565 0.391492 0 -8 -0.4 0 0.399713 0.391499 407 146 593 146 393 267 610 271 496 112 3.70388 397 511 3.14159
44.6651 0.282565 0.391492 0 -8 -0.4 0 0.399313 0.391499 407 146 593 147 393 267 610 271 496 112 3.70388 397 511 3.16659
44.7317 0.282308 0.391234 -1 -8 -0.4 0 0.398913 0.391499 407 146 593 146 393 267 610 271 496 112 3.70388 397 511 3.14159
44.7984 0.282308 0.391234 -1 -8 -0.4 0 0.398513 0.391499 407 146 594 146 393 267 611 271 496 112 3.70388 397 510 3.17908
44.865 0.282308 0.391234 -1 -8 -0.4 0 0.398513 0.391499 407 146 594 146 393 267 611 271 496 112 3.70388 397 510 3.17908
44.9317 0.282308 0.391234 -1 -8 -0.4 0 0.398513 0.391499 407 146 594 146 393 267 611 271 496 112 3.70388 397 510 3.17908
44.9984 0.282308 0.391234 -1 -8 -0.4 0 0.398513 0.391499 407 146 594 146 393 267 611 271 496 112 3.70388 397 510 3.17908
45.065 0.282308 0.391234 -1 -8 -0.4 0 0.398513 0.391499 407 146 594 146 393 267 611 271 496 112 3.70388 397 510 3.17908
