18.5321 0.250177 0.160401 0 1 0 0 0 0 86 426 857 316 204 448 756 382 489 97 2.49014 397 509 3.11628
18.5987 0.250177 0.160401 0 1 0 0 0 0 86 427 857 316 204 449 769 469 489 97 2.48406 397 509 3.11628
18.6654 0.250177 0.160401 -2 1 0 0 0.370177 0.160401 86 429 883 444 204 450 769 462 488 98 2.494 398 509 3.14159
18.7321 0.250177 0.160401 -2 1 0 0 0.370177 0.160401 86 428 883 452 204 449 768 467 488 97 2.46369 397 509 3.11628
18.7988 0.250177 0.160401 0 1 0 0 0.370177 0.160401 86 428 883 448 204 449 769 464 489 98 2.4859 397 508 3.12909
18.8655 0.250177 0.160401 0 1 0 0 0.370177 0.160401 86 429 883 451 204 450 769 466 488 98 2.50012 397 509 3.11628
18.9321 0.250177 0.160401 0 1 0 0 0.370177 0.160401 86 428 883 450 204 450 769 465 488 97 2.46999 397 509 3.11628
18.9988 0.250177 0.160401 1 1 0 0 0.370177 0.160401 86 428 884 450 204 449 769 465 488 97 2.46369 397 509 3.11628
19.0654 0.250177 0.160401 1 1 0 0 0.370177 0.160401 86 428 883 450 204 450 768 465 489 97 2.48406 397 509 3.11628
19.1321 0.250177 0.160401 1 1 0 0 0.370177 0.160401 86 428 883 450 204 450 768 466 488 97 2.46369 398 508 3.12877
19.1988 0.250177 0.160401 0 3 0 0 0.370177 0.160401 86 428 884 450 204 450 768 465 489 97 2.49809 397 509 3.11628
19.2654 0.250177 0.160401 0 3 0 0 0.370177 0.160401 86 428 883 450 204 449 769 465 488 97 2.47162 397 509 3.11628
19.3321 0.250177 0.160401 0 3 0 0 0.370177 0.160401 86 428 883 450 204 450 769 465 488 97 2.48406 398 508 3.12877
19.3987 0.250177 0.160401 0 3 0 0 0.370177 0.160401 86 428 883 450 204 450 768 465 489 97 2.49014 397 509 3.11628
19.4654 0.250177 0.160401 0 3 0 0 0.370177 0.160401 86 428 883 450 204 449 768 465 489 97 2.48406 397 509 3.11628
19.5321 0.250177 0.160401 0 3 0 0 0.370177 0.160401 86 428 883 450 204 450 768 465 489 97 2.48406 397 509 3.11628
19.5988 0.250177 0.160401 1 3 0 0 0.370177 0.160401 86 428 883 450 204 450 769 465 488 97 2.46369 397 509 3.11628
19.6654 0.250177 0.160401 1 3 0 0 0.370177 0.160401 86 428 883 450 204 450 769 465 488 97 2.47965 397 509 3.11628
19.7321 0.250177 0.160401 1 3 0 0 0.370177 0.160401 86 428 883 450 204 450 769 465 489 97 2.49014 397 509 3.11628
19.7988 0.250177 0.160401 1 3 0 0 0.370177 0.160401 86 428 883 450 204 450 768 465 489 97 2.49014 398 508 3.12877
19.8654 0.250177 0.160401 1 3 0 0 0.370177 0.160401 86 428 883 450 204 450 769 465 489 97 2.49014 397 509 3.11628
19.9321 0.250177 0.160401 1 3 0 0 0.370177 0.160401 86 428 884 450 204 449 769 465 489 97 2.48406 398 508 3.12877
19.9987 0.250177 0.160401 1 3 0 0 0.370177 0.160401 86 428 883 450 204 450 769 465 489 98 2.4859 397 509 3.11628
20.0654 0.250177 0.160401 1 3 0 0 0.370177 0.160401 86 428 883 450 204 450 769 465 489 97 2.49014 397 509 3.11628
20.1321 0.250177 0.160401 0 3 0 0 0.370177 0.160401 86 428 883 450 204 450 769 465 489 97 2.49014 397 509 3.11628
20.1987 0.250177 0.160401 0 3 0 0 0.370177 0.160401 86 428 883 450 204 449 768 465 489 97 2.49014 397 509 3.11628
20.2654 0.250177 0.160401 0 3 0 0 0.370177 0.160401 86 428 883 450 204 450 769 465 488 97 2.46369 397 509 3.11628
20.3321 0.250177 0.160401 0 2 0 0 0.370177 0.160401 86 428 884 450 204 449 768 465 489 97 2.49014 397 509 3.11628
20.3988 0.250177 0.160401 0 2 0 0 0.370177 0.160401 86 428 883 450 204 450 768 465 489 97 2.49014 397 509 3.11628
20.4654 0.250177 0.160401 0 2 0 0 0.370177 0.160401 86 428 883 450 204 450 769 465 489 97 2.49014 397 509 3.11628
20.5321 0.250177 0.160401 0 3 0 0 0.370177 0.160401 86 428 884 450 204 449 768 465 489 97 2.49014 397 509 3.11628
20.5988 0.250177 0.160401 0 3 0 0 0.370177 0.160401 86 428 883 450 204 449 768 465 489 97 2.49014 397 509 3.11628
20.6654 0.250177 0.160401 0 3 0 0 0.370177 0.160401 86 428 883 450 204 450 769 465 488 97 2.46999 397 509 3.11628
20.7321 0.250177 0.160401 0 3 0 0 0.370177 0.160401 86 428 883 450 204 450 768 466 489 97 2.49014 397 509 3.11628
20.7987 0.250177 0.160401 0 3 0 0 0.370177 0.160401 86 428 883 450 204 449 768 465 489 97 2.49014 398 508 3.12877
20.8656 0.250177 0.160401 1 2 0 0 0.370177 0.160401 86 428 883 450 204 450 768 465 489 98 2.4859 398 508 3.12877
20.9321 0.250177 0.160401 1 2 0 0 0.370177 0.160401 86 428 883 450 204 450 768 465 488 97 2.47162 397 509 3.11628
20.9987 0.250177 0.160401 1 2 0 0 0.380434 0.170401 86 428 883 450 204 450 768 465 489 97 2.49014 397 509 3.11628
21.0654 0.250177 0.160401 1 2 0 0 0.380434 0.170401 86 428 884 450 204 449 768 465 489 97 2.49014 397 509 3.11628
21.1321 0.250177 0.160401 1 2 0 0 0.380434 0.170401 86 428 883 450 204 450 769 465 489 97 2.48406 397 509 3.11628
21.1987 0.250177 0.160401 0 3 0 0 0.380434 0.170401 86 428 883 450 204 449 769 465 488 97 2.47162 397 509 3.11628
21.2654 0.250177 0.160401 0 3 0 0 0.380434 0.170401 86 428 883 450 204 450 768 465 489 97 2.47789 398 508 3.12877
21.3321 0.250177 0.160401 0 3 0 0 0.380434 0.170401 86 428 883 450 204 450 769 465 489 97 2.48406 398 508 3.12877
21.3987 0.250177 0.160401 0 3 0 0 0.380434 0.170401 86 428 882 442 204 450 769 460 489 97 2.48406 397 509 3.11628
21.4654 0.258402 0.160401 4 3 0 0 0.390434 0.180401 86 428 882 441 204 450 769 460 488 97 2.46525 397 509 3.11628
21.5321 0.258402 0.160401 4 3 0 0 0.390434 0.180401 86 428 882 441 204 449 768 460 489 97 2.48406 397 509 3.11628
21.5988 0.258402 0.160401 4 3 0 0 0.390434 0.180401 86 419 882 441 204 444 769 460 489 97 2.49014 397 509 3.11628
21.6654 0.258402 0.160401 4 3 0 0 0.390434 0.180401 87 416 882 442 204 442 769 461 488 97 2.47162 398 508 3.12877
21.7321 0.259945 0.170169 4 0 0 0 0.390434 0.180401 87 415 882 442 204 442 769 461 488 97 2.47965 398 508 3.12877
21.7988 0.259945 0.170169 4 0 0 0 0.390434 0.180401 87 415 882 442 204 442 769 458 489 97 2.48406 397 509 3.11628
21.8654 0.259945 0.170169 4 0 0 0 0.390434 0.180401 87 415 882 426 204 442 769 451 488 98 2.49204 398 509 3.14159
21.9321 0.259945 0.170169 4 0 0 0 0.400434 0.190401 87 415 882 423 204 441 769 449 488 97 2.46525 397 509 3.11628
21.9988 0.259945 0.170169 4 0 0 0 0.400434 0.190401 87 415 882 423 204 442 769 449 489 97 2.48406 397 509 3.11628
22.0654 0.269713 0.169912 4 -5 0 0 0.400434 0.190401 87 415 882 423 205 433 769 449 488 97 2.4733 397 509 3.11628
22.1323 0.269713 0.169912 4 -5 0 0 0.400434 0.190401 90 396 882 423 205 430 769 449 489 97 2.49014 397 509 3.11628
22.1988 0.269713 0.169912 4 -5 0 0 0.400434 0.190401 90 395 882 423 205 429 769 449 489 97 2.48406 397 509 3.11628
22.2654 0.269713 0.169912 4 -5 0 0 0.400434 0.190401 90 395 882 423 205 429 769 448 488 97 2.48406 397 509 3.11628
22.3321 0.269713 0.179937 1 -8 0 0 0.400434 0.190401 90 395 881 402 205 429 768 435 488 97 2.47162 398 508 3.18004
22.3988 0.269713 0.179937 1 -8 0 0 0.400434 0.190401 90 395 880 400 205 429 768 434 489 97 2.48406 397 509 3.11628
22.4654 0.269713 0.179937 1 -8 0 0 0.410434 0.200401 90 395 880 400 205 429 768 434 489 97 2.49014 398 508 3.12877
22.5321 0.269713 0.179937 1 -8 0 0 0.410434 0.200401 90 395 880 400 205 429 768 434 488 97 2.47965 397 509 3.11628
22.5988 0.279995 0.18842 6 -17 0 0 0.410434 0.200401 94 374 880 400 207 417 768 434 488 97 2.47162 397 509 3.11628
22.6655 0.279995 0.18842 6 -17 0 0 0.410434 0.200401 95 372 880 400 207 416 768 434 488 97 2.48406 397 509 3.11628
22.7321 0.279995 0.18842 6 -17 0 0 0.410434 0.200401 95 372 880 400 208 415 768 434 488 97 2.4733 398 508 3.12877
22.7988 0.279995 0.18842 6 -17 0 0 0.410434 0.200401 95 372 880 400 208 415 768 434 489 97 2.48406 397 509 3.11628
22.8655 0.281023 0.189962 3 0 0 0 0.410434 0.200401 95 372 877 378 208 416 767 421 488 98 2.4859 397 509 3.11628
22.9321 0.281023 0.189962 3 0 0 0 0.420434 0.210401 95 372 877 377 207 415 766 420 488 97 2.46999 397 509 3.11628
22.9988 0.281023 0.189962 3 0 0 0 0.420434 0.210401 95 372 877 377 207 415 767 420 488 97 2.46369 397 509 3.11628
23.0654 0.281023 0.189962 3 0 0 0 0.420434 0.210401 95 372 877 377 210 404 767 420 489 97 2.494 397 508 3.12909
23.1321 0.29002 0.199473 6 -1 0 0 0.420434 0.210401 101 350 877 377 211 402 767 420 488 97 2.46999 398 508 3.12877
23.1988 0.29002 0.199473 6 -1 0 0 0.420434 0.210401 101 349 877 377 211 401 767 420 488 97 2.46999 397 509 3.11628
23.2656 0.29002 0.199473 6 -1 0 0 0.420434 0.210401 101 349 877 377 211 401 767 419 489 97 2.48406 397 509 3.11628
23.3321 0.29002 0.199473 6 -1 0 0 0.420434 0.210401 101 349 871 356 211 401 764 407 488 98 2.4859 398 508 3.12877
23.3987 0.29002 0.199473 6 -1 0 0 0.430434 0.220401 101 349 871 354 211 401 764 406 488 97 2.46999 397 509 3.11628
23.4655 0.299531 0.199987 6 -64 0 0 0.430434 0.220401 101 349 871 354 211 401 764 406 489 97 2.48406 397 509 3.11628
23.5321 0.299531 0.199987 6 -64 0 0 0.430434 0.220401 101 349 871 354 211 401 764 406 488 97 2.48406 398 508 3.12877
23.5988 0.299531 0.199987 6 -64 0 0 0.430434 0.220401 109 328 871 354 215 388 764 406 488 97 2.47789 397 509 3.11628
23.6655 0.299531 0.199987 6 -64 0 0 0.430434 0.220401 110 327 871 354 216 387 764 406 489 97 2.48406 397 509 3.11628
23.7321 0.300045 0.210012 60 -11 0 0 0.430434 0.220401 110 326 871 354 216 387 764 406 488 97 2.46525 398 508 3.12877
23.7987 0.300045 0.210012 60 -11 0 0 0.430434 0.220401 110 326 864 334 216 387 760 394 488 97 2.46999 398 508 3.12877
23.8654 0.300045 0.210012 60 -11 0 0 0.430434 0.220401 111 326 864 332 216 387 760 392 489 97 2.48406 397 509 3.11628
23.9321 0.300045 0.210012 60 -11 0 0 0.440434 0.230401 111 326 863 331 216 387 760 392 488 97 2.46999 397 509 3.11628
23.9988 0.31007 0.211297 7 -14 0 0 0.440434 0.230401 111 326 863 331 216 387 760 392 489 97 2.49014 397 509 3.11628
24.0654 0.31007 0.211297 7 -14 0 0 0.440434 0.230401 119 307 863 331 221 374 760 392 489 98 2.4859 397 509 3.11628
24.1321 0.31007 0.211297 7 -14 0 0 0.440434 0.230401 121 304 863 331 222 373 760 392 488 97 2.46525 398 508 3.12877
24.1988 0.31007 0.211297 7 -14 0 0 0.440434 0.230401 121 304 863 331 222 373 760 392 488 97 2.4733 398 508 3.12877
24.2654 0.31007 0.211297 7 -14 0 0 0.440434 0.230401 121 304 863 331 222 373 756 380 489 97 2.48406 397 509 3.11628
24.3321 0.311098 0.220037 3 -2 0 0 0.440434 0.230401 121 304 863 331 222 373 756 380 488 97 2.46369 398 508 3.12877
24.3988 0.311098 0.220037 3 -2 0 0 0.450434 0.240401 121 304 854 310 222 373 755 378 488 97 2.4733 397 509 3.11628
24.4654 0.311098 0.220037 3 -2 0 0 0.450434 0.240401 121 304 854 309 222 372 755 378 489 97 2.49014 397 509 3.11628
24.5321 0.311098 0.220037 3 -2 0 0 0.450434 0.240401 131 286 854 310 228 362 755 378 488 97 2.46369 397 509 3.11628
24.5988 0.319838 0.229548 8 -5 0 0 0.450434 0.240401 133 283 854 310 228 360 755 378 489 97 2.48406 397 509 3.11628
24.6654 0.319838 0.229548 8 -5 0 0 0.450434 0.240401 133 283 854 310 229 360 755 378 488 97 2.4733 397 509 3.11628
24.7321 0.319838 0.229548 8 -5 0 0 0.450434 0.240401 134 283 854 310 229 360 755 378 489 97 2.49014 397 509 3.11628
24.7987 0.319838 0.229548 8 -5 0 0 0.450434 0.240401 134 283 844 290 229 360 755 378 488 97 2.46999 397 509 3.11628
24.8654 0.329349 0.230319 10 -61 0 0 0.460434 0.250401 134 283 843 289 229 360 755 378 488 98 2.49204 398 508 3.12877
24.9321 0.329349 0.230319 10 -61 0 0 0.460434 0.250401 134 283 843 289 229 360 755 378 488 97 2.47162 397 509 3.11628
24.9988 0.329349 0.230319 10 -61 0 0 0.460434 0.250401 144 268 843 289 235 350 755 378 489 97 2.48406 398 508 3.12877
25.0655 0.329349 0.230319 10 -61 0 0 0.460434 0.250401 147 265 843 289 237 348 755 378 489 98 2.4859 397 509 3.11628
25.1321 0.329349 0.230319 10 -61 0 0 0.460434 0.250401 147 264 843 289 237 348 755 378 489 97 2.49014 398 508 3.12877
25.1988 0.33012 0.240087 66 -21 0 0 0.460434 0.250401 147 263 843 289 237 347 755 378 489 98 2.4859 397 509 3.11628
25.2654 0.33012 0.240087 66 -21 0 0 0.460434 0.250401 147 264 831 270 237 348 742 353 489 98 2.4859 397 509 3.11628
25.3321 0.33012 0.240087 66 -21 0 0 0.470434 0.260401 147 263 830 268 237 348 742 353 489 97 2.48406 397 509 3.11628
25.3988 0.33012 0.240087 66 -21 0 0 0.470434 0.260401 147 263 830 268 237 348 742 353 489 97 2.48406 397 509 3.11628
25.4654 0.339888 0.241373 9 -21 0 0 0.470434 0.260401 147 263 830 268 243 340 742 353 488 97 2.50012 398 508 3.18004
25.5321 0.339888 0.241373 9 -21 0 0 0.470434 0.260401 161 248 830 268 245 338 742 353 489 97 2.49014 397 509 3.11628
25.5988 0.339888 0.241373 9 -21 0 0 0.470434 0.260401 161 247 830 268 245 337 742 353 489 97 2.49014 397 509 3.11628
25.6654 0.339888 0.241373 9 -21 0 0 0.470434 0.260401 162 247 830 268 245 337 742 353 488 98 2.49204 397 509 3.11628
25.7321 0.341173 0.250112 5 -24 0 0 0.470434 0.260401 162 247 830 268 245 337 742 353 488 98 2.49204 398 508 3.12877
25.7988 0.341173 0.250112 5 -24 0 0 0.480434 0.270401 162 247 816 250 245 337 742 353 489 97 2.48406 397 509 3.11628
25.8654 0.341173 0.250112 5 -24 0 0 0.480434 0.270401 162 247 816 250 245 337 742 353 489 97 2.49014 397 509 3.11628
25.9321 0.341173 0.250112 5 -24 0 0 0.480434 0.270401 162 247 816 249 245 337 742 353 488 97 2.50012 398 508 3.12877
25.9987 0.35017 0.259623 8 -25 0 0 0.480434 0.270401 177 231 816 249 254 326 742 353 488 97 2.46525 397 509 3.11628
26.0654 0.35017 0.259623 8 -25 0 0 0.480434 0.270401 179 229 816 249 255 326 742 353 489 97 2.49014 398 508 3.12877
26.1321 0.35017 0.259623 8 -25 0 0 0.480434 0.270401 179 229 815 249 255 326 742 353 488 98 2.49204 398 508 3.12877
26.1987 0.35017 0.259623 8 -25 0 0 0.480434 0.270401 179 229 815 249 255 326 725 330 489 97 2.48406 397 509 3.11628
26.2654 0.35017 0.259623 8 -25 0 0 0.480434 0.270401 179 229 800 232 255 326 725 330 489 97 2.48406 397 509 3.11628
26.3321 0.359167 0.260138 7 -66 0 0 0.490434 0.280401 179 229 800 232 255 326 725 330 489 98 2.4859 398 508 3.12877
26.3988 0.359167 0.260138 7 -66 0 0 0.490434 0.280401 179 228 800 232 255 326 725 330 489 97 2.48406 398 508 3.18004
26.4654 0.359167 0.260138 7 -66 0 0 0.490434 0.280401 194 216 800 232 264 317 725 330 489 97 2.47789 397 509 3.11628
26.5321 0.359167 0.260138 7 -66 0 0 0.490434 0.280401 196 214 800 232 265 316 725 330 488 98 2.49204 397 509 3.11628
26.5987 0.359681 0.269648 71 -25 0 0 0.490434 0.280401 196 214 800 232 265 316 725 330 489 98 2.4859 397 509 3.11628
26.6654 0.359681 0.269648 71 -25 0 0 0.490434 0.280401 196 214 800 232 265 316 725 330 489 97 2.48406 397 509 3.11628
26.7321 0.359681 0.269648 71 -25 0 0 0.490434 0.280401 196 214 783 216 265 316 725 330 489 97 2.49014 397 509 3.11628
26.7987 0.359681 0.269648 71 -25 0 0 0.500434 0.290401 196 214 782 215 265 316 725 330 488 98 2.49204 397 508 3.12909
26.8654 0.369706 0.270934 7 -17 0 0 0.500434 0.290401 196 214 782 215 265 316 725 330 489 97 2.48406 397 509 3.11628
26.9321 0.369706 0.270934 7 -17 0 0 0.500434 0.290401 212 202 782 215 275 308 725 330 488 97 2.46999 397 509 3.11628
26.9988 0.369706 0.270934 7 -17 0 0 0.500434 0.290401 215 200 782 215 277 306 725 330 488 98 2.49204 398 508 3.12877
27.0654 0.369706 0.270934 7 -17 0 0 0.500434 0.290401 216 199 782 215 277 306 725 330 489 97 2.48406 398 508 3.12877
27.1321 0.369706 0.270934 7 -17 0 0 0.500434 0.290401 217 199 782 215 277 306 725 330 489 97 2.49014 397 509 3.11628
27.1988 0.370992 0.279931 7 -25 0 0 0.500434 0.290401 217 199 765 202 277 307 703 309 489 97 2.49204 398 508 3.12877
27.2654 0.370992 0.279931 7 -25 0 0 0.510434 0.300401 216 199 763 200 277 306 703 309 489 98 2.4859 397 509 3.11628
27.3321 0.370992 0.279931 7 -25 0 0 0.510434 0.300401 217 199 763 200 277 306 703 309 489 97 2.48406 397 509 3.11628
27.3988 0.370992 0.279931 7 -25 0 0 0.510434 0.300401 217 199 763 200 287 299 703 309 488 97 2.46369 397 509 3.11628
27.4654 0.379731 0.289442 9 -24 0 0 0.510434 0.300401 237 186 763 200 289 297 703 309 488 98 2.47965 397 509 3.11628
27.5321 0.379731 0.289442 9 -24 0 0 0.510434 0.300401 238 186 763 200 289 298 703 309 488 97 2.4733 397 509 3.11628
27.5987 0.379731 0.289442 9 -24 0 0 0.510434 0.300401 238 186 763 200 290 298 702 308 489 97 2.49204 398 508 3.12877
27.6654 0.379731 0.289442 9 -24 0 0 0.510434 0.300401 238 185 745 188 290 298 702 308 488 97 2.4733 398 508 3.12877
27.7321 0.389242 0.289956 13 -74 0 0 0.520434 0.310401 238 186 742 186 289 297 702 308 488 98 2.49204 398 509 3.14159
27.7987 0.389242 0.289956 13 -74 0 0 0.520434 0.310401 238 186 742 186 290 298 702 308 488 97 2.46369 398 508 3.12877
27.8654 0.389242 0.289956 13 -74 0 0 0.520434 0.310401 238 186 741 186 290 298 702 308 488 97 2.4733 398 508 3.18004
27.9321 0.389242 0.289956 13 -74 0 0 0.520434 0.310401 259 175 742 186 302 290 702 308 488 97 2.47162 398 508 3.12877
27.9988 0.389242 0.289956 13 -74 0 0 0.520434 0.310401 260 174 742 186 303 290 702 308 488 97 2.46999 397 509 3.11628
28.0654 0.390013 0.299981 68 -23 0 0 0.520434 0.310401 260 174 741 186 303 290 702 308 489 98 2.4859 397 509 3.11628
28.1321 0.390013 0.299981 68 -23 0 0 0.520434 0.310401 260 174 724 176 303 289 702 308 488 98 2.49204 398 509 3.14159
28.1988 0.390013 0.299981 68 -23 0 0 0.530434 0.320401 260 174 721 174 303 290 702 308 488 97 2.46369 397 509 3.11628
28.2654 0.390013 0.299981 68 -23 0 0 0.530434 0.320401 260 174 720 173 303 290 702 308 489 98 2.4859 397 509 3.11628
28.3321 0.399781 0.301009 13 -19 0 0 0.530434 0.320401 262 173 720 174 303 290 702 308 489 98 2.4859 398 508 3.12877
28.3987 0.399781 0.301009 13 -19 0 0 0.530434 0.320401 282 165 720 173 316 283 702 308 488 97 2.47965 397 509 3.11628
28.4654 0.399781 0.301009 13 -19 0 0 0.530434 0.320401 284 164 720 174 317 283 702 308 489 97 2.48406 397 509 3.11628
28.5321 0.399781 0.301009 13 -19 0 0 0.530434 0.320401 284 164 720 174 317 283 702 308 488 97 2.47965 398 508 3.12877
28.5988 0.401324 0.310006 25 -25 0 0 0.530434 0.320401 284 164 720 174 317 283 666 286 488 97 2.4859 398 508 3.12877
28.6654 0.401324 0.310006 25 -25 0 0 0.530434 0.320401 284 164 698 164 317 283 666 286 488 97 2.48406 397 508 3.12909
28.7321 0.401324 0.310006 25 -25 0 0 0.540434 0.330401 285 164 698 164 317 282 664 285 488 98 2.4859 398 508 3.12877
28.7988 0.401324 0.310006 25 -25 0 0 0.540434 0.330401 284 164 697 164 318 283 664 285 488 97 2.47162 397 509 3.11628
28.8654 0.401324 0.310006 25 -25 0 0 0.540434 0.330401 305 157 697 163 330 278 664 285 488 98 2.47965 397 508 3.12909
28.9321 0.409807 0.31926 14 -30 0 0 0.540434 0.330401 308 156 697 164 331 277 664 285 488 98 2.50012 397 509 3.11628
28.9988 0.409807 0.31926 14 -30 0 0 0.540434 0.330401 309 156 697 164 331 277 664 285 488 97 2.47965 398 508 3.12877
29.0654 0.409807 0.31926 14 -30 0 0 0.540434 0.330401 309 156 697 164 331 277 664 285 489 97 2.48406 397 509 3.11628
29.1321 0.409807 0.31926 14 -30 0 0 0.540434 0.330401 309 156 677 156 332 277 651 280 488 97 2.46369 398 509 3.12909
29.1988 0.41906 0.319774 27 -72 0 0 0.550434 0.343 309 156 676 155 332 277 651 280 488 97 2.47162 397 509 3.11628
29.2654 0.41906 0.319774 27 -72 0 0 0.550434 0.343 309 156 676 155 332 277 651 280 489 97 2.48406 397 509 3.11628
29.3321 0.41906 0.319774 27 -72 0 0 0.550434 0.343 309 156 675 156 344 273 651 279 489 97 2.49014 398 509 3.14159
29.3988 0.41906 0.319774 27 -72 0 0 0.550434 0.343 332 150 675 155 347 273 651 280 488 97 2.4733 397 509 3.11628
29.4654 0.419575 0.329799 79 -30 0 0 0.550434 0.343 334 150 675 155 347 273 651 280 489 98 2.4859 397 509 3.11628
29.5321 0.419575 0.329799 79 -30 0 0 0.550434 0.343 334 150 675 155 347 272 651 280 488 97 2.48406 398 508 3.12877
29.5988 0.419575 0.329799 79 -30 0 0 0.550434 0.343 334 150 654 149 347 273 638 276 489 98 2.4859 397 509 3.11628
29.6654 0.419575 0.329799 79 -30 0 0 0.568 0.343 335 150 652 149 347 272 636 275 488 98 2.47965 397 508 3.12909
29.7321 0.419575 0.329799 79 -30 0 0 0.568 0.343 335 150 652 149 347 272 636 275 488 97 2.48406 398 508 3.12877
29.7987 0.4296 0.331341 22 -19 0 0 0.568 0.343 335 150 651 149 362 270 636 275 488 97 2.4733 397 509 3.11628
29.8654 0.4296 0.331341 22 -19 0 0 0.568 0.343 364 146 651 149 365 269 636 275 488 97 2.494 397 508 3.12909
29.9321 0.4296 0.331341 22 -19 0 0 0.568 0.343 365 146 651 149 366 269 636 275 488 98 2.494 397 509 3.11628
29.9988 0.4296 0.331341 22 -19 0 0 0.568 0.343 366 146 651 149 366 269 636 275 488 97 2.46525 397 509 3.11628
30.0654 0.431656 0.342394 10 -24 0 0 0.568 0.343 366 146 651 149 366 269 615 270 488 98 2.47965 398 508 3.12877
30.1321 0.431656 0.342394 10 -24 0 0 0.551656 0.342394 366 146 651 149 366 269 613 270 488 98 2.46369 397 509 3.18053
30.1988 0.431656 0.342394 10 -24 0 0 0.551656 0.342394 367 145 610 143 366 269 612 271 488 97 2.47162 397 509 3.11628
30.2654 0.447079 0.342651 23 -24 0 0 0.551656 0.342394 367 146 610 143 366 269 612 270 488 97 2.5083 397 508 3.12909
30.3321 0.447079 0.342651 23 -24 0 0 0.551656 0.342394 366 146 610 143 366 269 612 270 488 98 2.50012 398 509 3.12909
30.3987 0.447079 0.342651 23 -24 0 0 0.551656 0.342394 366 146 610 143 366 269 612 271 488 97 2.46525 398 509 3.12909
30.4654 0.447336 0.342394 19 -22 0 0 0.551656 0.342394 367 146 610 143 366 269 612 270 488 97 2.4733 397 509 3.11628
30.5321 0.447336 0.342394 19 -22 0 0 0.551656 0.342394 367 146 610 143 366 269 612 270 488 98 2.4859 397 509 3.11628
30.5988 0.447336 0.342394 19 -22 0 0 0.551656 0.342394 366 146 610 143 366 269 612 270 488 97 2.46525 398 508 3.12877
30.6654 0.447079 0.342394 -4 -27 0 0 0.551656 0.342394 366 146 610 143 366 269 612 271 489 97 2.48406 397 509 3.11628
30.7321 0.447079 0.342394 -4 -27 0 0 0.551656 0.342394 367 146 611 143 366 269 613 270 489 98 2.4859 397 509 3.11628
30.7987 0.447079 0.342394 -4 -27 0 0 0.551656 0.342394 366 146 633 145 366 269 626 272 488 97 2.47162 398 509 3.12909
30.8654 0.431656 0.342394 0 0 0 0 0.551656 0.342394 367 145 638 146 366 269 628 273 488 97 2.47789 397 509 3.11628
30.9321 0.431656 0.342394 0 0 0 0 0.551656 0.342394 366 145 637 146 365 269 629 273 488 97 2.5083 396 512 3.1294
30.9987 0.431656 0.342394 0 0 0 0 0.551656 0.342394 364 144 637 146 364 269 629 272 488 95 2.50012 395 512 3.12925
31.0654 0.431656 0.342137 1 -3 0 0 0.551656 0.342394 364 144 639 145 365 269 629 272 488 94 2.47789 397 509 3.12909
31.1321 0.431656 0.342137 1 -3 0 0 0.551656 0.342394 366 146 637 146 366 269 628 273 488 97 2.47162 397 509 3.11628
31.1987 0.431656 0.342137 1 -3 0 0 0.551656 0.342394 367 146 637 146 366 269 628 273 488 97 2.46369 398 508 3.12877
31.2655 0.431399 0.342137 1 -7 0 0 0.551656 0.342394 366 146 637 146 366 269 628 273 488 98 2.49204 398 508 3.12877
31.3321 0.431399 0.342137 1 -7 0 0 0.551656 0.342394 367 146 637 146 366 269 628 273 489 97 2.48406 398 508 3.12877
31.3987 0.431399 0.342137 1 -7 0 0 0.551656 0.342394 366 146 637 146 366 269 628 273 489 97 2.48406 397 509 3.11628
31.4654 0.431656 0.34188 0 -2 0 0 0.551656 0.342394 366 146 637 146 367 269 628 273 488 97 2.46369 397 509 3.11628
31.5321 0.431656 0.34188 0 -2 0 0 0.551656 0.342394 366 146 637 146 366 269 628 273 488 97 2.46369 398 508 3.12877
31.5987 0.431399 0.342137 1 -5 0 0 0.551656 0.342394 366 146 637 146 366 269 628 273 489 98 2.4859 398 508 3.12877
31.6654 0.431399 0.342137 1 -5 0 0 0.551656 0.342394 367 146 637 146 366 269 628 273 489 97 2.48406 397 509 3.11628
31.7321 0.431399 0.342137 1 -5 0 0 0.551656 0.342394 366 146 637 146 366 269 628 273 489 97 2.49014 398 508 3.12877
31.7987 0.431399 0.342137 1 -5 0 0 0.551656 0.342394 367 146 637 146 366 269 628 273 489 98 2.4859 398 508 3.12877
31.8655 0.431399 0.342137 0 -10 0 0 0.551656 0.342394 367 146 637 146 367 269 628 273 489 97 2.48406 397 509 3.11628
31.9321 0.431399 0.342137 0 -10 0 0 0.551656 0.342394 366 146 637 146 366 269 628 273 489 98 2.4859 397 509 3.11628
31.9987 0.431656 0.34188 1 -18 0 0 0.551656 0.342394 366 146 637 146 366 269 628 273 489 97 2.49014 397 509 3.11628
32.0654 0.431656 0.34188 1 -18 0 0 0.551656 0.342394 367 146 637 146 366 269 628 273 489 97 2.49014 398 508 3.12877
32.1321 0.431656 0.34188 1 -18 0 0 0.551656 0.342394 366 146 637 146 366 269 628 273 489 97 2.48406 397 509 3.11628
32.1987 0.431399 0.342137 1 0 0 0 0.551656 0.342394 367 146 637 146 366 269 628 273 488 97 2.46369 398 508 3.18004
32.2654 0.431399 0.342137 1 0 0 0 0.551656 0.342394 366 146 637 146 366 269 628 273 488 97 2.4733 398 508 3.12877
32.3321 0.431399 0.342137 1 0 0 0 0.551656 0.342394 366 146 637 146 366 269 628 273 489 97 2.49014 397 509 3.11628
32.3988 0.431399 0.34188 0 -17 0 0 0.551656 0.342394 367 146 637 146 366 269 628 273 489 97 2.48406 397 509 3.11628
32.4654 0.431399 0.34188 0 -17 0 0 0.551656 0.342394 366 146 637 146 366 269 628 273 488 98 2.49204 397 509 3.11628
32.5321 0.431399 0.34188 0 -17 0 0 0.551656 0.342394 367 146 637 146 366 269 628 273 489 97 2.48406 397 509 3.11628
32.5988 0.431399 0.342137 0 -12 0 0 0.551656 0.342394 366 146 637 146 366 269 628 273 489 97 2.48406 398 508 3.12877
32.6655 0.431399 0.342137 0 -12 0 0 0.551656 0.342394 366 146 637 146 366 269 628 273 489 97 2.48406 397 509 3.11628
32.7321 0.431399 0.342137 0 -12 0 0 0.551656 0.342394 367 146 637 146 366 269 628 273 489 97 2.48406 398 508 3.12877
32.7987 0.431399 0.342137 0 -17 0 0 0.551656 0.342394 366 146 637 146 366 269 628 273 488 97 2.46525 398 508 3.12877
32.8654 0.431399 0.342137 0 -17 0 0 0.551656 0.342394 367 146 637 146 366 269 628 273 488 97 2.46369 397 509 3.11628
32.9321 0.431399 0.342137 0 -17 0 0 0.551656 0.342394 367 146 637 146 366 269 628 273 488 98 2.49204 398 508 3.12877
32.9988 0.431656 0.342137 0 -10 0 0 0.551656 0.342394 367 146 637 146 366 269 628 273 488 97 2.46525 398 508 3.12877
33.0654 0.431656 0.342137 0 -10 0 0 0.551656 0.342394 366 146 637 146 366 269 628 273 489 97 2.48406 397 509 3.11628
33.1321 0.431656 0.342137 0 -10 0 0 0.551656 0.342394 366 146 637 146 366 269 628 273 489 98 2.4859 398 508 3.12877
33.1988 0.431399 0.342137 0 -20 0 0 0.551656 0.342394 366 146 637 146 366 269 628 273 488 97 2.46369 397 509 3.11628
33.2654 0.431399 0.342137 0 -20 0 0 0.551656 0.342394 367 146 637 146 366 269 628 273 489 97 2.49014 398 508 3.12877
33.3321 0.431399 0.342137 0 -20 0 0 0.551656 0.342394 367 146 637 146 367 269 628 273 489 97 2.48406 398 508 3.12877
33.3988 0.431399 0.34188 1 -5 0 0 0.551656 0.342394 366 146 637 146 366 269 628 273 489 97 2.49014 397 509 3.11628
33.4654 0.431399 0.34188 1 -5 0 0 0.551656 0.342394 366 146 637 146 366 269 628 273 489 98 2.4859 398 508 3.12877
33.5321 0.431399 0.34188 1 -5 0 0 0.551656 0.342394 367 146 637 146 366 269 628 273 488 97 2.4733 397 509 3.11628
33.5987 0.431399 0.34188 1 -2 0 0 0.551656 0.342394 367 146 637 146 366 269 628 273 488 98 2.49204 397 509 3.11628
33.6654 0.431399 0.34188 1 -2 0 0 0.551656 0.342394 366 146 637 146 367 269 628 273 489 97 2.49014 397 509 3.11628
33.7321 0.431399 0.342137 1 -2 0 0 0.551656 0.342394 367 146 637 146 366 269 628 273 489 97 2.49014 398 508 3.12877
33.7988 0.431399 0.342137 1 -2 0 0 0.551656 0.342394 367 146 637 146 366 269 628 273 489 97 2.49014 398 508 3.12877
33.8654 0.431399 0.342137 1 -2 0 0 0.551656 0.342394 366 146 637 146 366 269 628 273 489 97 2.48406 398 508 3.18004
33.9321 0.431399 0.34188 1 -5 0 0 0.551656 0.342394 367 146 637 146 366 269 628 273 489 97 2.48406 397 509 3.11628
33.9988 0.431399 0.34188 1 -5 0 0 0.551656 0.342394 367 146 637 146 366 269 628 273 489 97 2.48406 397 509 3.11628
34.0654 0.431399 0.34188 1 -5 0 0 0.551656 0.342394 366 146 637 146 366 269 628 273 488 97 2.4733 397 509 3.11628
34.1321 0.431399 0.342137 0 -2 0 0 0.551656 0.342394 366 146 637 146 366 269 628 273 488 98 2.49204 398 508 3.12877
34.1988 0.431399 0.342137 0 -2 0 0 0.551656 0.342394 366 146 637 146 366 269 628 273 489 97 2.49014 398 508 3.12877
34.2654 0.431399 0.342137 0 -2 0 0 0.551656 0.342394 367 146 637 146 366 269 628 273 489 97 2.48406 397 509 3.11628
34.3321 0.431656 0.34188 1 0 0 0 0.551656 0.342394 366 146 637 146 366 269 628 273 489 97 2.49014 397 509 3.11628
34.3988 0.431656 0.34188 1 0 0 0 0.551656 0.342394 366 146 637 146 366 269 628 273 488 97 2.46525 397 509 3.11628
34.4737 0.431656 0.34188 1 0 0 0 0.551656 0.342394 366 146 637 146 366 269 628 273 489 97 2.49014 398 508 3.12877
34.5321 0.431399 0.342137 1 0 0 0 0.551656 0.342394 366 146 637 146 366 269 628 273 489 97 2.48406 397 509 3.11628
34.5987 0.431399 0.342137 1 0 0 0 0.551656 0.342394 366 146 637 146 366 269 628 273 489 97 2.48406 397 509 3.11628
34.6654 0.431399 0.342137 1 0 0 0 0.551656 0.342394 367 146 637 146 366 269 628 273 489 98 2.4859 397 509 3.11628
34.7321 0.431399 0.342137 0 -1 0 0 0.551656 0.342394 366 146 637 146 366 269 628 273 488 97 2.46369 397 509 3.11628
34.7988 0.431399 0.342137 0 -1 0 0 0.551656 0.342394 367 146 637 146 366 269 628 273 489 98 2.4859 397 509 3.11628
34.8655 0.431399 0.342137 0 -1 0 0 0.551656 0.342394 366 146 637 146 366 269 628 273 489 97 2.48406 397 509 3.11628
34.9321 0.431399 0.342137 0 -4 0 0 0.551656 0.342394 366 146 637 146 367 269 628 273 489 97 2.48406 397 509 3.11628
34.9988 0.431399 0.342137 0 -4 0 0 0.551656 0.342394 367 146 637 146 366 269 628 273 488 98 2.49204 397 509 3.11628
35.0654 0.431399 0.342137 0 -4 0 0 0.551656 0.342394 366 146 637 146 366 269 628 273 489 97 2.48406 397 509 3.11628
35.1321 0.431399 0.342137 1 -14 0 0 0.551656 0.342394 366 146 637 146 366 269 628 273 489 98 2.4859 398 508 3.12877
35.1987 0.431399 0.342137 1 -14 0 0 0.551656 0.342394 367 146 637 146 366 269 628 273 489 97 2.48406 397 509 3.11628
35.2654 0.431399 0.342137 1 -14 0.06 0.06 0.551856 0.342594 366 146 637 146 366 269 628 273 489 97 2.48406 397 509 3.11628
35.3321 0.431656 0.342137 0 -4 0.06 0.06 0.552056 0.342794 367 146 637 146 367 269 628 273 489 98 2.4859 398 508 3.12877
35.3987 0.431656 0.342137 0 -4 0.06 0.06 0.552256 0.342994 367 146 637 146 366 269 628 273 489 98 2.4859 397 509 3.11628
35.4655 0.431656 0.342137 0 -4 0.06 0.06 0.552456 0.343194 366 146 637 146 366 269 628 273 489 98 2.4859 397 509 3.11628
35.5321 0.431399 0.342137 0 -14 0.06 0.06 0.552656 0.343394 366 146 637 146 366 269 628 273 489 98 2.4859 398 508 3.12877
35.5987 0.431399 0.342137 0 -14 0.06 0.06 0.552856 0.343594 366 146 637 146 366 269 628 273 489 97 2.49014 398 508 3.12877
35.6654 0.431656 0.34188 1 -17 0.06 0.06 0.553056 0.343794 367 146 637 146 366 269 628 273 489 98 2.4859 398 508 3.12877
35.7321 0.431656 0.34188 1 -17 0.06 0.06 0.553256 0.343994 366 146 637 146 366 269 628 273 489 97 2.48406 398 508 3.12877
35.7988 0.431656 0.34188 1 -17 0.06 0.06 0.553456 0.344194 367 146 637 146 366 269 628 273 488 97 2.46525 397 509 3.11628
35.8654 0.431913 0.342137 7 -28 0.06 0.06 0.553656 0.344394 366 146 637 146 366 269 628 273 489 97 2.48406 398 508 3.12877
35.9321 0.431913 0.342137 7 -28 0.06 0.06 0.553856 0.344594 367 146 637 146 366 269 628 273 488 97 2.46525 397 509 3.11628
35.9987 0.431913 0.342137 7 -28 0.06 0.06 0.554056 0.344794 367 146 637 146 366 269 628 273 488 97 2.4733 397 509 3.11628
36.0654 0.431913 0.342651 13 -26 0.06 0.06 0.554256 0.344994 366 146 637 146 366 269 628 273 489 97 2.48406 397 509 3.11628
36.1321 0.431913 0.342651 13 -26 0.06 0.06 0.554456 0.345194 366 146 637 146 366 269 628 273 489 97 2.48406 397 509 3.11628
36.1987 0.431913 0.342651 13 -26 0.06 0.06 0.554656 0.345394 367 146 636 146 366 269 627 272 489 98 2.4859 397 509 3.11628
36.2654 0.432941 0.343423 10 -28 0.06 0.06 0.554856 0.345594 367 146 636 146 366 269 627 272 488 97 2.48406 398 508 3.12877
36.3321 0.432941 0.343423 10 -28 0.06 0.06 0.555056 0.345794 368 146 636 146 367 269 627 272 489 97 2.49014 398 508 3.12877
36.3988 0.432941 0.343423 10 -28 0.06 0.06 0.555256 0.345995 369 146 636 146 368 269 627 272 489 98 2.4859 397 509 3.11628
36.4654 0.433455 0.34368 13 -26 0.06 0.06 0.555456 0.346195 369 146 636 146 368 269 627 272 489 97 2.49014 398 508 3.12877
36.5321 0.433455 0.34368 13 -26 0.06 0.06 0.555656 0.346395 369 146 635 146 368 269 627 272 489 97 2.49014 398 508 3.12877
36.5987 0.433455 0.34368 13 -26 0.06 0.06 0.555856 0.346595 369 146 635 146 368 269 627 272 489 97 2.48406 397 509 3.11628
36.6654 0.433712 0.344451 14 -29 0.06 0.06 0.556056 0.346795 370 145 635 146 369 269 627 272 489 97 2.48406 398 508 3.12877
36.7321 0.433712 0.344451 14 -29 0.06 0.06 0.556256 0.346995 370 145 635 146 369 269 627 272 488 97 2.47162 397 509 3.11628
36.7987 0.433712 0.344451 14 -29 0.06 0.06 0.556456 0.347195 370 145 635 145 369 269 626 272 489 98 2.4859 397 509 3.11628
36.8654 0.434741 0.344451 14 -33 0.06 0.06 0.556656 0.347395 371 145 634 145 369 268 626 272 489 97 2.48406 397 509 3.11628
36.9321 0.434741 0.344451 14 -33 0.06 0.06 0.556856 0.347595 371 145 634 145 370 268 626 272 488 98 2.49204 397 509 3.11628
36.9988 0.434741 0.344451 14 -33 0.06 0.06 0.557056 0.347795 373 145 634 145 370 269 626 272 489 97 2.48406 397 509 3.11628
37.0655 0.434741 0.345479 25 -29 0.06 0.06 0.557256 0.347995 373 145 634 145 370 269 626 272 489 97 2.48406 397 509 3.11628
37.1321 0.434741 0.345479 25 -29 0.06 0.06 0.557456 0.348195 373 145 634 145 370 268 626 272 489 98 2.4859 397 509 3.11628
37.1988 0.434741 0.345479 25 -29 0.06 0.06 0.557656 0.348395 373 145 633 145 370 269 626 272 489 97 2.49014 398 508 3.12877
37.2654 0.435255 0.34625 24 -29 0.06 0.06 0.557856 0.348595 373 145 633 145 371 269 626 272 489 97 2.48406 398 508 3.12877
37.3321 0.435255 0.34625 24 -29 0.06 0.06 0.558056 0.348795 374 145 633 145 371 269 626 272 488 97 2.4733 397 509 3.11628
37.3988 0.435255 0.34625 24 -29 0.06 0.06 0.558256 0.348995 375 145 633 145 371 268 626 272 488 97 2.46525 397 509 3.11628
37.4654 0.436283 0.34625 25 -31 0.06 0.06 0.558456 0.349195 375 145 632 145 372 268 625 272 489 98 2.4859 397 509 3.11628
37.5321 0.436283 0.34625 25 -31 0.06 0.06 0.558656 0.349395 374 145 632 145 372 268 625 272 489 98 2.4859 397 509 3.11628
37.5987 0.436283 0.347278 26 -28 0.06 0.06 0.558856 0.349595 376 145 632 145 373 268 625 272 489 97 2.48406 397 509 3.11628
37.6654 0.436283 0.347278 26 -28 0.06 0.06 0.559056 0.349795 377 145 632 145 373 268 625 272 489 97 2.49014 398 508 3.12877
37.7321 0.436283 0.347278 26 -28 0.06 0.06 0.559256 0.349995 377 145 632 145 373 268 625 272 489 97 2.49014 397 509 3.11628
37.7988 0.437311 0.347278 27 -29 0.06 0.06 0.559456 0.350195 377 145 631 145 373 268 624 272 489 97 2.49014 397 509 3.11628
37.8654 0.437311 0.347278 27 -29 0.06 0.06 0.559656 0.350395 377 145 631 145 373 268 624 272 489 98 2.4859 398 508 3.12877
37.9321 0.437311 0.347278 27 -29 0.06 0.06 0.559856 0.350595 379 145 631 145 375 268 624 272 489 97 2.48406 397 509 3.11628
37.9987 0.437311 0.348307 26 -28 0.06 0.06 0.560056 0.350795 379 145 631 145 374 268 624 272 489 98 2.4859 398 508 3.12877
38.0654 0.437311 0.348307 26 -28 0.06 0.06 0.560256 0.350995 379 145 630 145 374 268 623 272 489 97 2.48406 397 509 3.11628
38.1321 0.437311 0.348307 26 -28 0.06 0.06 0.560456 0.351195 379 145 630 145 374 268 623 272 489 97 2.48406 397 509 3.11628
38.1987 0.438082 0.349078 28 -31 0.06 0.06 0.560656 0.351395 379 145 630 145 375 268 623 272 489 97 2.48406 397 509 3.11628
38.2654 0.438082 0.349078 28 -31 0.06 0.06 0.560856 0.351595 381 145 629 145 375 268 623 272 489 97 2.48406 398 508 3.12877
38.3321 0.438082 0.349078 28 -31 0.06 0.06 0.561056 0.351795 381 145 629 145 375 268 623 272 489 97 2.48406 397 509 3.11628
38.3988 0.439111 0.349078 27 -34 0.06 0.06 0.561256 0.351995 381 145 628 145 375 268 622 272 489 98 2.4859 398 508 3.12877
38.4654 0.439111 0.349078 27 -34 0.06 0.06 0.561456 0.352195 381 145 627 145 375 267 622 272 489 97 2.48406 397 509 3.11628
38.5321 0.439111 0.349078 27 -34 0.06 0.06 0.561656 0.352395 381 145 627 145 376 268 622 272 489 98 2.4859 397 509 3.11628
38.5987 0.439111 0.350106 28 -27 0.06 0.06 0.561856 0.352595 384 145 627 144 377 268 622 272 489 97 2.48406 398 508 3.12877
38.6654 0.439111 0.350106 28 -27 0.06 0.06 0.562056 0.352795 384 145 627 144 378 268 622 272 489 97 2.48406 397 509 3.11628
38.7321 0.439111 0.350106 28 -27 0.06 0.06 0.562256 0.352995 384 145 625 144 377 268 621 271 488 97 2.50012 397 509 3.11628
38.7987 0.440139 0.350363 27 -31 0.06 0.06 0.562456 0.353195 385 145 625 144 378 268 620 271 489 97 2.48406 397 509 3.11628
38.8654 0.440139 0.350363 27 -31 0.06 0.06 0.562656 0.353395 385 145 625 144 378 268 621 271 489 98 2.4859 397 509 3.11628
38.9321 0.440139 0.350363 27 -31 0.06 0.06 0.562856 0.353595 387 145 625 144 379 268 620 271 488 98 2.49204 398 508 3.12877
38.9988 0.440396 0.351134 21 -29 0.06 0.06 0.563056 0.353795 387 145 625 144 379 268 621 271 489 97 2.48406 397 509 3.11628
39.0654 0.440396 0.351134 21 -29 0.06 0.06 0.563256 0.353995 387 145 623 144 379 268 619 271 489 98 2.4859 397 509 3.11628
39.1321 0.440396 0.351134 21 -29 0.06 0.06 0.563456 0.354195 387 145 623 144 379 268 619 271 488 97 2.46525 397 509 3.11628
39.1988 0.441167 0.352162 28 -27 0.06 0.06 0.563656 0.354395 388 145 623 144 380 268 619 271 489 98 2.4859 398 508 3.12877
39.2654 0.441167 0.352162 28 -27 0.06 0.06 0.563856 0.354595 389 145 623 144 381 268 619 271 489 98 2.4859 397 509 3.11628
39.3321 0.441938 0.352162 27 -36 0.06 0.06 0.564056 0.354795 389 145 623 144 381 268 619 271 489 97 2.48406 397 509 3.11628
39.3988 0.441938 0.352162 27 -36 0.06 0.06 0.564256 0.354995 389 145 621 144 381 268 618 271 489 97 2.48406 398 508 3.18004
39.4654 0.441938 0.352162 27 -36 0.06 0.06 0.564456 0.355195 389 145 621 144 380 268 618 271 489 98 2.4859 398 508 3.12877
39.5321 0.442195 0.353448 28 -29 0.06 0.06 0.564656 0.355395 391 145 621 144 382 268 618 271 489 98 2.4859 397 509 3.11628
39.5987 0.442195 0.353448 28 -29 0.06 0.06 0.564856 0.355595 392 145 621 144 382 268 618 271 489 98 2.4859 397 509 3.11628
39.6654 0.442195 0.353448 28 -29 0.06 0.06 0.565056 0.355795 392 145 621 144 382 268 618 271 489 97 2.48406 397 509 3.11628
39.7321 0.442709 0.353448 27 -34 0.06 0.06 0.565256 0.355995 392 145 619 144 382 267 617 271 489 97 2.48406 397 509 3.11628
39.7988 0.442709 0.353448 27 -34 0.06 0.06 0.565456 0.356195 392 145 619 144 382 268 617 271 489 97 2.48406 397 509 3.11628
39.8654 0.442709 0.353448 27 -34 0.06 0.06 0.565656 0.356395 393 145 619 144 383 267 617 271 489 97 2.48406 397 509 3.11628
39.9321 0.442966 0.353962 32 -34 0.06 0.06 0.565856 0.356595 394 145 619 144 383 268 617 271 489 98 2.4859 398 508 3.12877
39.9988 0.442966 0.353962 32 -34 0.06 0.06 0.566056 0.356795 394 145 619 144 383 268 617 271 488 97 2.46525 397 509 3.11628
40.0654 0.444252 0.353962 24 -28 0.06 0.06 0.566256 0.356995 394 145 616 144 383 268 615 270 489 97 2.48406 398 508 3.12877
40.1321 0.444252 0.353962 24 -28 0.06 0.06 0.566456 0.357195 394 145 616 143 383 268 615 271 489 98 2.4859 398 508 3.12877
40.1987 0.444252 0.353962 24 -28 0.06 0.06 0.566656 0.357395 396 145 616 143 385 268 615 270 488 97 2.46369 398 508 3.12877
40.2654 0.444509 0.355247 23 -30 0.06 0.06 0.566856 0.357595 397 145 616 143 385 267 615 270 489 97 2.49014 397 509 3.11628
40.3321 0.444509 0.355247 23 -30 0.06 0.06 0.567056 0.357795 397 145 615 144 385 267 614 270 489 97 2.49014 398 508 3.12877
40.3988 0.444509 0.355247 23 -30 0.06 0.06 0.567256 0.357995 397 145 614 143 385 267 614 270 488 97 2.46369 397 509 3.11628
40.4654 0.445537 0.356018 22 -26 0.06 0.06 0.567456 0.358195 397 145 613 143 385 268 614 271 489 98 2.4859 397 509 3.11628
40.5321 0.445537 0.356018 22 -26 0.06 0.06 0.567656 0.358395 398 145 613 143 386 267 614 270 489 97 2.50012 397 509 3.11628
40.5988 0.445537 0.356018 22 -26 0.06 0.06 0.567856 0.358595 399 145 613 143 386 267 614 270 489 97 2.46369 397 509 3.11628
40.6655 0.446051 0.356275 27 -37 0.06 0.06 0.568056 0.358795 399 145 613 143 386 268 613 270 489 97 2.4733 397 509 3.11628
40.7321 0.446051 0.356275 27 -37 0.06 0.06 0.568256 0.358995 399 145 612 143 386 267 613 270 489 97 2.46369 397 509 3.11628
40.7987 0.446051 0.356275 27 -37 0.06 0.06 0.568456 0.359195 399 145 612 143 386 267 613 270 489 96 2.47162 398 508 3.12877
40.8654 0.446051 0.357046 22 -31 0.06 0.06 0.568656 0.359395 400 145 612 143 387 268 613 270 490 97 2.46999 398 508 3.12877
40.9321 0.446051 0.357046 22 -31 0.06 0.06 0.568856 0.359595 400 145 612 143 387 268 613 270 491 97 2.4733 397 509 3.11628
40.9987 0.446051 0.357046 22 -31 0.06 0.06 0.569056 0.359795 400 145 611 143 387 267 612 270 491 97 2.47965 397 509 3.11628
41.0654 0.447079 0.357046 21 -27 0.06 0.06 0.569256 0.359995 400 145 610 143 387 268 612 270 491 97 2.4733 397 509 3.11628
41.1321 0.447079 0.357046 21 -27 0.06 0.06 0.569456 0.360195 400 145 610 143 387 267 612 270 491 97 2.4733 397 509 3.11628
41.1988 0.447079 0.357046 21 -27 0.06 0.06 0.569656 0.360395 401 145 610 143 388 268 612 270 492 97 2.44293 397 509 3.11628
41.2654 0.447336 0.358075 23 -31 0.06 0.06 0.569856 0.360595 401 145 610 143 388 268 612 270 493 96 2.46525 398 508 3.12877
41.3321 0.447336 0.358075 23 -31 0.06 0.06 0.570056 0.360795 402 145 609 143 388 267 611 270 493 97 2.45877 397 509 3.11628
41.3988 0.447336 0.358075 23 -31 0.06 0.06 0.570256 0.360995 402 145 608 143 388 268 611 270 493 97 2.45877 397 509 3.11628
41.4654 0.44785 0.358589 25 -26 0.06 0.06 0.570456 0.361195 402 145 608 143 388 267 611 270 493 97 2.4508 397 509 3.11628
41.5321 0.44785 0.358589 25 -26 0.06 0.06 0.570656 0.361395 403 145 608 143 388 268 611 270 494 97 2.4508 398 508 3.12877
41.5987 0.448879 0.358846 23 -35 0.06 0.06 0.570856 0.361595 403 145 608 143 389 267 610 270 494 97 2.44945 397 509 3.11628
41.6654 0.448879 0.358846 23 -35 0.06 0.06 0.571056 0.361795 403 145 606 143 388 268 609 270 494 97 2.44945 397 509 3.11628
41.7321 0.448879 0.358846 23 -35 0.06 0.06 0.571256 0.361995 403 145 605 143 388 268 609 270 494 97 2.4442 398 508 3.12877
41.7988 0.449136 0.359874 27 -27 0.06 0.06 0.571456 0.362195 404 145 605 143 390 267 609 270 496 97 2.46218 398 508 3.12877
41.8654 0.449136 0.359874 27 -27 0.06 0.06 0.571656 0.362395 405 145 605 143 390 267 609 270 497 97 2.46525 398 508 3.12877
41.9321 0.449136 0.359874 27 -27 0.06 0.06 0.571856 0.362595 405 145 605 142 390 268 608 270 497 97 2.45877 397 509 3.11628
41.9988 0.449907 0.359874 28 -32 0.06 0.06 0.572056 0.362795 405 145 603 143 390 268 608 270 497 97 2.46525 397 509 3.11628
42.0654 0.449907 0.359874 28 -32 0.06 0.06 0.572256 0.362995 405 145 603 142 390 268 608 270 497 97 2.46525 397 509 3.11628
42.1321 0.449907 0.359874 28 -32 0.06 0.06 0.572456 0.363195 407 145 603 142 391 268 608 270 499 98 2.4508 398 508 3.12877
42.1987 0.449907 0.360645 26 -26 0.06 0.06 0.572656 0.363395 407 145 603 142 391 268 608 270 500 98 2.46525 397 509 3.11628
42.2654 0.449907 0.360645 26 -26 0.06 0.06 0.572856 0.363595 407 145 602 143 391 268 607 270 499 98 2.4375 397 509 3.11628
42.3321 0.449907 0.360645 26 -26 0.06 0.06 0.573056 0.363795 407 145 601 143 391 268 606 270 499 98 2.4442 397 509 3.11628
42.3987 0.450935 0.361416 20 -31 0.06 0.06 0.573256 0.363995 407 145 601 142 391 267 606 270 499 98 2.4442 397 509 3.11628
42.4654 0.450935 0.361416 20 -31 0.06 0.06 0.573456 0.364195 409 145 601 142 392 267 606 270 501 98 2.42959 397 509 3.11628
42.5321 0.450935 0.361416 20 -31 0.06 0.06 0.573656 0.364395 409 145 601 142 392 267 606 270 502 98 2.45586 397 509 3.11628
42.5988 0.451706 0.361673 21 -37 0.06 0.06 0.573856 0.364595 409 145 600 142 392 267 605 270 501 99 2.4508 397 509 3.11628
42.6654 0.451706 0.361673 21 -37 0.06 0.06 0.574056 0.364795 409 145 599 142 392 268 605 270 501 99 2.4573 397 509 3.11628
42.7321 0.451706 0.361673 21 -37 0.06 0.06 0.574256 0.364995 409 145 599 143 393 267 605 270 502 98 2.44945 397 509 3.11628
42.7988 0.451706 0.362445 17 -34 0.06 0.06 0.574456 0.365195 411 145 599 143 394 267 605 270 502 98 2.44945 397 509 3.11628
42.8655 0.451706 0.362445 17 -34 0.06 0.06 0.574656 0.365395 411 145 599 143 394 267 604 269 504 99 2.4508 397 509 3.11628
42.9321 0.451706 0.362445 17 -34 0.06 0.06 0.574856 0.365595 411 145 597 142 394 267 604 270 504 99 2.4508 397 509 3.11628
42.9987 0.452734 0.363216 28 -32 0.06 0.06 0.575056 0.365795 411 146 597 142 394 267 604 270 504 99 2.4508 397 509 3.11628
43.0654 0.452734 0.363216 28 -32 0.06 0.06 0.575256 0.365995 413 145 596 142 395 268 604 270 506 99 2.45586 398 508 3.12877
43.1321 0.452734 0.363216 28 -32 0.06 0.06 0.575456 0.366195 414 146 596 142 395 267 604 270 507 99 2.4573 397 509 3.11628
43.1988 0.453249 0.36373 27 -32 0.06 0.06 0.575656 0.366395 414 146 596 142 395 267 604 270 507 99 2.4573 397 509 3.11628
43.2654 0.453249 0.36373 27 -32 0.06 0.06 0.575856 0.366595 414 146 596 142 395 267 603 270 507 100 2.4573 397 509 3.11628
43.3321 0.453249 0.36373 27 -32 0.06 0.06 0.576056 0.366795 414 146 596 142 395 267 603 270 507 100 2.4573 397 509 3.11628
43.3987 0.453763 0.364501 28 -36 0.06 0.06 0.576256 0.366995 414 146 596 142 395 267 603 270 507 99 2.4573 397 509 3.11628
43.4655 0.453763 0.364501 28 -36 0.06 0.06 0.576456 0.367195 414 146 596 142 395 267 604 270 507 99 2.4573 397 509 3.11628
43.5321 0.453763 0.364501 28 -36 0.06 0.06 0.576656 0.367395 414 146 596 142 395 267 604 270 507 99 2.4573 397 509 3.11628
43.5988 0.45402 0.364501 35 -34 0.06 0.06 0.576856 0.367595 414 146 596 142 395 267 604 270 507 99 2.45586 397 509 3.11628
43.6654 0.45402 0.364501 35 -34 0.06 0.06 0.577056 0.367795 414 146 596 142 395 267 603 270 507 100 2.4417 398 508 3.12877
43.7321 0.454277 0.365272 26 -35 0.06 0.06 0.577256 0.367995 414 146 596 142 395 267 603 270 507 99 2.4508 398 508 3.12877
43.7988 0.454277 0.365272 26 -35 0.06 0.06 0.577456 0.368195 414 146 596 142 395 267 603 270 507 99 2.4508 397 509 3.11628
43.8654 0.454277 0.365272 26 -35 0.06 0.06 0.577657 0.368395 414 146 596 142 395 268 603 270 507 100 2.4417 397 509 3.11628
43.9321 0.455305 0.365786 38 -42 0.06 0.06 0.577857 0.368595 414 146 596 142 395 268 603 270 506 100 2.4442 398 508 3.12877
43.9988 0.455305 0.365786 38 -42 0.06 0.06 0.578057 0.368795 413 146 596 142 395 268 603 270 506 100 2.43517 397 509 3.11628
44.0654 0.455305 0.365786 38 -42 0.06 0.06 0.578257 0.368995 413 146 596 143 395 268 603 270 507 100 2.4417 397 509 3.11628
44.1321 0.455819 0.366043 48 -36 0.06 0.06 0.578457 0.369195 413 146 596 142 395 268 603 270 507 100 2.4417 397 509 3.11628
44.1988 0.455819 0.366043 48 -36 0.06 0.06 0.578657 0.369395 413 146 596 143 395 268 603 270 506 100 2.4417 397 509 3.11628
44.2655 0.455819 0.366043 48 -36 0.06 0.06 0.578857 0.369595 414 146 596 142 395 268 603 270 506 100 2.4417 397 509 3.11628
44.3321 0.456076 0.367072 49 -43 0.06 0.06 0.579057 0.369795 413 146 596 143 395 268 603 270 506 100 2.43517 397 509 3.11628
44.3987 0.456076 0.367072 49 -43 0.06 0.06 0.579257 0.369995 413 146 596 143 395 268 603 270 506 100 2.43517 398 508 3.12877
44.4654 0.456076 0.367072 49 -43 0.06 0.06 0.579457 0.370195 413 146 596 143 395 268 604 270 507 100 2.42085 397 509 3.11628
44.5321 0.456847 0.367072 41 -43 0.06 0.06 0.579657 0.370395 413 146 596 143 395 267 604 270 506 100 2.43517 398 508 3.12877
44.5989 0.456847 0.367072 41 -43 0.06 0.06 0.579857 0.370595 413 146 596 143 395 267 603 270 507 100 2.42085 398 508 3.12877
44.6654 0.456847 0.367072 41 -43 0.06 0.06 0.580057 0.370795 413 146 596 143 395 267 604 270 507 100 2.42085 398 509 3.12909
44.7321 0.456847 0.367843 34 -49 0.06 0.06 0.580257 0.370995 413 146 596 143 394 268 604 270 507 99 2.44293 398 508 3.12877
44.7988 0.456847 0.367843 34 -49 0.06 0.06 0.580457 0.371195 413 146 596 143 395 267 603 270 507 99 2.44293 397 509 3.11628
44.8654 0.456847 0.367843 34 -49 0.06 0.06 0.580657 0.371395 413 146 596 143 394 268 604 270 507 100 2.42085 398 509 3.12909
44.9321 0.457875 0.368614 44 -47 0.06 0.06 0.580857 0.371595 414 146 596 143 394 268 604 270 507 100 2.42085 397 509 3.11628
44.9988 0.457875 0.368614 44 -47 0.06 0.06 0.581057 0.371795 413 146 596 143 395 268 604 270 507 100 2.43631 398 509 3.12909
45.0654 0.457875 0.368614 44 -47 0.06 0.06 0.581257 0.371995 413 146 596 143 394 268 604 270 507 100 2.42959 398 509 3.12909
45.1321 0.45839 0.369128 45 -48 0.06 0.06 0.581457 0.372195 413 146 596 143 394 268 604 270 507 100 2.42959 398 509 3.12909
45.1987 0.45839 0.369128 45 -48 0.06 0.06 0.581657 0.372395 414 146 596 143 394 268 604 270 507 100 2.42959 397 509 3.11628
45.2654 0.458647 0.369899 43 -49 0.06 0.06 0.581857 0.372595 413 146 596 143 394 268 604 270 507 100 2.4508 398 509 3.12909
45.3321 0.458647 0.369899 43 -49 0.06 0.06 0.582057 0.372795 413 146 596 143 394 268 604 270 507 100 2.44293 397 509 3.11628
45.3988 0.458647 0.369899 43 -49 0.06 0.06 0.582257 0.372995 413 146 597 142 394 268 604 270 507 100 2.44293 397 509 3.11628
45.4654 0.459418 0.369899 46 -51 0.06 0.06 0.582457 0.373195 413 146 596 143 394 268 604 270 507 100 2.44293 398 509 3.12909
45.5321 0.459418 0.369899 46 -51 0.06 0.06 0.582657 0.373395 413 146 597 142 394 268 604 270 507 100 2.44293 398 509 3.12909
45.5988 0.459418 0.369899 46 -51 0 0 0.582657 0.373395 413 146 597 143 394 268 604 270 507 100 2.42179 398 509 3.12909
45.6654 0.459418 0.370413 41 -48 0 0 0.582657 0.373395 413 146 597 143 394 268 604 270 507 100 2.44293 398 509 3.14159
45.7321 0.459418 0.370413 41 -48 0 0 0.582657 0.373395 414 146 597 143 394 268 604 270 507 101 2.4508 398 509 3.12909
45.7988 0.459418 0.370413 41 -48 0 0 0.582657 0.373395 413 146 597 143 394 268 604 270 507 100 2.44293 398 509 3.12909
45.8654 0.460189 0.371184 49 -56 0 0 0.582657 0.373395 413 146 597 143 394 268 604 270 507 101 2.4508 397 509 3.11628
45.9321 0.460189 0.371184 49 -56 0 0 0.582657 0.373395 413 146 597 143 394 268 604 270 507 101 2.4508 398 509 3.12909
45.9987 0.460189 0.371184 49 -56 0 0 0.582657 0.373395 414 146 597 143 394 268 604 270 508 100 2.43405 398 509 3.14159
46.0654 0.460189 0.371184 56 -57 0 0 0.582657 0.373395 414 146 597 143 394 268 604 270 507 101 2.44293 398 509 3.12909
46.1321 0.460189 0.371184 56 -57 0 0 0.582657 0.373395 414 146 597 143 394 268 604 270 508 100 2.43405 398 509 3.12909
46.1987 0.460189 0.371184 56 -57 0 0 0.582657 0.373395 414 146 597 143 394 268 604 270 507 100 2.42085 398 509 3.12909
46.2654 0.460446 0.371698 57 -56 0 0 0.582657 0.373395 414 146 597 143 394 268 604 270 507 101 2.44293 398 509 3.12909
46.3321 0.460446 0.371698 57 -56 0 0 0.582657 0.373395 414 146 597 143 394 268 604 270 508 100 2.43405 398 509 3.12909
46.3987 0.460446 0.371698 57 -56 0 0 0.582657 0.373395 414 146 597 143 394 268 604 270 508 100 2.43405 398 509 3.12909
46.4654 0.460446 0.371698 56 -58 0 0 0.582657 0.373395 413 146 597 143 394 268 604 270 507 100 2.4275 397 509 3.1669
46.5321 0.460446 0.371698 56 -58 0 0 0.582657 0.373395 414 146 597 143 394 268 604 270 507 100 2.4275 398 509 3.12909
46.5987 0.460446 0.371698 56 -58 0 0 0.582657 0.373395 414 146 597 143 394 268 604 270 508 100 2.43405 398 509 3.12909
46.6654 0.460446 0.371698 56 -59 0 0 0.582657 0.373395 414 146 597 143 394 268 604 270 508 100 2.43405 398 509 3.12909
46.7321 0.460446 0.371698 56 -59 0 0 0.582657 0.373395 414 146 597 143 394 268 604 270 507 100 2.4275 398 509 3.12909
46.7988 0.460446 0.371698 56 -59 0 0 0.582657 0.373395 414 146 597 143 394 268 604 270 507 100 2.4275 398 509 3.14159
46.8654 0.460446 0.371698 55 -57 0 0 0.582657 0.373395 414 146 597 143 394 268 604 270 507 101 2.44293 398 509 3.12909
46.9321 0.460446 0.371698 55 -57 0 0 0.582657 0.373395 414 146 597 143 394 268 604 270 508 101 2.41328 398 509 3.12909
46.9988 0.460446 0.371698 55 -57 0 0 0.582657 0.373395 414 146 597 143 394 268 604 270 507 100 2.4275 398 509 3.14159
47.0655 0.460446 0.371698 56 -56 0 0 0.582657 0.373395 414 146 597 143 394 268 604 270 507 100 2.4275 398 508 3.12877
47.1321 0.460446 0.371698 56 -56 0 0 0.582657 0.373395 414 146 597 143 394 268 604 270 508 100 2.43405 398 509 3.12909
47.1988 0.460446 0.371698 57 -57 0 0 0.582657 0.373395 414 146 597 143 394 268 604 270 507 101 2.44293 398 509 3.12909
47.2654 0.460446 0.371698 57 -57 0 0 0.582657 0.373395 414 146 597 143 394 268 604 270 507 101 2.44293 398 509 3.12909
47.3321 0.460446 0.371698 57 -57 0 0 0.582657 0.373395 414 146 597 143 394 268 604 270 507 100 2.4275 398 509 3.12909
47.3987 0.460446 0.371698 55 -56 0 0 0.582657 0.373395 414 146 597 143 394 268 604 270 507 101 2.44293 398 509 3.12909
47.4654 0.460446 0.371698 55 -56 0 0 0.582657 0.373395 414 146 597 143 394 268 604 270 507 101 2.44293 398 509 3.12909
47.5321 0.460446 0.371698 55 -56 0 0 0.582657 0.373395 413 147 597 143 394 268 604 270 507 101 2.44293 398 509 3.12909
47.5988 0.460446 0.371698 56 -56 0 0 0.582657 0.373395 414 146 597 143 394 268 604 270 507 100 2.4275 398 509 3.12909
47.6654 0.460446 0.371698 56 -56 0 0 0.582657 0.373395 414 146 597 143 394 268 604 270 507 100 2.4275 398 509 3.12909
47.7321 0.460446 0.371698 56 -56 0 0 0.582657 0.373395 414 147 597 143 394 268 604 270 507 100 2.4275 398 509 3.12909
47.7988 0.460446 0.371698 56 -55 0 0 0.582657 0.373395 414 146 597 143 394 268 604 270 507 100 2.4275 398 509 3.12909
47.8654 0.460446 0.371698 56 -55 0 0 0.582657 0.373395 414 146 597 143 394 268 604 270 507 101 2.44293 398 509 3.12909
47.9321 0.460446 0.371698 56 -55 0 0 0.582657 0.373395 414 146 597 143 394 268 604 270 507 101 2.44293 398 509 3.12909
47.9987 0.460446 0.371698 55 -57 0 0 0.582657 0.373395 414 146 597 143 394 268 604 270 508 101 2.41328 398 509 3.12909
48.0654 0.460446 0.371698 55 -57 0.06 -0.06 0.582857 0.373195 414 146 597 143 394 268 604 270 507 100 2.4275 398 509 3.12909
48.1321 0.460446 0.371698 55 -57 0.06 -0.06 0.583057 0.372995 413 146 597 143 394 268 604 270 507 100 2.4275 398 509 3.12909
48.1988 0.460446 0.371698 57 -56 0.06 -0.06 0.583257 0.372795 414 146 597 143 394 268 604 270 507 101 2.44293 398 509 3.12909
48.2654 0.460446 0.371698 57 -56 0.06 -0.06 0.583457 0.372595 414 146 597 143 394 268 604 270 507 101 2.44293 398 509 3.12909
48.3321 0.460446 0.371698 57 -56 0.06 -0.06 0.583657 0.372395 414 146 597 143 394 268 604 270 507 101 2.44293 398 509 3.12909
48.3988 0.460446 0.371698 56 -55 0.06 -0.06 0.583857 0.372195 414 146 597 143 394 268 604 270 507 101 2.44293 398 509 3.12909
48.4655 0.460446 0.371698 56 -55 0.06 -0.06 0.584057 0.371995 414 146 597 143 394 268 604 270 507 101 2.43631 398 509 3.12909
48.5321 0.460446 0.371698 48 -58 0.06 -0.06 0.584257 0.371795 414 146 597 143 394 268 604 270 507 101 2.43631 398 509 3.12909
48.5988 0.460446 0.371698 48 -58 0.06 -0.06 0.584457 0.371595 413 146 597 143 394 268 604 270 507 100 2.4275 398 509 3.12909
48.6654 0.460446 0.371698 48 -58 0.06 -0.06 0.584657 0.371395 413 146 597 143 394 268 604 270 507 101 2.43631 398 509 3.12909
48.7321 0.46096 0.371698 56 -34 0.06 -0.06 0.584857 0.371195 414 146 597 143 394 268 604 270 507 101 2.44293 398 509 3.12909
48.7988 0.46096 0.371698 56 -34 0.06 -0.06 0.585057 0.370995 414 146 597 143 394 268 604 270 507 101 2.44293 398 509 3.12909
48.8654 0.46096 0.371698 56 -34 0.06 -0.06 0.585257 0.370795 413 146 597 143 394 268 604 270 507 101 2.44293 398 509 3.12909
48.9349 0.461988 0.371698 57 -33 0.06 -0.06 0.585457 0.370595 413 146 597 143 394 268 604 270 507 101 2.42179 397 509 3.11596
48.9987 0.461988 0.371698 57 -33 0.06 -0.06 0.585657 0.370395 413 146 597 143 394 268 604 270 507 101 2.4442 398 509 3.14159
49.0654 0.461988 0.371698 57 -33 0.06 -0.06 0.585857 0.370195 413 146 597 143 394 268 604 270 507 101 2.4508 397 509 3.11628
49.1321 0.461988 0.371184 56 -21 0.06 -0.06 0.586057 0.369995 413 146 596 143 394 268 604 270 507 101 2.43631 398 509 3.12909
49.1988 0.461988 0.371184 56 -21 0.06 -0.06 0.586257 0.369795 413 146 596 143 394 268 604 270 507 101 2.42853 398 508 3.12877
49.2655 0.461988 0.371184 56 -21 0.06 -0.06 0.586457 0.369595 413 146 596 143 394 268 604 270 507 100 2.43631 398 509 3.12909
49.3321 0.463017 0.371184 58 -6 0.06 -0.06 0.586657 0.369395 413 146 596 143 393 268 604 270 507 101 2.42085 398 509 3.12909
49.3988 0.463017 0.371184 58 -6 0.06 -0.06 0.586857 0.369195 413 146 596 143 393 268 604 270 507 101 2.42085 398 508 3.12877
49.4654 0.463017 0.371184 58 -6 0.06 -0.06 0.587057 0.368995 412 146 596 143 393 268 604 270 506 101 2.43631 397 509 3.11628
49.5321 0.463017 0.370156 62 -18 0.06 -0.06 0.587257 0.368795 412 146 595 143 393 268 604 270 505 101 2.4508 397 509 3.11628
49.5987 0.463017 0.370156 62 -18 0.06 -0.06 0.587457 0.368595 411 146 595 143 393 268 603 270 505 101 2.4508 398 509 3.12909
49.6654 0.463017 0.370156 62 -18 0.06 -0.06 0.587657 0.368395 411 146 595 143 392 268 603 270 505 101 2.4508 397 509 3.11628
49.7321 0.464045 0.369642 71 0 0.06 -0.06 0.587857 0.368195 411 146 595 143 392 268 603 270 505 101 2.4508 397 509 3.11628
49.7988 0.464045 0.369642 71 0 0.06 -0.06 0.588057 0.367995 410 146 594 143 391 268 603 270 504 100 2.46369 397 509 3.11628
49.8655 0.464045 0.369642 71 0 0.06 -0.06 0.588257 0.367795 410 146 593 143 391 268 603 270 503 101 2.4573 397 509 3.11628
49.9321 0.464559 0.369128 58 -19 0.06 -0.06 0.588457 0.367595 409 146 593 143 391 268 602 270 503 100 2.46369 397 509 3.11628
49.9988 0.464559 0.369128 58 -19 0.06 -0.06 0.588657 0.367395 409 146 593 143 391 268 602 270 502 101 2.46525 397 509 3.11628
50.0655 0.465073 0.368614 58 -19 0.06 -0.06 0.588857 0.367195 409 146 593 143 391 268 602 270 502 101 2.4573 397 509 3.11628
50.1321 0.465073 0.368614 58 -19 0.06 -0.06 0.589057 0.366995 408 146 592 143 391 268 602 270 501 101 2.47162 397 509 3.11628
50.1987 0.465073 0.368614 58 -19 0.06 -0.06 0.589257 0.366795 408 146 592 143 390 268 601 270 501 100 2.47162 397 509 3.11628
50.2654 0.465844 0.368357 58 0 0.06 -0.06 0.589457 0.366595 407 146 591 143 390 268 601 270 500 101 2.47162 397 509 3.11628
50.3321 0.465844 0.368357 58 0 0.06 -0.06 0.589657 0.366395 407 146 591 143 390 268 601 270 500 100 2.47162 397 509 3.11628
50.3987 0.465844 0.368357 58 0 0.06 -0.06 0.589857 0.366195 406 146 591 143 389 268 601 270 500 101 2.46999 397 509 3.11628
50.4654 0.465844 0.367586 61 -16 0.06 -0.06 0.590057 0.365995 405 146 589 143 389 268 600 270 498 100 2.48406 397 509 3.11628
50.5321 0.465844 0.367586 61 -16 0.06 -0.06 0.590257 0.365795 405 146 589 143 389 268 600 270 498 101 2.47965 397 509 3.11628
50.5988 0.465844 0.367586 61 -16 0.06 -0.06 0.590457 0.365595 404 146 588 143 389 268 600 270 497 101 2.4859 398 508 3.12877
50.6654 0.466872 0.367072 57 0 0.06 -0.06 0.590657 0.365395 404 146 588 143 388 268 600 270 497 101 2.4859 397 509 3.11628
50.7321 0.466872 0.367072 57 0 0.06 -0.06 0.590857 0.365195 404 146 588 143 388 268 599 270 497 100 2.494 398 508 3.12877
50.7987 0.466872 0.367072 57 0 0.06 -0.06 0.591057 0.364995 403 146 587 143 388 268 599 270 496 100 2.4859 397 509 3.11628
50.8654 0.467643 0.366557 60 -21 0.06 -0.06 0.591257 0.364795 403 146 587 143 387 268 598 270 495 100 2.494 397 509 3.11628
50.9321 0.467643 0.366557 60 -21 0.06 -0.06 0.591457 0.364595 402 146 586 143 387 268 598 270 494 101 2.4859 398 508 3.12877
50.9988 0.467643 0.366557 60 -21 0.06 -0.06 0.591657 0.364395 402 146 586 143 387 268 598 270 494 100 2.494 397 509 3.11628
51.0654 0.467901 0.365786 58 -11 0.06 -0.06 0.591857 0.364195 402 146 585 143 387 268 598 270 494 100 2.494 398 508 3.12877
51.1321 0.467901 0.365786 58 -11 0.06 -0.06 0.592057 0.363995 401 146 585 143 386 268 597 270 493 100 2.494 398 508 3.12877
51.1987 0.467901 0.365786 58 -11 0.06 -0.06 0.592257 0.363795 401 146 584 143 386 268 597 270 493 101 2.50221 398 508 3.12877
51.2654 0.468929 0.365529 57 0 0.06 -0.06 0.592457 0.363595 400 146 584 143 385 268 597 270 492 100 2.50012 397 509 3.11628
51.3321 0.468929 0.365529 57 0 0.06 -0.06 0.592657 0.363395 400 146 584 143 385 268 597 269 492 100 2.50012 397 509 3.11628
51.3988 0.468929 0.365529 57 0 0.06 -0.06 0.592857 0.363195 399 146 583 143 385 268 596 270 491 100 2.50012 397 509 3.11628
51.4654 0.468929 0.364758 54 -19 0.06 -0.06 0.593057 0.362995 398 146 582 143 384 268 596 270 490 101 2.51428 398 508 3.12877
51.5321 0.468929 0.364758 54 -19 0.06 -0.06 0.593257 0.362795 398 146 582 143 384 268 596 270 489 100 2.51657 397 509 3.11628
51.5988 0.4697 0.364244 55 0 0.06 -0.06 0.593457 0.362595 398 146 581 143 384 268 595 270 489 100 2.50012 397 509 3.11628
51.6654 0.4697 0.364244 55 0 0.06 -0.06 0.593657 0.362395 397 146 581 143 384 268 595 270 489 100 2.50012 397 509 3.11628
51.7321 0.4697 0.364244 55 0 0.06 -0.06 0.593857 0.362195 397 146 581 143 383 268 595 269 488 101 2.51428 397 509 3.11628
51.7987 0.470471 0.36373 56 -22 0.06 -0.06 0.594057 0.361995 396 146 580 143 383 268 595 270 487 101 2.51428 397 509 3.11628
51.8666 0.470471 0.36373 56 -22 0.06 -0.06 0.594257 0.361795 396 146 580 143 383 268 594 270 487 100 2.52253 397 509 3.11628
51.9321 0.470471 0.36373 56 -22 0.06 -0.06 0.594457 0.361595 395 146 579 143 383 268 594 270 487 101 2.53087 397 509 3.11628
51.9988 0.470985 0.363216 55 -4 0.06 -0.06 0.594657 0.361395 395 146 579 143 382 268 594 269 486 101 2.51428 397 509 3.11628
52.0654 0.470985 0.363216 55 -4 0.06 -0.06 0.594857 0.361195 395 146 578 143 382 268 594 269 485 101 2.52253 397 509 3.11628
52.1321 0.470985 0.363216 55 -4 -0.06 -0.06 0.594657 0.360995 394 146 578 142 381 268 593 270 485 101 2.52494 397 509 3.11628
52.1987 0.471499 0.362702 57 0 -0.06 -0.06 0.594457 0.360795 393 146 577 143 381 268 593 269 484 100 2.52839 397 509 3.11628
52.2654 0.471499 0.362702 57 0 -0.06 -0.06 0.594257 0.360595 393 146 577 143 381 268 593 270 484 101 2.52494 397 509 3.11628
52.3321 0.471499 0.362702 57 0 -0.06 -0.06 0.594057 0.360395 392 146 576 143 381 268 592 270 483 100 2.52839 398 508 3.12877
52.3988 0.471499 0.36193 50 -11 -0.06 -0.06 0.593857 0.360195 392 146 576 143 380 268 592 270 483 100 2.53931 397 509 3.11628
52.4654 0.471499 0.36193 50 -11 -0.06 -0.06 0.593657 0.359995 391 146 576 143 380 268 592 269 482 100 2.52839 397 509 3.11628
52.5321 0.471499 0.36193 50 -11 -0.06 -0.06 0.593457 0.359795 391 146 575 143 380 268 591 270 481 101 2.53669 397 509 3.11628
52.5987 0.472527 0.361416 55 0 -0.06 -0.06 0.593257 0.359595 391 146 574 143 380 268 591 270 481 100 2.52839 397 509 3.11628
52.6654 0.472527 0.361416 55 0 -0.06 -0.06 0.593057 0.359395 390 146 574 143 379 268 591 269 480 101 2.53669 397 509 3.11628
52.7321 0.472527 0.361416 55 0 -0.06 -0.06 0.592857 0.359195 389 146 573 143 379 268 590 269 479 100 2.54509 398 508 3.12877
52.7987 0.472527 0.360645 28 -5 -0.06 -0.06 0.592657 0.358995 389 146 573 143 378 268 590 269 479 101 2.53931 397 509 3.11628
52.8654 0.472527 0.360645 28 -5 -0.06 -0.06 0.592457 0.358795 389 146 573 143 378 268 590 270 479 101 2.54784 397 509 3.11628
52.9321 0.472527 0.360645 28 -5 -0.06 -0.06 0.592257 0.358595 389 146 573 143 378 268 590 270 479 101 2.54784 397 509 3.11628
52.9988 0.472527 0.360131 28 -3 -0.06 -0.06 0.592057 0.358395 388 146 572 143 378 268 590 269 477 101 2.55359 397 509 3.11628
53.0654 0.472527 0.360131 28 -3 -0.06 -0.06 0.591857 0.358195 387 146 572 143 378 268 590 269 477 101 2.55078 397 509 3.11628
53.1321 0.472527 0.360131 28 -3 -0.06 -0.06 0.591657 0.357995 388 146 572 143 378 268 589 269 477 101 2.54509 397 509 3.11628
53.1988 0.47227 0.359874 13 0 -0.06 -0.06 0.591457 0.357795 387 146 572 143 378 268 589 269 477 101 2.54509 397 509 3.11628
53.2655 0.47227 0.359874 13 0 -0.06 -0.06 0.591257 0.357595 387 146 572 143 378 268 589 269 477 101 2.54509 397 509 3.11628
53.3321 0.47227 0.359103 15 0 -0.06 -0.06 0.591057 0.357395 387 146 571 143 377 268 589 269 476 100 2.56779 398 508 3.12877
53.3988 0.47227 0.359103 15 0 -0.06 -0.06 0.590857 0.357195 387 146 571 143 377 268 589 269 476 100 2.55924 398 508 3.12877
53.4654 0.47227 0.359103 15 0 -0.06 -0.06 0.590657 0.356995 387 145 571 143 377 268 589 269 476 100 2.55924 397 509 3.11628
53.5321 0.471242 0.358589 11 1 -0.06 -0.06 0.590457 0.356795 386 146 571 143 377 268 589 269 476 100 2.56779 397 509 3.11628
53.5988 0.471242 0.358589 11 1 -0.06 -0.06 0.590257 0.356595 386 146 571 143 377 268 589 269 476 100 2.56779 397 509 3.11628
53.6655 0.471242 0.358589 11 1 -0.06 -0.06 0.590057 0.356395 387 145 571 143 377 268 589 269 476 100 2.56779 397 509 3.11628
53.7321 0.470728 0.358332 10 3 -0.06 -0.06 0.589857 0.356195 387 145 571 143 377 268 589 269 476 100 2.56779 397 509 3.11628
53.7987 0.470728 0.358332 10 3 -0.06 -0.06 0.589657 0.355995 386 146 571 143 377 268 589 269 476 101 2.55924 397 509 3.11628
53.8654 0.470728 0.358332 10 3 -0.06 -0.06 0.589457 0.355795 387 145 571 143 377 268 589 269 476 101 2.55924 397 509 3.11628
53.9321 0.470214 0.357561 10 3 -0.06 -0.06 0.589257 0.355595 386 145 571 143 377 268 589 269 475 100 2.56479 397 509 3.11628
53.9987 0.470214 0.357561 10 3 -0.06 -0.06 0.589057 0.355395 386 146 571 143 377 268 589 269 476 100 2.56779 397 509 3.11628
54.0654 0.470214 0.357561 10 3 -0.06 -0.06 0.588857 0.355195 386 145 571 143 377 268 589 269 476 100 2.56779 397 509 3.11628
54.1321 0.4697 0.357561 6 0 -0.06 -0.06 0.588657 0.354995 386 145 571 143 377 268 589 269 476 100 2.56779 397 509 3.11628
54.1988 0.4697 0.357561 6 0 -0.06 -0.06 0.588457 0.354795 386 145 570 143 377 268 589 269 476 100 2.56779 397 509 3.11628
54.2654 0.4697 0.357561 6 0 -0.06 -0.06 0.588257 0.354595 386 145 570 143 377 268 589 269 475 100 2.56219 397 508 3.12909
