18.465 0.250177 0.160401 0 3 0 0 0 0 84 428 884 437 203 448 769 457 488 95 0.0705896 397 508 3.14159
18.5317 0.250177 0.160401 0 4 0 0 0.370177 0.160401 84 428 884 439 203 448 769 458 488 96 0.061777 397 508 3.14159
18.5983 0.250177 0.160401 0 4 0 0 0.370177 0.160401 84 428 884 439 203 448 769 458 488 96 0.061777 397 507 3.11628
18.665 0.250177 0.160401 0 4 0 0 0.370177 0.160401 84 428 884 439 203 448 769 458 488 96 0.061777 397 508 3.14159
18.7317 0.250177 0.160401 0 4 0 0 0.370177 0.160401 84 428 884 439 202 448 769 458 488 95 0.0713075 397 508 3.14159
18.7983 0.250177 0.160401 0 4 0 0 0.370177 0.160401 84 428 884 439 203 448 769 458 488 96 0.061777 397 508 3.14159
18.865 0.250177 0.160401 1 4 0 0 0.370177 0.160401 84 428 884 439 203 448 769 458 488 96 0.061777 397 508 3.14159
18.9317 0.250177 0.160401 1 4 0 0 0.370177 0.160401 84 428 884 439 203 448 769 458 488 96 0.061777 397 507 3.12894
18.9984 0.250177 0.160401 1 4 0 0 0.370177 0.160401 84 428 884 439 203 448 769 458 488 96 0.061777 397 508 3.14159
19.065 0.250177 0.160401 1 3 0 0 0.370177 0.160401 84 428 884 439 203 448 769 458 488 96 0.061777 397 508 3.14159
19.1317 0.250177 0.160401 1 3 0 0 0.370177 0.160401 84 428 884 439 203 448 769 458 488 96 0.061777 397 507 3.12894
19.1983 0.250177 0.160401 1 3 0 0 0.370177 0.160401 84 428 884 439 203 448 769 458 488 96 0.061777 397 508 3.14159
19.265 0.250177 0.160401 1 3 0 0 0.370177 0.160401 84 428 884 439 203 448 769 458 488 96 0.061777 397 507 3.12894
19.3317 0.250177 0.160401 1 3 0 0 0.370177 0.160401 84 428 884 439 203 448 769 458 488 96 0.061777 397 507 3.12894
19.3983 0.250177 0.160401 1 3 0 0 0.370177 0.160401 84 428 884 439 203 448 769 458 488 96 0.061777 397 508 3.14159
19.4654 0.250177 0.160401 2 3 0 0 0.370177 0.160401 84 428 884 439 203 448 769 458 488 96 0.061777 397 508 3.14159
19.5317 0.250177 0.160401 2 3 0 0 0.370177 0.160401 84 428 884 439 203 448 769 458 488 96 0.061777 397 508 3.14159
19.5983 0.250177 0.160401 1 3 0 0 0.370177 0.160401 84 428 884 439 203 448 769 458 488 96 0.061777 397 508 3.14159
19.665 0.250177 0.160401 1 3 0 0 0.370177 0.160401 84 428 884 439 203 448 769 458 488 96 0.061777 397 508 3.14159
19.7317 0.250177 0.160401 1 3 0 0 0.370177 0.160401 84 428 884 439 203 448 769 458 488 96 0.061777 397 507 3.12894
19.7983 0.250177 0.160401 0 3 0 0 0.370177 0.160401 84 428 884 439 203 448 769 458 488 96 0.061777 397 507 3.12894
19.865 0.250177 0.160401 0 3 0 0 0.370177 0.160401 84 428 884 439 203 448 769 458 488 96 0.061777 397 507 3.12894
19.9317 0.250177 0.160401 0 3 0 0 0.370177 0.160401 84 428 884 439 203 448 769 458 488 96 0.061777 397 507 3.11628
19.9984 0.250434 0.160658 1 3 0 0 0.370177 0.160401 84 428 884 439 203 448 769 458 488 96 0.061777 397 508 3.14159
20.065 0.250434 0.160658 1 3 0 0 0.370434 0.160658 84 428 884 439 203 448 769 458 488 96 0.061777 397 508 3.14159
20.1317 0.250434 0.160658 1 3 0 0 0.370434 0.160658 84 428 884 439 202 448 769 458 488 96 0.061777 397 508 3.14159
20.1983 0.250434 0.160401 2 3 0 0 0.370434 0.160658 84 428 884 439 203 448 769 458 488 96 0.061777 397 507 3.11628
20.265 0.250434 0.160401 2 3 0 0 0.370434 0.160401 84 428 884 439 203 448 769 458 488 96 0.061777 397 508 3.14159
20.3317 0.250434 0.160401 2 3 0 0 0.370434 0.160401 84 428 884 439 203 448 769 458 488 96 0.061777 397 508 3.14159
20.3983 0.250434 0.160401 1 3 0 0 0.370434 0.160401 84 428 884 439 203 448 769 458 488 96 0.061777 397 507 3.11628
20.465 0.250434 0.160401 1 3 0 0 0.370434 0.160401 84 428 884 439 203 448 769 458 488 96 0.061777 397 508 3.14159
20.5317 0.250434 0.160401 1 3 0 0 0.370434 0.160401 84 428 884 439 203 448 769 458 488 96 0.061777 397 508 3.14159
20.5983 0.250177 0.160401 0 -1 0 0 0.370434 0.160401 84 428 884 439 203 448 769 458 488 96 0.061777 397 507 3.12894
20.665 0.250177 0.160401 0 -1 0 0 0.370177 0.160401 84 428 884 439 203 448 769 458 488 96 0.061777 397 508 3.14159
20.7317 0.250177 0.160401 0 -1 0 0 0.370177 0.160401 84 428 884 439 203 448 769 458 488 96 0.061777 397 507 3.12894
20.7983 0.250177 0.160658 0 0 0 0 0.370177 0.160401 84 428 884 439 203 448 769 458 488 96 0.061777 397 508 3.14159
20.865 0.250177 0.160658 0 0 0 0 0.370177 0.160658 84 428 884 439 203 448 769 458 488 96 0.061777 397 508 3.14159
20.9317 0.250177 0.160658 0 0 0 0 0.370177 0.160658 84 428 884 439 203 448 769 458 488 96 0.061777 397 507 3.12894
20.9983 0.250177 0.160658 1 3 0 0 0.370177 0.160658 84 428 884 439 203 448 769 458 488 96 0.061777 397 507 3.11628
21.065 0.250177 0.160658 1 3 0 0 0.370177 0.160658 84 428 884 439 203 449 769 458 488 96 0.061777 397 508 3.14159
21.1317 0.250177 0.160658 1 3 0 0 0.370177 0.160658 84 428 884 439 203 448 769 458 488 96 0.061777 397 508 3.14159
21.1983 0.250177 0.160658 1 3 0 0 0.370177 0.160658 84 428 884 439 203 448 769 458 488 96 0.061777 397 508 3.14159
21.265 0.250177 0.160658 1 3 0 0 0.370177 0.160658 84 428 884 439 203 448 769 458 488 96 0.061777 397 507 3.12894
21.3317 0.250434 0.160658 1 3 0 0 0.370177 0.160658 84 428 884 439 203 448 769 458 488 96 0.061777 397 507 3.12894
21.3983 0.250434 0.160658 1 3 0 0 0.370177 0.160658 84 428 884 439 203 449 769 458 488 96 0.061777 397 508 3.14159
21.465 0.250434 0.160658 1 3 0 0 0.370434 0.160658 84 428 884 439 203 448 769 458 488 96 0.061777 397 507 3.11628
21.5317 0.250177 0.160658 0 0 0 0 0.370434 0.160658 84 428 884 439 203 448 769 458 488 96 0.061777 397 508 3.14159
21.5983 0.250177 0.160658 0 0 0 0 0.370177 0.160658 84 428 884 439 203 449 769 458 488 96 0.061777 397 507 3.11628
21.665 0.250177 0.160658 0 0 0 0 0.370177 0.160658 84 428 884 439 202 448 769 458 488 96 0.061777 397 507 3.12894
21.7317 0.250177 0.160658 1 0 0 0 0.370177 0.160658 84 428 884 439 203 448 769 458 488 95 0.0713075 397 508 3.14159
21.7983 0.250177 0.160658 1 0 0 0 0.370177 0.160658 84 428 884 439 203 448 769 458 488 96 0.061777 397 507 3.11628
21.865 0.250177 0.160658 1 0 0 0 0.370177 0.160658 84 428 884 439 203 448 769 458 488 96 0.061777 397 507 3.11628
21.9317 0.250177 0.160658 0 0 0 0 0.370177 0.160658 84 428 884 439 203 448 769 458 488 96 0.061777 397 508 3.14159
21.9983 0.250177 0.160658 0 0 0 0 0.370177 0.160658 84 428 884 439 202 448 769 458 488 96 0.061777 397 507 3.11628
22.065 0.250177 0.160658 0 0 0 0 0.370177 0.160658 84 428 884 439 202 448 769 458 488 96 0.061777 397 507 3.12894
22.1317 0.250177 0.160658 1 0 0 0 0.370177 0.160658 84 428 884 439 203 448 769 458 488 96 0.061777 397 507 3.12894
22.1983 0.250177 0.160658 1 0 0 0 0.370177 0.160658 84 428 884 439 203 448 769 458 488 96 0.061777 397 507 3.12894
22.265 0.250177 0.160658 1 0 0 0 0.370177 0.160658 84 428 884 439 203 448 769 458 488 96 0.061777 397 507 3.12894
22.3317 0.250177 0.160401 1 0 0 0 0.370177 0.160658 84 428 884 439 203 448 769 458 488 96 0.061777 397 507 3.11628
22.3983 0.250177 0.160401 1 0 0 0 0.370177 0.160401 84 428 884 439 203 448 769 458 488 96 0.061777 397 508 3.14159
22.465 0.250177 0.160401 1 0 0 0 0.370177 0.160401 84 428 884 439 203 448 769 458 488 96 0.061777 397 508 3.14159
22.5317 0.250434 0.160658 1 0 0 0 0.370177 0.160401 84 428 884 439 203 448 769 458 488 96 0.061777 397 507 3.11628
22.5983 0.250434 0.160658 1 0 0 0 0.370434 0.160658 84 428 884 439 203 448 769 458 488 96 0.061777 397 507 3.11628
22.665 0.250434 0.160658 1 0 0 0 0.370434 0.160658 84 428 884 439 203 448 769 458 488 96 0.061777 397 508 3.14159
22.7317 0.250434 0.160658 2 0 0 0 0.370434 0.160658 84 428 884 439 203 448 769 458 488 96 0.061777 397 507 3.11628
22.7983 0.250434 0.160658 2 0 0 0 0.370434 0.160658 84 428 884 439 203 448 769 458 488 96 0.061777 397 508 3.14159
22.865 0.250434 0.160658 2 0 0 0 0.370434 0.160658 84 428 884 439 203 449 769 458 488 96 0.061777 397 507 3.12894
22.9317 0.250434 0.160658 1 3 0 0 0.370434 0.160658 84 428 884 439 203 448 769 458 488 96 0.061777 397 508 3.14159
22.9983 0.250434 0.160658 1 3 0 0 0.370434 0.160658 84 428 884 439 203 448 769 458 488 96 0.061777 397 508 3.14159
23.065 0.250434 0.160658 1 3 0 0 0.370434 0.160658 84 428 884 439 203 448 769 458 488 96 0.061777 397 507 3.12894
23.1317 0.250177 0.160658 0 0 0 0 0.370434 0.160658 84 428 884 439 203 448 769 458 488 96 0.061777 397 508 3.14159
23.1983 0.250177 0.160658 0 0 0 0 0.370177 0.160658 84 428 884 439 203 448 769 458 488 96 0.061777 397 508 3.14159
23.265 0.250434 0.160658 1 0 0 0 0.370177 0.160658 84 428 884 439 203 448 769 458 488 96 0.061777 397 508 3.14159
23.3317 0.250434 0.160658 1 0 0 0 0.370177 0.160658 84 428 884 439 203 448 769 458 488 96 0.061777 397 508 3.14159
23.3983 0.250434 0.160658 1 0 0 0 0.370434 0.160658 84 428 884 439 203 448 769 458 488 96 0.061777 397 507 3.11628
23.465 0.250434 0.160401 1 0 0 0 0.370434 0.160658 84 428 884 439 203 448 769 458 488 96 0.061777 397 508 3.14159
23.5317 0.250434 0.160401 1 0 0 0 0.370434 0.160401 84 428 884 439 203 448 769 458 488 96 0.061777 397 507 3.11628
23.5983 0.250434 0.160401 1 0 0 0 0.370434 0.160401 84 428 884 439 203 448 769 458 488 96 0.0520363 397 508 3.14159
23.665 0.250177 0.160658 1 0 0 0 0.370434 0.160401 84 428 884 439 202 448 769 458 488 96 0.061777 397 507 3.11628
23.7317 0.250177 0.160658 1 0 0 0 0.380434 0.170658 84 428 884 439 203 448 769 458 488 96 0.061777 397 508 3.14159
23.7983 0.250177 0.160658 1 0 0 0 0.380434 0.170658 84 428 884 439 203 448 769 458 488 96 0.061777 397 508 3.14159
23.865 0.250177 0.160658 1 0 0 0 0.380434 0.170658 84 428 884 439 203 448 769 458 488 96 0.061777 397 508 3.14159
23.9317 0.250177 0.160658 1 0 0 0 0.380434 0.170658 84 428 884 439 203 448 769 458 488 96 0.061777 397 508 3.14159
23.9983 0.250434 0.160658 0 0 0 0 0.380434 0.170658 84 428 884 439 203 448 769 458 488 96 0.061777 397 507 3.11628
24.065 0.250434 0.160658 0 0 0 0 0.380434 0.170658 84 428 884 438 203 448 770 458 488 96 0.061777 397 508 3.14159
24.1317 0.250434 0.160658 0 0 0 0 0.380434 0.170658 84 428 883 437 203 448 769 457 488 96 0.061777 397 508 3.14159
24.1983 0.250434 0.160658 0 0 0 0 0.390434 0.180658 84 428 884 438 203 448 769 457 488 96 0.061777 397 507 3.12894
24.265 0.259945 0.160658 4 -1 0 0 0.390434 0.180658 84 423 884 438 203 446 769 457 488 96 0.0520363 397 508 3.14159
24.3317 0.259945 0.160658 4 -1 0 0 0.390434 0.180658 85 420 884 438 203 443 769 457 488 96 0.061777 397 508 3.14159
24.3983 0.259945 0.160658 4 -1 0 0 0.390434 0.180658 85 419 884 438 203 443 769 457 488 96 0.061777 397 508 3.14159
24.465 0.259945 0.160658 4 -1 0 0 0.390434 0.180658 85 419 883 437 203 443 769 457 488 96 0.0520363 397 507 3.12894
24.5317 0.259945 0.170169 1 -1 0 0 0.390434 0.180658 85 419 883 424 203 443 770 449 488 96 0.061777 397 507 3.12894
24.5983 0.259945 0.170169 1 -1 0 0 0.390434 0.180658 85 419 883 421 203 443 769 447 488 96 0.061777 397 507 3.11628
24.665 0.259945 0.170169 1 -1 0 0 0.400434 0.190658 85 419 883 421 203 443 769 447 488 95 0.0705896 397 507 3.12877
24.7317 0.259945 0.170169 1 -1 0 0 0.400434 0.190658 85 419 883 421 203 443 769 447 488 96 0.061777 397 507 3.12894
24.7983 0.259945 0.170169 1 -1 0 0 0.400434 0.190658 87 401 883 421 203 432 769 447 488 96 0.061777 397 508 3.14159
24.865 0.269713 0.178909 6 -15 0 0 0.400434 0.190658 87 400 883 421 204 432 769 447 488 96 0.061777 397 508 3.14159
24.9317 0.269713 0.178909 6 -15 0 0 0.400434 0.190658 87 400 883 421 204 432 769 447 488 95 0.0705896 397 508 3.14159
24.9983 0.269713 0.178909 6 -15 0 0 0.400434 0.190658 87 400 883 421 204 432 769 434 488 95 0.0713075 397 508 3.14159
25.065 0.269713 0.178909 6 -15 0 0 0.400434 0.190658 88 399 881 398 204 431 769 433 488 96 0.061777 397 508 3.14159
25.1317 0.278453 0.180451 11 -1 0 0 0.410434 0.200658 88 399 881 398 204 431 769 433 488 96 0.061777 397 507 3.12894
25.1984 0.278453 0.180451 11 -1 0 0 0.410434 0.200658 88 399 881 398 204 431 769 433 488 95 0.0705896 397 508 3.14159
25.265 0.278453 0.180451 11 -1 0 0 0.410434 0.200658 91 380 881 398 205 420 769 433 489 95 0.0296942 397 508 3.14159
25.3317 0.278453 0.180451 11 -1 0 0 0.410434 0.200658 91 378 881 398 206 419 769 433 488 96 0.061777 397 508 3.14159
25.3983 0.279738 0.190219 8 -17 0 0 0.410434 0.200658 91 378 881 398 206 419 769 433 488 96 0.061777 397 508 3.14159
25.4668 0.279738 0.190219 8 -17 0 0 0.410434 0.200658 91 378 881 398 206 419 769 433 488 96 0.061777 397 507 3.12877
25.5323 0.279738 0.190219 8 -17 0 0 0.410434 0.200658 92 378 878 375 206 418 767 418 488 95 0.0713075 397 507 3.11628
25.5983 0.279738 0.190219 8 -17 0 0 0.420434 0.210658 91 378 878 375 206 419 767 418 488 95 0.0705896 397 508 3.14159
25.665 0.279738 0.190219 8 -17 0 0 0.420434 0.210658 91 378 877 374 206 418 767 418 488 95 0.0705896 397 508 3.14159
25.732 0.29002 0.190219 7 -1 0 0 0.420434 0.210658 97 359 877 375 208 407 767 418 488 95 0.0713075 397 508 3.14159
25.7983 0.29002 0.190219 7 -1 0 0 0.420434 0.210658 97 356 877 375 209 405 767 418 488 95 0.0713075 397 507 3.11628
25.865 0.29002 0.190219 7 -1 0 0 0.420434 0.210658 97 356 877 375 209 405 767 418 488 95 0.0705896 397 508 3.14159
25.9317 0.29002 0.190219 7 -1 0 0 0.420434 0.210658 97 356 877 375 209 405 767 418 488 96 0.061777 397 508 3.14159
25.9983 0.29002 0.200244 1 -18 0 0 0.420434 0.210658 97 356 872 353 209 405 765 405 488 96 0.061777 397 508 3.14159
26.065 0.29002 0.200244 1 -18 0 0 0.420434 0.210658 97 356 871 352 209 405 764 404 488 96 0.061777 397 507 3.12877
26.1317 0.29002 0.200244 1 -18 0 0 0.430434 0.220658 97 356 871 352 209 405 764 404 488 95 0.0713075 397 508 3.14159
26.1983 0.29002 0.200244 1 -18 0 0 0.430434 0.220658 97 356 872 352 212 394 764 404 488 96 0.061777 397 507 3.11628
26.265 0.299788 0.208727 13 -17 0 0 0.430434 0.220658 105 334 871 352 213 391 764 404 488 95 0.0705896 397 508 3.14159
26.3317 0.299788 0.208727 13 -17 0 0 0.430434 0.220658 105 334 871 352 213 391 764 404 488 96 0.061777 397 508 3.14159
26.3983 0.299788 0.208727 13 -17 0 0 0.430434 0.220658 105 334 872 351 213 391 764 403 488 96 0.061777 397 507 3.11628
26.465 0.299788 0.208727 13 -17 0 0 0.430434 0.220658 105 334 865 331 213 391 761 391 488 95 0.0705896 397 508 3.14159
26.5381 0.299788 0.208727 13 -17 0 0 0.430434 0.220658 105 334 864 329 213 391 760 390 488 96 0.061777 397 507 3.12894
26.5983 0.308528 0.210269 14 -18 0 0 0.440434 0.230658 105 334 864 329 213 391 760 390 488 96 0.061777 397 507 3.12894
26.665 0.308528 0.210269 14 -18 0 0 0.440434 0.230658 105 334 864 329 213 391 760 390 488 95 0.0713075 397 507 3.12894
26.7317 0.308528 0.210269 14 -18 0 0 0.440434 0.230658 114 313 864 329 218 378 760 390 488 96 0.061777 397 508 3.14159
26.7983 0.308528 0.210269 14 -18 0 0 0.440434 0.230658 115 312 864 329 218 377 760 390 488 96 0.061777 397 508 3.14159
26.865 0.309813 0.220294 8 -18 0 0 0.440434 0.230658 115 312 864 329 219 378 760 390 488 96 0.061777 397 507 3.12894
26.9317 0.309813 0.220294 8 -18 0 0 0.440434 0.230658 115 312 864 329 219 377 755 377 488 96 0.061777 397 507 3.12877
26.9983 0.309813 0.220294 8 -18 0 0 0.440434 0.230658 115 312 855 308 218 377 755 376 488 96 0.0520363 397 508 3.14159
27.065 0.309813 0.220294 8 -18 0 0 0.450434 0.240658 115 312 855 308 218 377 755 376 488 96 0.061777 397 507 3.12894
27.1317 0.319838 0.220294 16 -1 0 0 0.450434 0.240658 115 312 854 307 218 377 755 376 488 96 0.061777 397 508 3.14159
27.1983 0.319838 0.220294 16 -1 0 0 0.450434 0.240658 126 292 855 308 224 365 755 376 488 96 0.061777 397 508 3.14159
27.265 0.319838 0.220294 16 -1 0 0 0.450434 0.240658 127 290 855 308 225 364 755 376 488 96 0.061777 397 508 3.14159
27.3317 0.319838 0.220294 16 -1 0 0 0.450434 0.240658 127 290 855 308 225 364 755 376 488 96 0.061777 397 508 3.14159
27.3983 0.319838 0.230319 5 -19 0 0 0.450434 0.240658 127 290 855 308 225 364 750 366 488 96 0.061777 397 507 3.11628
27.465 0.319838 0.230319 5 -19 0 0 0.450434 0.240658 127 289 844 287 225 364 750 364 488 96 0.061777 397 508 3.14159
27.5334 0.319838 0.230319 5 -19 0 0 0.450434 0.240658 127 290 844 287 225 364 749 364 488 95 0.0705896 397 508 3.14159
27.5983 0.319838 0.230319 5 -19 0 0 0.460434 0.250658 127 290 844 287 225 364 749 364 488 95 0.0705896 397 508 3.14159
27.665 0.329863 0.231348 17 -13 0 0 0.460434 0.250658 127 290 844 287 225 364 749 364 488 96 0.061777 397 507 3.11628
27.7317 0.329863 0.231348 17 -13 0 0 0.460434 0.250658 139 270 844 287 232 351 749 363 488 95 0.0713075 397 507 3.11628
27.7983 0.329863 0.231348 17 -13 0 0 0.460434 0.250658 140 270 844 287 232 351 749 363 488 96 0.061777 397 508 3.14159
27.865 0.329863 0.231348 17 -13 0 0 0.460434 0.250658 140 270 844 287 232 351 749 363 488 96 0.061777 397 507 3.12894
27.9317 0.329863 0.231348 17 -13 0 0 0.460434 0.250658 140 270 832 268 232 351 743 352 488 95 0.0705896 397 507 3.11628
27.9987 0.330891 0.240087 2 -23 0 0 0.460434 0.250658 140 269 832 268 232 351 742 351 488 96 0.0611482 397 508 3.14159
28.065 0.330891 0.240087 2 -23 0 0 0.470434 0.260658 140 270 832 268 232 351 742 351 488 96 0.061777 397 508 3.14159
28.1317 0.330891 0.240087 2 -23 0 0 0.470434 0.260658 140 270 831 267 232 351 742 351 488 96 0.061777 397 507 3.12877
28.1983 0.330891 0.240087 2 -23 0 0 0.470434 0.260658 152 254 831 267 240 341 742 351 488 96 0.061777 397 508 3.14159
28.265 0.339888 0.249598 15 -24 0 0 0.470434 0.260658 154 253 831 267 240 340 742 351 488 96 0.061777 397 508 3.14159
28.3317 0.339888 0.249598 15 -24 0 0 0.470434 0.260658 154 252 830 267 240 340 742 351 488 96 0.061777 397 508 3.14159
28.3983 0.339888 0.249598 15 -24 0 0 0.470434 0.260658 154 252 830 267 240 340 735 341 488 96 0.061777 397 507 3.12894
28.465 0.339888 0.249598 15 -24 0 0 0.470434 0.260658 154 252 817 249 240 340 735 341 488 96 0.0611482 397 508 3.14159
28.5317 0.339888 0.249598 15 -24 0 0 0.480434 0.270658 154 252 817 249 240 340 734 339 488 95 0.0705896 397 507 3.12894
28.5983 0.349399 0.250112 16 -1 0 0 0.480434 0.270658 154 251 817 249 240 340 734 339 488 95 0.0705896 397 508 3.14159
28.665 0.349399 0.250112 16 -1 0 0 0.480434 0.270658 168 237 817 249 249 330 734 339 488 95 0.0705896 397 508 3.14159
28.7317 0.349399 0.250112 16 -1 0 0 0.480434 0.270658 170 235 817 248 249 330 734 339 488 96 0.061777 397 508 3.14159
28.7983 0.349399 0.250112 16 -1 0 0 0.480434 0.270658 170 235 817 248 250 329 734 339 488 96 0.061777 397 508 3.14159
28.865 0.349913 0.260138 1 -24 0 0 0.480434 0.270658 170 235 817 248 250 329 726 329 488 95 0.0713075 397 508 3.14159
28.9317 0.349913 0.260138 1 -24 0 0 0.480434 0.270658 170 235 801 230 250 329 725 328 488 95 0.0705896 397 508 3.14159
28.9983 0.349913 0.260138 1 -24 0 0 0.490434 0.280658 170 234 801 230 250 329 725 328 488 95 0.0705896 397 508 3.14159
29.065 0.349913 0.260138 1 -24 0 0 0.490434 0.280658 170 234 801 230 250 329 725 328 488 96 0.061777 397 508 3.14159
29.1317 0.349913 0.260138 1 -24 0 0 0.490434 0.280658 186 220 801 231 259 320 725 328 488 96 0.061777 397 508 3.14159
29.1983 0.359681 0.26862 16 -26 0 0 0.490434 0.280658 187 219 801 230 260 319 725 328 488 96 0.061777 397 508 3.14159
29.265 0.359681 0.26862 16 -26 0 0 0.490434 0.280658 187 219 801 230 260 319 725 328 488 96 0.061777 397 508 3.14159
29.3317 0.359681 0.26862 16 -26 0 0 0.490434 0.280658 187 219 785 215 260 319 715 318 488 96 0.0520363 397 508 3.14159
29.3983 0.359681 0.26862 16 -26 0 0 0.490434 0.280658 187 219 785 215 260 319 715 318 488 96 0.061777 397 508 3.14159
29.465 0.369192 0.269906 17 -77 0 0 0.500434 0.290658 188 219 783 214 260 319 715 318 488 96 0.061777 397 508 3.14159
29.5317 0.369192 0.269906 17 -77 0 0 0.500434 0.290658 188 219 783 214 269 311 715 318 488 95 0.0713075 397 508 3.14159
29.5983 0.369192 0.269906 17 -77 0 0 0.500434 0.290658 207 203 783 214 271 309 715 318 488 96 0.061777 397 508 3.14159
29.665 0.369192 0.269906 17 -77 0 0 0.500434 0.290658 208 203 783 214 271 309 715 318 488 96 0.0611482 397 508 3.14159
29.7317 0.369706 0.279931 87 -24 0 0 0.500434 0.290658 208 202 783 213 271 309 714 317 488 95 0.0713075 397 507 3.11628
29.7983 0.369706 0.279931 87 -24 0 0 0.500434 0.290658 208 203 766 200 272 308 714 317 488 95 0.0713075 397 508 3.14159
29.865 0.369706 0.279931 87 -24 0 0 0.500434 0.290658 208 203 764 199 272 308 714 317 488 96 0.061777 397 508 3.14159
29.9317 0.369706 0.279931 87 -24 0 0 0.510434 0.300658 208 202 765 199 271 309 714 317 488 96 0.061777 397 508 3.14159
29.9983 0.379731 0.281216 19 -17 0 0 0.510434 0.300658 208 202 765 198 271 309 714 317 488 96 0.061777 397 507 3.12877
30.065 0.379731 0.281216 19 -17 0 0 0.510434 0.300658 228 189 765 199 283 299 714 317 488 95 0.0713075 397 508 3.14159
30.1317 0.379731 0.281216 19 -17 0 0 0.510434 0.300658 229 188 764 198 284 299 714 317 488 95 0.0713075 397 508 3.14159
30.1984 0.379731 0.281216 19 -17 0 0 0.510434 0.300658 229 188 765 198 284 299 714 317 488 95 0.0713075 397 507 3.12894
30.265 0.379731 0.281216 19 -17 0 0 0.510434 0.300658 229 188 765 198 284 299 692 299 488 96 0.061777 397 508 3.14159
30.3317 0.380503 0.289956 1 -26 0 0 0.510434 0.300658 228 188 744 184 284 299 692 299 488 96 0.0611482 397 507 3.11628
30.3983 0.380503 0.289956 1 -26 0 0 0.520434 0.310658 228 188 743 184 284 299 692 299 488 95 0.0705896 397 507 3.12894
30.465 0.380503 0.289956 1 -26 0 0 0.520434 0.310658 229 188 743 184 284 299 692 299 488 96 0.061777 397 508 3.14159
30.5317 0.380503 0.289956 1 -26 0 0 0.520434 0.310658 248 178 743 184 296 292 692 299 488 96 0.061777 397 508 3.14159
30.5983 0.389499 0.299467 18 -26 0 0 0.520434 0.310658 250 176 743 184 296 291 692 299 488 95 0.0713075 397 507 3.11628
30.665 0.389499 0.299467 18 -26 0 0 0.520434 0.310658 251 176 743 184 296 291 692 299 488 95 0.0713075 397 507 3.12877
30.7317 0.389499 0.299467 18 -26 0 0 0.520434 0.310658 250 176 743 184 296 291 680 292 488 95 0.0713075 397 507 3.12909
30.7983 0.389499 0.299467 18 -26 0 0 0.520434 0.310658 251 176 723 172 297 291 679 290 488 96 0.0611482 397 507 3.11628
30.865 0.39901 0.299981 24 -82 0 0 0.530434 0.320658 251 176 722 173 297 291 678 290 488 96 0.061777 397 507 3.12894
30.9317 0.39901 0.299981 24 -82 0 0 0.530434 0.320658 250 176 722 172 297 291 678 290 488 96 0.061777 397 508 3.14159
30.9983 0.39901 0.299981 24 -82 0 0 0.530434 0.320658 271 167 722 172 309 285 678 290 488 95 0.0705896 397 507 3.11596
31.065 0.39901 0.299981 24 -82 0 0 0.530434 0.320658 274 166 721 172 311 284 678 290 488 95 0.0705896 397 507 3.12877
31.1317 0.39901 0.299981 24 -82 0 0 0.530434 0.320658 274 166 721 172 310 284 678 290 488 95 0.0713075 397 508 3.14159
31.1983 0.399524 0.309749 89 -28 0 0 0.530434 0.320658 274 165 721 172 311 284 678 290 488 96 0.061777 397 507 3.11628
31.265 0.399524 0.309749 89 -28 0 0 0.530434 0.320658 275 165 701 162 310 284 665 284 488 96 0.0611482 397 508 3.14159
31.3317 0.399524 0.309749 89 -28 0 0 0.540434 0.330658 274 165 699 162 311 284 665 283 488 95 0.0713075 397 507 3.12894
31.3983 0.399524 0.309749 89 -28 0 0 0.540434 0.330658 274 165 699 162 310 284 664 283 488 96 0.061777 397 508 3.14159
31.465 0.40955 0.311034 26 -19 0 0 0.540434 0.330658 274 165 699 162 323 279 665 283 488 96 0.0611482 397 508 3.10411
31.5317 0.40955 0.311034 26 -19 0 0 0.540434 0.330658 298 157 699 162 326 278 665 284 488 96 0.061777 397 508 3.14159
31.5983 0.40955 0.311034 26 -19 0 0 0.540434 0.330658 299 157 699 162 325 278 664 283 488 96 0.061777 397 507 3.11628
31.665 0.40955 0.311034 26 -19 0 0 0.540434 0.330658 300 157 698 162 326 277 664 283 488 96 0.0611482 397 508 3.14159
31.7317 0.40955 0.311034 26 -19 0 0 0.540434 0.330658 300 156 678 154 326 278 652 278 488 96 0.061777 397 507 3.14159
31.7984 0.415462 0.320031 21 -78 0 0 0.550434 0.343 300 156 677 154 326 277 651 278 488 95 0.0713075 397 508 3.14159
31.865 0.415462 0.320031 21 -78 0 0 0.550434 0.343 300 156 677 154 326 277 652 278 488 96 0.0611482 397 507 3.11628
31.9317 0.415462 0.320031 21 -78 0 0 0.550434 0.343 323 150 676 154 340 273 651 278 488 96 0.081452 397 507 3.12894
31.9983 0.415462 0.320031 21 -78 0 0 0.550434 0.343 324 150 676 154 341 273 651 278 488 96 0.0611482 397 508 3.14159
32.065 0.415462 0.320031 21 -78 0 0 0.550434 0.343 324 150 677 153 341 273 651 278 488 96 0.061777 397 508 3.14159
32.1317 0.419318 0.329799 96 -26 0 0 0.550434 0.343 324 150 677 153 341 272 638 273 488 95 0.0713075 397 507 3.12877
32.1983 0.419318 0.329799 96 -26 0 0 0.568 0.343 325 150 653 147 341 273 637 274 488 96 0.061777 397 508 3.14159
32.265 0.419318 0.329799 96 -26 0 0 0.568 0.343 325 150 652 147 341 273 637 274 488 96 0.061777 397 508 3.14159
32.3317 0.419318 0.329799 96 -26 0 0 0.568 0.343 325 150 652 147 357 269 637 273 488 96 0.061777 397 508 3.18105
32.3983 0.429343 0.340595 30 -30 0 0 0.568 0.343 355 144 652 147 360 268 637 274 488 95 0.081452 397 508 3.14159
32.465 0.429343 0.340595 30 -30 0 0 0.568 0.343 356 144 652 147 360 268 636 273 488 96 0.061777 397 507 3.11628
32.5317 0.429343 0.340595 30 -30 0 0 0.568 0.343 357 145 652 147 361 268 636 273 488 96 0.0611482 397 508 3.14159
32.5983 0.429343 0.340595 30 -30 0 0 0.568 0.343 357 144 614 141 360 268 614 269 488 96 0.081452 397 507 3.12909
32.665 0.444252 0.342137 23 -27 0 0 0.568 0.343 357 145 614 141 360 268 612 268 488 96 0.069886 397 507 3.11596
32.7317 0.444252 0.342137 23 -27 0 0 0.539318 0.329799 357 145 611 141 360 268 612 268 488 96 0.0611482 397 508 3.14159
32.7983 0.444252 0.342137 23 -27 0 0 0.564252 0.342137 357 145 610 140 361 268 612 268 488 95 0.0713075 397 507 3.12894
32.865 0.446822 0.342394 21 -27 0 0 0.564252 0.342137 357 144 610 140 360 268 612 268 488 96 0.0509762 397 507 3.11596
32.9317 0.446822 0.342394 21 -27 0 0 0.564252 0.342137 357 145 610 141 360 268 612 268 488 95 0.0504622 397 508 3.11596
32.9983 0.446822 0.342394 21 -27 0 0 0.564252 0.342137 357 144 610 140 359 268 613 269 488 95 0.0713075 395 511 3.12894
33.065 0.446822 0.342394 -1 -27 0 0 0.564252 0.342137 355 143 612 139 359 268 613 268 487 93 0.0705896 395 511 3.14159
33.1317 0.446822 0.342394 -1 -27 0 0 0.564252 0.342137 355 143 612 139 359 268 613 268 487 93 0.0705896 396 508 3.12909
33.1983 0.446822 0.342394 -1 -27 0 0 0.564252 0.342137 357 145 611 141 361 268 612 268 488 96 0.061777 397 508 3.14159
33.265 0.444509 0.342137 0 0 0 0 0.564252 0.342137 357 145 611 141 361 268 612 269 488 96 0.061777 397 508 3.14159
33.3317 0.444509 0.342137 0 0 0 0 0.564252 0.342137 357 145 611 141 361 268 612 268 488 96 0.061777 397 508 3.14159
33.3983 0.444509 0.342137 0 0 0 0 0.564252 0.342137 357 145 611 141 361 268 612 268 488 96 0.061777 397 508 3.14159
33.465 0.444509 0.34188 0 -11 0 0 0.564252 0.342137 357 145 610 141 361 268 612 268 488 96 0.061777 397 508 3.14159
33.5317 0.444509 0.34188 0 -11 0 0 0.564252 0.342137 357 145 611 141 361 268 612 268 488 96 0.061777 397 508 3.14159
33.5983 0.444509 0.34188 0 -11 0 0 0.564252 0.342137 357 145 610 141 361 268 612 268 488 96 0.061777 397 508 3.14159
33.665 0.444509 0.34188 0 -1 0 0 0.564252 0.342137 357 145 611 141 361 268 612 268 488 96 0.061777 397 507 3.12894
33.7317 0.444509 0.34188 0 -1 0 0 0.564252 0.342137 357 145 611 141 361 268 612 268 488 96 0.061777 397 508 3.14159
33.7983 0.444509 0.34188 0 -1 0 0 0.564252 0.342137 357 145 610 141 361 268 612 268 488 96 0.061777 397 507 3.12877
33.865 0.444509 0.342137 0 -3 0 0 0.564252 0.342137 357 145 611 141 361 268 612 268 488 96 0.061777 397 507 3.11628
33.9317 0.444509 0.342137 0 -3 0 0 0.564252 0.342137 357 145 611 141 361 268 612 268 488 96 0.061777 397 508 3.14159
33.9983 0.444509 0.342137 0 -3 0 0 0.564252 0.342137 357 145 611 141 361 268 612 268 488 96 0.061777 397 508 3.14159
34.065 0.444509 0.342137 0 -6 0 0 0.564252 0.342137 357 145 611 141 361 268 612 268 488 96 0.061777 397 508 3.14159
34.1317 0.444509 0.342137 0 -6 0 0 0.564252 0.342137 357 145 610 141 361 268 612 268 488 96 0.061777 397 508 3.14159
34.1983 0.444509 0.342137 0 -6 0 0 0.564252 0.342137 357 145 611 141 361 268 612 269 488 96 0.061777 397 508 3.14159
34.265 0.444509 0.342137 0 -1 0 0 0.564252 0.342137 357 145 611 141 361 268 612 268 488 96 0.061777 397 507 3.11596
34.3348 0.444509 0.342137 0 -1 0 0 0.564252 0.342137 357 145 611 141 361 268 612 268 488 96 0.061777 397 508 3.14159
34.3983 0.444509 0.342137 0 -1 0 0 0.564252 0.342137 357 145 611 141 361 268 612 268 488 96 0.061777 397 508 3.14159
34.465 0.444509 0.34188 0 -14 0 0 0.564252 0.342137 357 145 611 141 361 268 612 268 488 96 0.061777 397 508 3.14159
34.5317 0.444509 0.34188 0 -14 0 0 0.564252 0.342137 357 145 611 141 361 268 612 268 488 96 0.061777 397 508 3.14159
34.5984 0.444509 0.34188 0 -14 0 0 0.564252 0.342137 357 145 611 141 361 268 612 268 488 96 0.061777 397 508 3.14159
34.665 0.444509 0.342137 0 -1 0 0 0.564252 0.342137 357 145 611 141 361 268 612 268 488 96 0.061777 397 507 3.12877
34.7317 0.444509 0.342137 0 -1 0 0 0.564252 0.342137 357 145 611 141 361 268 612 268 488 96 0.061777 397 507 3.12894
34.7983 0.444509 0.342137 0 -3 0 0 0.564252 0.342137 357 145 611 141 361 268 612 268 488 96 0.061777 397 508 3.14159
34.865 0.444509 0.342137 0 -3 0 0 0.564252 0.342137 357 145 611 141 361 268 612 269 488 96 0.061777 397 508 3.14159
34.9317 0.444509 0.342137 0 -3 0 0 0.564252 0.342137 357 145 611 141 361 268 612 268 488 96 0.0520363 397 508 3.14159
34.9983 0.444509 0.34188 0 -2 0 0 0.564252 0.342137 357 145 611 141 361 268 612 269 488 96 0.061777 397 508 3.14159
35.065 0.444509 0.34188 0 -2 0 0 0.564252 0.342137 357 145 611 141 361 268 612 268 488 96 0.061777 397 508 3.14159
35.1317 0.444509 0.34188 0 -2 0 0 0.564252 0.342137 357 145 611 141 361 268 612 268 488 96 0.061777 397 508 3.14159
35.1983 0.444509 0.34188 0 -4 0 0 0.564252 0.342137 357 145 611 141 361 268 612 268 488 96 0.061777 397 508 3.14159
35.265 0.444509 0.34188 0 -4 0 0 0.564252 0.342137 357 145 611 141 361 268 612 269 488 96 0.061777 397 508 3.14159
35.3317 0.444509 0.34188 0 -4 0 0 0.564252 0.342137 357 145 611 141 361 268 612 268 488 96 0.061777 397 507 3.12894
35.3983 0.444509 0.342137 0 -6 0 0 0.564252 0.342137 357 145 611 141 361 268 612 268 488 96 0.061777 397 508 3.14159
35.465 0.444509 0.342137 0 -6 0 0 0.564252 0.342137 357 145 610 141 361 268 612 269 488 96 0.061777 397 508 3.14159
35.5317 0.444509 0.342137 0 -6 0 0 0.564252 0.342137 357 145 611 141 361 268 612 268 488 96 0.061777 397 508 3.14159
35.5983 0.444509 0.34188 0 -4 0 0 0.564252 0.342137 357 145 611 141 361 268 612 268 488 96 0.061777 397 508 3.14159
35.665 0.444509 0.34188 0 -4 0 0 0.564252 0.342137 357 145 611 141 361 268 612 268 488 96 0.061777 397 508 3.14159
35.7317 0.444509 0.34188 0 -4 0 0 0.564252 0.342137 357 145 611 141 361 268 612 268 488 96 0.061777 397 507 3.12894
35.7983 0.444509 0.34188 0 0 0 0 0.564252 0.342137 357 145 611 141 361 268 612 268 488 96 0.061777 397 508 3.14159
35.865 0.444509 0.34188 0 0 0 0 0.564252 0.342137 357 145 611 141 361 268 612 268 488 96 0.061777 397 508 3.14159
35.9317 0.444509 0.34188 0 0 0 0 0.564252 0.342137 357 145 611 141 361 268 612 269 488 96 0.061777 397 508 3.14159
35.9983 0.444509 0.34188 0 -10 0 0 0.564252 0.342137 357 145 611 141 361 268 612 268 488 96 0.061777 397 508 3.14159
36.065 0.444509 0.34188 0 -10 0 0 0.564252 0.342137 357 145 611 141 361 268 612 268 488 96 0.0520363 397 507 3.12877
36.1317 0.444509 0.34188 0 -10 0 0 0.564252 0.342137 357 145 611 141 361 268 612 268 488 96 0.061777 397 508 3.14159
36.1983 0.444509 0.342137 0 -9 0 0 0.564252 0.342137 357 145 611 141 361 268 612 268 488 96 0.061777 397 508 3.14159
36.265 0.444509 0.342137 0 -9 0.06 0.06 0.564452 0.342337 357 145 611 141 361 268 612 269 488 96 0.061777 397 508 3.14159
36.3317 0.444509 0.342137 0 -9 0.06 0.06 0.564652 0.342537 357 145 611 141 361 268 612 268 488 96 0.061777 397 508 3.14159
36.3983 0.444509 0.34188 0 -14 0.06 0.06 0.564852 0.342737 357 145 611 141 361 268 612 268 488 96 0.061777 397 507 3.12894
36.465 0.444509 0.34188 0 -14 0.06 0.06 0.565052 0.342937 357 145 611 141 361 268 612 268 488 96 0.061777 397 508 3.14159
36.5317 0.444509 0.34188 0 -8 0.06 0.06 0.565252 0.343137 357 145 611 141 361 268 612 268 488 96 0.061777 397 508 3.14159
36.5983 0.444509 0.34188 0 -8 0.06 0.06 0.565452 0.343337 357 145 611 141 361 268 612 268 488 96 0.061777 397 507 3.12894
36.665 0.444509 0.34188 0 -8 0.06 0.06 0.565652 0.343537 357 145 611 141 361 268 612 268 488 96 0.061777 397 508 3.14159
36.7317 0.444509 0.34188 3 -22 0.06 0.06 0.565852 0.343737 357 145 611 141 361 268 612 268 488 96 0.061777 397 508 3.14159
36.7983 0.444509 0.34188 3 -22 0.06 0.06 0.566052 0.343937 357 145 611 141 361 268 612 268 488 96 0.061777 397 508 3.14159
36.865 0.444509 0.34188 3 -22 0.06 0.06 0.566252 0.344137 357 145 611 141 361 268 612 268 488 96 0.061777 397 507 3.12894
36.9317 0.444509 0.342137 12 -23 0.06 0.06 0.566452 0.344337 357 145 611 141 361 268 612 269 488 96 0.061777 397 508 3.14159
36.9983 0.444509 0.342137 12 -23 0.06 0.06 0.566652 0.344537 357 145 611 141 361 268 612 268 488 96 0.061777 397 507 3.12894
37.065 0.444509 0.342137 12 -23 0.06 0.06 0.566852 0.344737 357 145 611 141 361 268 612 268 488 96 0.061777 397 508 3.14159
37.1317 0.445023 0.342651 15 -32 0.06 0.06 0.567052 0.344937 357 145 611 141 361 268 612 268 488 96 0.061777 397 508 3.14159
37.1988 0.445023 0.342651 15 -32 0.06 0.06 0.567252 0.345137 357 144 611 141 361 268 612 268 488 96 0.061777 397 508 3.14159
37.265 0.445023 0.342651 15 -32 0.06 0.06 0.567452 0.345337 357 144 611 141 361 268 612 268 488 96 0.061777 397 508 3.14159
37.3317 0.445537 0.342651 30 -29 0.06 0.06 0.567652 0.345537 357 144 611 141 361 268 612 269 488 96 0.061777 397 508 3.14159
37.3983 0.445537 0.342651 30 -29 0.06 0.06 0.567852 0.345737 357 144 610 141 361 268 612 269 488 96 0.061777 397 507 3.12877
37.465 0.445537 0.342651 30 -29 0.06 0.06 0.568052 0.345937 358 144 610 141 361 268 612 268 488 96 0.061777 397 508 3.14159
37.5317 0.445794 0.34368 31 -27 0.06 0.06 0.568252 0.346137 360 144 610 141 362 268 612 269 488 96 0.061777 397 508 3.14159
37.5983 0.445794 0.34368 31 -27 0.06 0.06 0.568452 0.346337 360 144 610 141 362 268 612 269 488 96 0.061777 397 508 3.14159
37.665 0.445794 0.34368 31 -27 0.06 0.06 0.568652 0.346537 360 144 610 141 362 268 612 268 488 96 0.061777 397 507 3.12894
37.7317 0.446565 0.343937 21 -23 0.06 0.06 0.568852 0.346737 360 144 610 141 362 268 612 268 488 96 0.061777 397 508 3.14159
37.7983 0.446565 0.343937 21 -23 0.06 0.06 0.569052 0.346937 362 144 610 141 364 268 612 268 488 96 0.061777 397 508 3.14159
37.865 0.446565 0.343937 21 -23 0.06 0.06 0.569252 0.347137 362 144 610 141 364 268 612 268 488 96 0.061777 397 507 3.12894
37.9317 0.446822 0.344965 28 -27 0.06 0.06 0.569452 0.347337 362 144 610 141 364 268 611 269 488 96 0.061777 397 508 3.14159
37.9983 0.446822 0.344965 28 -27 0.06 0.06 0.569652 0.347537 362 144 609 141 364 268 611 268 488 96 0.061777 397 507 3.12877
38.065 0.446822 0.344965 28 -27 0.06 0.06 0.569852 0.347737 362 144 609 141 364 268 611 268 488 96 0.061777 397 508 3.14159
38.1317 0.447336 0.345736 30 -28 0.06 0.06 0.570052 0.347937 365 144 609 141 364 268 611 268 488 96 0.061777 397 508 3.14159
38.1983 0.447336 0.345736 30 -28 0.06 0.06 0.570252 0.348137 365 144 609 141 365 267 611 268 488 96 0.0520363 397 507 3.12877
38.265 0.447336 0.345736 30 -28 0.06 0.06 0.570452 0.348338 366 144 608 141 365 267 610 268 488 96 0.061777 397 507 3.12894
38.3317 0.448364 0.345736 27 -33 0.06 0.06 0.570652 0.348538 366 144 607 140 365 267 609 268 488 96 0.0520363 397 508 3.14159
38.3983 0.448364 0.345736 27 -33 0.06 0.06 0.570852 0.348738 366 144 607 140 366 267 609 269 488 96 0.061777 397 508 3.14159
38.465 0.448364 0.346507 39 -28 0.06 0.06 0.571052 0.348938 367 143 607 140 367 267 609 269 488 96 0.061777 397 508 3.14159
38.5317 0.448364 0.346507 39 -28 0.06 0.06 0.571252 0.349138 367 144 607 140 367 267 609 269 488 96 0.061777 397 507 3.12894
38.5983 0.448364 0.346507 39 -28 0.06 0.06 0.571452 0.349338 367 144 605 141 367 267 608 268 488 96 0.061777 397 507 3.12894
38.665 0.449136 0.346507 23 -34 0.06 0.06 0.571652 0.349538 367 144 605 140 367 267 608 268 488 96 0.061777 397 508 3.14159
38.7317 0.449136 0.346507 23 -34 0.06 0.06 0.571852 0.349738 367 144 605 140 367 267 608 268 488 96 0.061777 397 508 3.14159
38.7983 0.449136 0.346507 23 -34 0.06 0.06 0.572052 0.349938 369 143 604 140 368 267 608 268 488 96 0.061777 397 507 3.12894
38.865 0.449393 0.347535 36 -28 0.06 0.06 0.572252 0.350138 370 143 604 140 368 267 608 268 488 96 0.0520363 397 507 3.12877
38.9317 0.449393 0.347535 36 -28 0.06 0.06 0.572452 0.350338 370 143 603 140 368 267 607 268 488 96 0.061777 397 508 3.14159
38.9984 0.449393 0.347535 36 -28 0.06 0.06 0.572652 0.350538 370 143 602 140 368 267 607 268 488 96 0.061777 397 508 3.14159
39.065 0.450421 0.347793 27 -27 0.06 0.06 0.572852 0.350738 370 143 602 140 369 267 607 268 488 96 0.061777 397 507 3.12877
39.1317 0.450421 0.347793 27 -27 0.06 0.06 0.573052 0.350938 372 143 602 140 369 267 607 268 488 96 0.061777 397 508 3.14159
39.1983 0.450678 0.348564 27 -29 0.06 0.06 0.573252 0.351138 372 143 602 140 370 267 607 268 488 96 0.061777 397 508 3.14159
39.265 0.450678 0.348564 27 -29 0.06 0.06 0.573452 0.351338 372 143 600 140 370 267 606 268 488 96 0.061777 397 508 3.14159
39.3317 0.450678 0.348564 27 -29 0.06 0.06 0.573652 0.351538 372 143 600 140 369 267 606 268 488 96 0.061777 397 508 3.14159
39.3983 0.451192 0.349078 25 -28 0.06 0.06 0.573852 0.351738 372 143 600 140 370 267 606 268 488 96 0.061777 397 507 3.12894
39.465 0.451192 0.349078 25 -28 0.06 0.06 0.574052 0.351938 374 143 600 140 371 267 606 268 488 96 0.061777 397 508 3.14159
39.5317 0.451192 0.349078 25 -28 0.06 0.06 0.574252 0.352138 374 143 600 140 371 267 606 268 488 96 0.061777 397 508 3.14159
39.5983 0.45222 0.349335 24 -33 0.06 0.06 0.574452 0.352338 374 143 598 140 371 267 604 268 488 96 0.061777 397 508 3.14159
39.665 0.45222 0.349335 24 -33 0.06 0.06 0.574652 0.352538 374 143 598 140 371 267 604 268 488 96 0.0520363 397 507 3.12877
39.7317 0.45222 0.349335 24 -33 0.06 0.06 0.574852 0.352738 375 143 598 140 372 266 604 268 488 96 0.061777 397 508 3.14159
39.7983 0.45222 0.349335 24 -33 0.06 0.06 0.575052 0.352938 377 143 598 140 372 267 604 268 488 96 0.0520363 397 507 3.12894
39.865 0.45222 0.350363 23 -29 0.06 0.06 0.575252 0.353138 377 143 597 140 372 267 604 268 488 96 0.061777 397 508 3.14159
39.9317 0.45222 0.350363 23 -29 0.06 0.06 0.575452 0.353338 377 143 596 140 372 267 603 268 488 96 0.061777 397 508 3.14159
39.9983 0.453249 0.351391 27 -29 0.06 0.06 0.575652 0.353538 377 143 596 140 373 267 603 268 488 96 0.061777 397 508 3.14159
40.065 0.453249 0.351391 27 -29 0.06 0.06 0.575852 0.353738 379 143 595 140 374 266 603 268 488 96 0.061777 397 507 3.12877
40.1317 0.453249 0.351391 27 -29 0.06 0.06 0.576052 0.353938 379 143 595 140 374 267 603 268 488 96 0.061777 397 508 3.14159
40.1983 0.45402 0.351391 29 -33 0.06 0.06 0.576252 0.354138 379 143 594 140 374 267 602 268 488 95 0.0720401 397 508 3.14159
40.265 0.45402 0.351391 29 -33 0.06 0.06 0.576452 0.354338 379 143 594 140 374 267 602 267 488 96 0.061777 397 507 3.11628
40.3317 0.45402 0.351391 29 -33 0.06 0.06 0.576652 0.354538 380 143 594 140 374 267 602 268 488 96 0.061777 397 507 3.12877
40.3983 0.45402 0.352162 21 -29 0.06 0.06 0.576852 0.354738 381 143 594 140 375 267 602 268 488 96 0.061777 397 508 3.14159
40.465 0.45402 0.352162 21 -29 0.06 0.06 0.577052 0.354938 381 143 594 140 375 267 602 268 488 96 0.061777 397 508 3.14159
40.5317 0.45402 0.352162 21 -29 0.06 0.06 0.577252 0.355138 381 143 592 140 375 267 601 268 488 96 0.0520363 397 508 3.14159
40.5983 0.455048 0.352162 26 -29 0.06 0.06 0.577452 0.355338 381 143 592 140 375 267 601 268 488 96 0.061777 397 508 3.14159
40.665 0.455048 0.352162 26 -29 0.06 0.06 0.577652 0.355538 383 143 592 140 377 266 601 268 488 95 0.0720401 397 508 3.14159
40.7317 0.455048 0.352162 26 -29 0.06 0.06 0.577852 0.355738 384 143 592 140 377 266 601 268 488 95 0.0720401 397 507 3.12894
40.7984 0.455048 0.353448 31 -29 0.06 0.06 0.578052 0.355938 384 143 592 140 377 266 600 268 488 96 0.061777 397 508 3.14159
40.865 0.455048 0.353448 31 -29 0.06 0.06 0.578252 0.356138 384 143 590 140 377 266 599 268 488 96 0.061777 397 507 3.12877
40.9317 0.455048 0.353448 31 -29 0.06 0.06 0.578452 0.356338 384 143 590 140 377 266 599 268 488 96 0.061777 397 507 3.12894
40.9984 0.456076 0.354219 19 -28 0.06 0.06 0.578652 0.356538 386 143 589 140 378 266 599 268 488 95 0.0720401 397 508 3.14159
41.065 0.456076 0.354219 19 -28 0.06 0.06 0.578852 0.356738 387 143 589 140 378 266 599 267 488 96 0.061777 397 508 3.14159
41.1317 0.456076 0.354219 19 -28 0.06 0.06 0.579052 0.356938 387 143 589 140 379 266 599 268 488 96 0.061777 397 508 3.14159
41.1983 0.45659 0.354219 23 -29 0.06 0.06 0.579252 0.357138 387 143 588 140 379 266 598 267 488 95 0.081452 397 508 3.14159
41.265 0.45659 0.354219 23 -29 0.06 0.06 0.579452 0.357338 387 143 587 140 378 266 598 267 488 96 0.061777 397 507 3.12877
41.3317 0.45659 0.354219 23 -29 0.06 0.06 0.579652 0.357538 389 143 587 140 380 266 598 267 488 95 0.0720401 397 508 3.14159
41.3984 0.456847 0.355247 31 -30 0.06 0.06 0.579852 0.357738 390 143 587 140 380 266 598 267 488 96 0.061777 397 507 3.12877
41.465 0.456847 0.355247 31 -30 0.06 0.06 0.580052 0.357938 390 142 587 140 380 266 598 268 488 95 0.0720401 397 508 3.14159
41.5317 0.456847 0.355247 31 -30 0.06 0.06 0.580252 0.358138 390 142 585 140 380 266 596 268 488 95 0.0720401 397 508 3.14159
41.5983 0.458133 0.355247 28 -25 0.06 0.06 0.580452 0.358338 390 142 584 140 380 266 596 268 488 96 0.061777 397 508 3.14159
41.665 0.458133 0.355247 28 -25 0.06 0.06 0.580652 0.358538 391 143 585 140 380 266 596 268 488 96 0.061777 397 508 3.14159
41.7317 0.458133 0.356275 22 -30 0.06 0.06 0.580852 0.358738 392 143 584 140 382 266 596 268 488 95 0.0720401 397 508 3.14159
41.7983 0.458133 0.356275 22 -30 0.06 0.06 0.581052 0.358938 392 143 584 140 382 266 595 268 488 95 0.0720401 397 508 3.14159
41.865 0.458133 0.356275 22 -30 0.06 0.06 0.581252 0.359138 392 143 581 140 382 266 595 267 488 95 0.0720401 397 508 3.14159
41.9317 0.459161 0.356275 25 -27 0.06 0.06 0.581452 0.359338 392 142 582 140 382 266 594 267 488 95 0.0720401 397 507 3.12877
41.9983 0.459161 0.356275 25 -27 0.06 0.06 0.581652 0.359538 393 143 582 140 383 266 594 267 488 95 0.0720401 397 508 3.14159
42.065 0.459161 0.356275 25 -27 0.06 0.06 0.581852 0.359738 394 143 582 140 383 266 594 267 488 95 0.0720401 397 507 3.12877
42.1317 0.459161 0.357304 19 -29 0.06 0.06 0.582052 0.359938 394 143 581 140 383 266 594 267 488 95 0.0720401 397 508 3.14159
42.1983 0.459161 0.357304 19 -29 0.06 0.06 0.582252 0.360138 394 143 580 140 383 266 594 267 486 96 0.0611482 397 507 3.12894
42.265 0.459161 0.357304 19 -29 0.06 0.06 0.582452 0.360338 394 143 580 140 383 266 594 267 486 96 0.0611482 397 507 3.12894
42.3317 0.460189 0.358075 30 -30 0.06 0.06 0.582652 0.360538 396 143 580 140 384 266 594 267 486 96 0.0611482 397 508 3.14159
42.3984 0.460189 0.358075 30 -30 0.06 0.06 0.582852 0.360738 396 143 580 140 384 266 594 268 486 96 0.0509762 397 507 3.12877
42.465 0.46096 0.358332 37 -29 0.06 0.06 0.583052 0.360938 396 143 580 140 384 266 593 268 486 96 0.0412138 397 508 3.14159
42.5317 0.46096 0.358332 37 -29 0.06 0.06 0.583252 0.361138 396 143 579 140 384 266 594 268 486 96 0.0515008 397 508 3.14159
42.5983 0.46096 0.358332 37 -29 0.06 0.06 0.583452 0.361338 396 143 579 140 384 266 594 268 486 96 0.0611482 397 508 3.14159
42.665 0.46096 0.359103 35 -39 0.06 0.06 0.583652 0.361538 396 143 580 140 384 266 594 268 486 96 0.0515008 397 508 3.14159
42.7317 0.46096 0.359103 35 -39 0.06 0.06 0.583852 0.361738 396 143 580 140 384 266 593 267 487 96 0.0611482 397 508 3.14159
42.7983 0.46096 0.359103 35 -39 0.06 0.06 0.584052 0.361938 396 143 580 140 384 266 593 268 487 96 0.0509762 397 508 3.14159
42.865 0.461731 0.359103 25 -40 0.06 0.06 0.584252 0.362138 396 143 579 140 384 266 593 267 486 96 0.0611482 397 508 3.14159
42.9317 0.461731 0.359103 25 -40 0.06 0.06 0.584452 0.362338 396 143 579 140 384 266 593 267 486 96 0.0412138 397 507 3.12894
42.9983 0.461731 0.359103 25 -40 0.06 0.06 0.584652 0.362538 396 143 579 140 384 266 593 267 487 96 0.0509762 397 508 3.14159
43.065 0.461731 0.359617 33 -43 0.06 0.06 0.584852 0.362738 396 143 579 140 384 266 593 267 486 96 0.060532 397 508 3.14159
43.1317 0.461731 0.359617 33 -43 0.06 0.06 0.585052 0.362938 396 143 579 140 384 266 593 267 486 96 0.0515008 397 508 3.14159
43.1983 0.461731 0.359617 33 -43 0.06 0.06 0.585252 0.363138 396 143 579 140 384 266 593 267 486 96 0.0412138 397 508 3.14159
43.265 0.462502 0.360388 44 -46 0.06 0.06 0.585452 0.363338 396 143 579 140 384 266 593 267 486 97 0.0624188 397 508 3.14159
43.3317 0.462502 0.360388 44 -46 0.06 0.06 0.585652 0.363538 396 143 580 140 384 266 593 267 486 96 0.0403821 397 508 3.14159
43.3983 0.462502 0.360388 44 -46 0.06 0.06 0.585852 0.363738 396 143 579 140 384 266 593 267 487 96 0.0509762 397 507 3.12877
43.465 0.462759 0.360388 39 -44 0.06 0.06 0.586052 0.363938 396 143 580 141 384 266 594 268 486 97 0.0624188 397 508 3.14159
43.5317 0.462759 0.360388 39 -44 0.06 0.06 0.586252 0.364138 396 143 580 141 384 266 593 267 486 97 0.0403821 397 508 3.14159
43.5983 0.462759 0.360388 39 -44 0.06 0.06 0.586452 0.364338 396 143 580 141 384 266 594 268 486 97 0.0403821 397 508 3.14159
43.665 0.463017 0.361159 37 -46 0.06 0.06 0.586652 0.364538 396 143 580 140 384 266 593 267 487 96 0.0412138 397 508 3.14159
43.7317 0.463017 0.361159 37 -46 0.06 0.06 0.586852 0.364738 396 143 580 140 384 266 593 268 487 96 0.0412138 397 507 3.12877
43.7983 0.463017 0.361159 37 -46 0.06 0.06 0.587052 0.364938 396 143 580 141 384 266 594 268 486 96 0.0499584 397 508 3.14159
43.865 0.463788 0.361416 38 -46 0.06 0.06 0.587252 0.365138 396 143 580 141 384 266 593 268 486 96 0.0499584 397 508 3.14159
43.9317 0.463788 0.361416 38 -46 0.06 0.06 0.587452 0.365338 396 143 580 141 384 266 594 268 486 96 0.0499584 397 508 3.14159
43.9983 0.464302 0.36193 40 -53 0.06 0.06 0.587652 0.365538 396 143 580 141 384 266 593 268 487 97 0.0624188 397 508 3.14159
44.065 0.464302 0.36193 40 -53 0.06 0.06 0.587852 0.365738 396 143 580 141 384 266 593 268 486 97 0.0509762 397 508 3.14159
44.1317 0.464302 0.36193 40 -53 0.06 0.06 0.588052 0.365938 396 143 580 141 384 266 593 268 486 97 0.060532 397 507 3.12894
44.1983 0.465073 0.362702 37 -50 0.06 -0.06 0.588252 0.365738 396 143 580 141 384 266 593 268 486 96 0.0499584 397 508 3.14159
44.265 0.465073 0.362702 37 -50 0.06 -0.06 0.588452 0.365538 396 143 580 141 384 266 594 268 487 96 0.0515008 397 508 3.14159
44.3317 0.465073 0.362702 37 -50 0.06 -0.06 0.588652 0.365338 396 143 580 141 384 267 593 268 487 97 0.0624188 397 508 3.14159
44.3983 0.465587 0.363216 45 -48 0.06 -0.06 0.588852 0.365138 396 143 580 141 384 267 594 268 487 97 0.0624188 397 507 3.12877
44.465 0.465587 0.363216 45 -48 0.06 -0.06 0.589052 0.364938 396 143 580 141 384 267 593 268 486 97 0.0515008 397 508 3.14159
44.5317 0.465587 0.363216 45 -48 0.06 -0.06 0.589252 0.364738 396 143 580 141 384 267 593 268 487 97 0.0624188 397 508 3.14159
44.5983 0.465844 0.364244 36 -49 0.06 -0.06 0.589452 0.364538 396 143 580 140 384 267 594 268 486 97 0.0515008 397 508 3.14159
44.665 0.465844 0.364244 36 -49 0.06 -0.06 0.589652 0.364338 396 143 580 140 384 267 594 268 486 97 0.0515008 397 508 3.14159
44.7317 0.465844 0.364244 36 -49 0.06 -0.06 0.589852 0.364138 396 143 580 141 384 267 594 268 486 97 0.0515008 397 507 3.12894
44.7984 0.466358 0.364244 56 -30 0.06 -0.06 0.590052 0.363938 396 143 580 141 384 267 594 268 486 97 0.0515008 397 507 3.12894
44.865 0.466358 0.364244 56 -30 0.06 -0.06 0.590252 0.363738 396 143 580 141 384 267 594 268 486 97 0.0515008 397 507 3.12894
44.9317 0.466358 0.364244 56 -30 0.06 -0.06 0.590452 0.363538 396 143 580 141 384 267 594 268 486 97 0.0515008 397 508 3.14159
44.9983 0.466358 0.364244 54 -30 0.06 -0.06 0.590652 0.363338 396 143 580 140 384 267 594 268 486 97 0.0515008 397 508 3.14159
45.065 0.466358 0.364244 54 -30 0.06 -0.06 0.590852 0.363138 396 143 580 141 384 267 594 268 486 97 0.0611482 397 508 3.14159
45.1317 0.466358 0.364244 54 -30 0.06 -0.06 0.591052 0.362938 396 143 580 141 383 266 593 268 486 97 0.0515008 397 507 3.12877
45.1984 0.467129 0.363987 64 -14 0.06 -0.06 0.591252 0.362738 395 143 580 141 383 266 593 268 486 97 0.0412138 397 508 3.14159
45.265 0.467129 0.363987 64 -14 0.06 -0.06 0.591452 0.362538 395 143 579 141 383 266 593 268 486 97 0.0504622 397 508 3.11628
45.3317 0.467129 0.363987 64 -14 0.06 -0.06 0.591652 0.362338 395 143 579 141 383 266 594 268 486 97 0.060532 397 507 3.12894
45.3984 0.467901 0.36373 59 -17 0.06 -0.06 0.591852 0.362138 395 143 579 141 383 266 593 268 486 97 0.060532 397 508 3.14159
45.465 0.467901 0.36373 59 -17 0.06 -0.06 0.592052 0.361938 395 143 579 141 383 266 594 268 486 97 0.060532 397 508 3.12861
45.5317 0.467901 0.36373 59 -17 0.06 -0.06 0.592252 0.361738 395 143 579 141 383 267 593 268 485 97 0.0611482 397 508 3.14159
45.5983 0.468158 0.362959 63 -6 0.06 -0.06 0.592452 0.361538 395 143 578 141 383 267 593 268 485 97 0.060532 397 508 3.14159
45.665 0.468158 0.362959 63 -6 0.06 -0.06 0.592652 0.361338 394 143 578 141 382 266 593 268 485 97 0.060532 397 508 3.14159
45.7317 0.468158 0.362959 63 -6 0.06 -0.06 0.592852 0.361138 394 143 578 141 382 266 593 268 484 97 0.061777 397 508 3.14159
45.7983 0.469186 0.362702 66 0 0.06 -0.06 0.593052 0.360938 394 143 578 141 382 266 593 268 484 97 0.0509762 397 507 3.12877
45.865 0.469186 0.362702 66 0 0.06 -0.06 0.593252 0.360738 393 143 577 141 382 266 593 268 483 97 0.0520363 397 508 3.14159
45.9317 0.469186 0.362702 66 0 0.06 -0.06 0.593452 0.360538 393 143 576 141 382 266 592 268 483 97 0.0713075 397 508 3.14159
45.9984 0.469186 0.36193 54 -12 0.06 -0.06 0.593652 0.360338 392 143 575 141 381 267 592 268 482 96 0.0489804 397 508 3.14159
46.065 0.469186 0.36193 54 -12 0.06 -0.06 0.593852 0.360138 391 143 575 141 381 266 592 268 481 97 0.0925186 397 508 3.14159
46.1317 0.469957 0.361416 66 0 0.06 -0.06 0.594052 0.359938 391 143 575 141 381 266 592 268 481 97 0.0630741 397 508 3.14159
46.1984 0.469957 0.361416 66 0 0.06 -0.06 0.594252 0.359738 391 143 575 141 381 266 591 268 481 97 0.069886 397 508 3.14159
46.265 0.469957 0.361416 66 0 0.06 -0.06 0.594452 0.359538 390 143 574 141 381 266 591 268 480 97 0.0925186 397 508 3.14159
46.3317 0.471242 0.360902 60 0 0.06 -0.06 0.594652 0.359338 389 143 573 141 380 266 590 268 479 97 0.101689 397 508 3.14159
46.3984 0.471242 0.360902 60 0 0.06 -0.06 0.594852 0.359138 389 143 573 141 380 266 590 268 479 97 0.0925186 397 507 3.12877
46.465 0.471242 0.360902 60 0 0.06 -0.06 0.595052 0.358938 389 143 573 141 379 267 589 268 478 97 0.082288 397 508 3.14159
46.5317 0.471242 0.359874 72 -5 0.06 -0.06 0.595252 0.358738 388 143 572 141 379 267 589 268 477 97 0.0925186 397 507 3.12877
46.5983 0.471242 0.359874 72 -5 0.06 -0.06 0.595452 0.358538 388 143 572 141 379 267 589 268 477 97 0.101689 397 508 3.14159
46.665 0.471242 0.359874 72 -5 0.06 -0.06 0.595652 0.358338 387 143 571 141 378 267 588 268 476 97 0.101689 397 508 3.14159
46.7317 0.472013 0.359617 64 0 0.06 -0.06 0.595852 0.358138 387 143 571 141 378 267 588 268 476 97 0.101689 397 507 3.12877
46.7984 0.472013 0.359617 64 0 0.06 -0.06 0.596052 0.357938 386 143 570 141 378 267 588 268 475 97 0.101689 397 508 3.14159
46.865 0.472013 0.359617 64 0 0.06 -0.06 0.596252 0.357738 385 143 570 141 377 267 587 268 474 97 0.0925186 397 508 3.14159
46.9317 0.472785 0.359103 68 -13 0.06 -0.06 0.596452 0.357538 385 143 569 141 377 267 587 268 474 97 0.101689 397 508 3.14159
46.9983 0.472785 0.359103 68 -13 0.06 -0.06 0.596652 0.357338 384 143 568 141 376 267 586 268 473 97 0.120624 397 508 3.14159
47.065 0.472785 0.359103 68 -13 0.06 -0.06 0.596852 0.357138 384 143 568 141 376 267 586 268 473 97 0.119429 397 508 3.14159
47.1317 0.473042 0.358332 60 -2 0.06 -0.06 0.597052 0.356938 384 143 568 141 376 267 586 267 472 97 0.11292 397 508 3.14159
47.1983 0.473042 0.358332 60 -2 0.06 -0.06 0.597252 0.356738 383 143 567 141 376 267 586 268 472 97 0.0790429 397 508 3.14159
47.265 0.473042 0.358332 60 -2 0.06 -0.06 0.597452 0.356538 382 143 566 141 375 267 585 268 471 97 0.0906599 397 508 3.14159
47.3317 0.473813 0.358332 58 0 0.06 -0.06 0.597652 0.356338 382 144 566 141 375 267 585 268 471 97 0.0880074 397 508 3.14159
47.3984 0.473813 0.358332 58 0 0.06 -0.06 0.597852 0.356138 382 143 566 141 375 267 585 268 470 98 0.121842 397 508 3.14159
47.465 0.473813 0.358332 58 0 0.06 -0.06 0.598052 0.355938 381 143 565 141 374 267 585 268 470 97 0.0880074 397 508 3.14159
47.5317 0.47407 0.357304 65 -9 0.06 -0.06 0.598252 0.355738 381 143 565 141 374 267 584 268 469 97 0.131883 397 508 3.14159
47.5984 0.47407 0.357304 65 -9 0.06 -0.06 0.598452 0.355538 380 144 563 141 374 267 585 268 468 98 0.101689 397 508 3.14159
47.665 0.474841 0.357046 64 0 0.06 -0.06 0.598652 0.355338 380 144 563 141 374 267 584 268 468 97 0.0996687 397 508 3.14159
47.7317 0.474841 0.357046 64 0 0.06 -0.06 0.598852 0.355138 379 144 563 141 374 267 584 268 468 97 0.0996687 397 508 3.14159
47.7984 0.474841 0.357046 64 0 0.06 -0.06 0.599052 0.354938 379 144 563 141 373 267 583 268 467 97 0.131883 397 508 3.14159
47.865 0.474841 0.357046 64 0 0.06 -0.06 0.599252 0.354738 379 144 562 141 373 267 584 268 467 97 0.096784 397 508 3.14159
47.9317 0.474841 0.356275 64 -12 0.06 -0.06 0.599452 0.354538 377 143 561 141 372 267 583 268 465 98 0.151882 397 508 3.14159
47.9983 0.474841 0.356275 64 -12 0.06 -0.06 0.599652 0.354338 377 144 561 141 372 267 583 268 465 98 0.151882 397 508 3.14159
48.065 0.475869 0.355761 54 0 0.06 -0.06 0.599852 0.354138 377 144 561 142 372 267 583 268 464 98 0.151882 397 508 3.14159
48.1317 0.475869 0.355761 54 0 0.06 -0.06 0.600052 0.353938 376 144 560 141 371 267 582 268 463 98 0.163476 397 508 3.14159
48.1984 0.475869 0.355761 54 0 0.06 -0.06 0.600252 0.353738 376 144 559 142 371 267 581 268 463 98 0.151882 397 508 3.14159
48.265 0.476897 0.355504 54 0 0.06 -0.06 0.600452 0.353538 375 144 558 142 371 267 581 268 462 98 0.165149 397 508 3.14159
48.3317 0.476897 0.355504 54 0 0.06 -0.06 0.600652 0.353338 375 144 558 142 371 267 581 268 461 98 0.160231 397 508 3.14159
48.3983 0.476897 0.355504 54 0 0.06 -0.06 0.600852 0.353138 374 144 557 142 370 267 580 268 461 97 0.173496 397 508 3.14159
48.465 0.47664 0.354476 60 -11 0.06 -0.06 0.601052 0.352938 373 144 557 142 370 267 580 268 461 97 0.140483 397 508 3.14159
48.5317 0.47664 0.354476 60 -11 0.06 -0.06 0.601252 0.352738 372 144 556 142 369 267 579 268 460 98 0.137736 397 508 3.14159
48.5983 0.47664 0.354476 60 -11 0.06 -0.06 0.601452 0.352538 372 144 556 142 369 268 579 268 459 98 0.173496 397 508 3.14159
48.665 0.477669 0.353705 55 0 0.06 -0.06 0.601652 0.352338 372 144 555 142 369 267 579 268 458 98 0.160231 397 508 3.14159
48.7317 0.477669 0.353705 55 0 0.06 -0.06 0.601852 0.352138 371 144 555 142 368 268 579 268 458 98 0.185348 397 508 3.14159
48.7983 0.477669 0.353705 55 0 0.06 -0.06 0.602052 0.351938 371 144 554 142 368 268 578 268 458 98 0.170059 397 508 3.14159
48.865 0.47844 0.353448 63 -6 0.06 -0.06 0.602252 0.351738 369 144 553 142 368 268 578 268 457 98 0.16839 397 508 3.14159
48.9317 0.47844 0.353448 63 -6 0.06 -0.06 0.602452 0.351538 369 144 553 142 368 268 578 268 456 98 0.185348 397 508 3.14159
48.9983 0.47844 0.353448 63 -6 0.06 -0.06 0.602652 0.351338 369 144 553 142 367 268 577 268 456 98 0.173496 397 508 3.14159
49.065 0.478697 0.352677 49 0 0.06 -0.06 0.602852 0.351138 368 144 552 142 367 268 577 268 456 97 0.14889 397 508 3.14159
49.1317 0.478697 0.352677 49 0 0.06 -0.06 0.603052 0.350938 368 144 552 143 367 268 577 268 455 98 0.14889 397 508 3.14159
49.1983 0.478697 0.352677 49 0 0.06 -0.06 0.603252 0.350738 367 144 551 143 366 268 576 268 453 98 0.166754 397 508 3.14159
49.265 0.479725 0.352419 55 0 0.06 -0.06 0.603452 0.350538 367 144 551 143 366 268 576 268 453 98 0.178093 397 508 3.14159
49.3317 0.479725 0.352419 55 0 0.06 -0.06 0.603652 0.350338 366 144 550 143 365 268 576 268 452 99 0.217554 397 508 3.14159
49.3983 0.479725 0.352419 55 0 0.06 -0.06 0.603852 0.350138 366 144 549 143 365 268 576 268 451 98 0.193427 397 508 3.14159
49.465 0.479725 0.351648 47 -8 0.06 -0.06 0.604052 0.349938 365 144 549 143 365 268 575 269 451 98 0.178093 397 508 3.14159
49.5317 0.479725 0.351648 47 -8 0.06 -0.06 0.604252 0.349738 364 144 547 143 364 268 574 268 449 99 0.203336 397 508 3.14159
49.5983 0.48101 0.350877 65 0 0.06 -0.06 0.604452 0.349538 364 144 547 143 364 268 574 268 449 99 0.215358 397 508 3.14159
49.665 0.48101 0.350877 65 0 0.06 -0.06 0.604652 0.349338 363 145 547 143 364 268 574 268 448 99 0.203336 397 508 3.14159
49.7317 0.48101 0.350877 65 0 0.06 -0.06 0.604852 0.349138 363 144 546 143 363 268 574 268 448 99 0.199337 397 508 3.14159
49.7983 0.481781 0.350363 69 -12 0.06 -0.06 0.605052 0.348938 362 145 546 143 363 269 573 268 447 99 0.211093 397 508 3.14159
49.865 0.481781 0.350363 69 -12 0.06 -0.06 0.605252 0.348738 361 145 545 143 362 269 573 269 446 99 0.217554 397 508 3.14159
49.9318 0.481781 0.350363 69 -12 0.06 -0.06 0.605452 0.348538 361 145 545 143 362 269 573 268 446 99 0.225277 397 508 3.14159
49.9983 0.481781 0.349849 54 0 0.06 -0.06 0.605652 0.348338 360 145 544 143 362 269 572 268 445 99 0.237535 397 508 3.14159
50.0671 0.481781 0.349849 54 0 0.06 -0.06 0.605852 0.348137 360 145 544 143 362 269 572 268 446 99 0.178093 397 508 3.14159
50.1317 0.481781 0.349849 54 0 0.06 -0.06 0.606052 0.347937 359 145 543 143 361 269 571 268 444 100 0.205395 397 508 3.14159
50.1983 0.48281 0.349335 52 0 0.06 -0.06 0.606252 0.347737 359 145 542 144 361 269 571 268 443 100 0.225277 397 508 3.14159
50.265 0.48281 0.349335 52 0 0.06 -0.06 0.606452 0.347537 358 145 542 144 360 269 571 268 443 100 0.225277 397 508 3.14159
50.3317 0.48281 0.349335 52 0 0.06 -0.06 0.606652 0.347337 358 145 542 144 360 269 570 268 442 100 0.225277 397 508 3.14159
50.3984 0.482553 0.348821 70 0 0.06 -0.06 0.606852 0.347137 357 145 541 143 360 269 570 268 442 99 0.230522 397 507 3.11596
50.465 0.482553 0.348821 70 0 0.06 -0.06 0.607052 0.346937 356 145 540 144 359 269 569 268 441 100 0.225277 397 508 3.14159
50.5317 0.483838 0.348307 59 0 0.06 -0.06 0.607252 0.346737 356 146 540 144 360 269 570 268 440 100 0.254758 397 508 3.14159
50.5983 0.483838 0.348307 59 0 0.06 -0.06 0.607452 0.346537 356 146 539 144 360 269 570 268 440 100 0.254758 397 508 3.14159
50.665 0.483838 0.348307 59 0 0.06 -0.06 0.607652 0.346337 355 146 539 144 358 269 569 268 439 100 0.257324 397 507 3.11596
50.7335 0.483838 0.347535 51 -4 0.06 -0.06 0.607852 0.346137 355 146 538 144 358 269 569 268 438 100 0.237535 397 508 3.14159
50.7983 0.483838 0.347535 51 -4 0.06 -0.06 0.608052 0.345937 354 146 537 144 358 269 568 268 438 100 0.264488 397 508 3.14159
50.865 0.483838 0.347535 51 -4 0.06 -0.06 0.608252 0.345737 353 146 537 144 358 269 568 268 436 100 0.257324 397 508 3.14159
50.9317 0.484866 0.347021 51 0 0.06 -0.06 0.608452 0.345537 353 146 537 144 358 270 568 269 437 101 0.257324 397 508 3.14159
50.9984 0.484866 0.347021 51 0 0.06 -0.06 0.608652 0.345337 352 146 535 144 357 269 567 269 436 101 0.242551 397 508 3.14159
51.065 0.484866 0.347021 51 0 0.06 -0.06 0.608852 0.345137 352 146 535 144 357 269 567 268 435 100 0.254758 397 508 3.14159
51.1317 0.48538 0.346507 62 2 0.06 -0.06 0.609052 0.344937 351 146 534 144 356 270 567 269 434 100 0.257324 397 508 3.14159
51.1984 0.48538 0.346507 62 2 0.06 -0.06 0.609252 0.344737 351 146 534 144 356 270 566 269 434 101 0.254758 397 508 3.14159
51.265 0.48538 0.346507 62 2 0.06 -0.06 0.609452 0.344537 351 146 534 144 356 270 566 269 434 101 0.254758 397 508 3.14159
51.3317 0.485637 0.345736 67 -4 0.06 -0.06 0.609652 0.344337 350 146 533 145 356 270 566 269 434 100 0.259332 397 508 3.14159
51.3983 0.485637 0.345736 67 -4 0.06 -0.06 0.609852 0.344137 350 146 533 145 355 270 566 269 433 100 0.247354 397 508 3.14159
51.465 0.485637 0.345736 67 -4 0.06 -0.06 0.610052 0.343937 349 146 532 145 355 270 565 269 432 101 0.249775 397 508 3.14159
51.5317 0.486665 0.345479 65 0 0.06 -0.06 0.610252 0.343737 349 146 532 145 355 270 565 269 432 100 0.263712 397 508 3.14159
51.5983 0.486665 0.345479 65 0 0.06 -0.06 0.610452 0.343537 348 146 531 145 354 270 564 269 430 101 0.308931 397 508 3.14159
51.665 0.486665 0.345479 65 0 0.06 -0.06 0.610652 0.343337 347 147 531 145 354 270 564 269 430 101 0.259332 397 508 3.14159
51.7317 0.486665 0.344451 62 -10 0.06 -0.06 0.610852 0.343137 347 147 530 145 354 270 564 269 429 101 0.308931 397 508 3.14159
51.7984 0.486665 0.344451 62 -10 0.06 -0.06 0.611052 0.342937 346 147 529 145 353 270 563 269 428 102 0.296278 397 508 3.14159
51.865 0.486665 0.344451 62 -10 0.06 -0.06 0.611252 0.342737 346 147 529 145 353 270 563 269 429 101 0.259332 397 508 3.14159
51.9317 0.487694 0.344194 55 0 0.06 -0.06 0.611452 0.342537 345 147 528 146 353 270 563 270 427 102 0.286621 397 508 3.14159
51.9984 0.487694 0.344194 55 0 0.06 -0.06 0.611652 0.342337 345 147 528 146 353 270 563 269 428 101 0.266252 397 507 3.11596
52.065 0.487694 0.344194 55 0 0.06 -0.06 0.611852 0.342137 344 147 527 146 352 270 562 269 426 102 0.293367 397 508 3.14159
52.1317 0.488722 0.34368 58 0 0.06 -0.06 0.612052 0.341937 344 147 527 146 352 270 562 269 427 102 0.259332 397 508 3.14159
52.1983 0.488722 0.34368 58 0 0.06 -0.06 0.612252 0.341737 344 147 527 146 352 271 562 269 426 101 0.266252 397 508 3.14159
52.265 0.488722 0.34368 58 0 0.06 -0.06 0.612452 0.341537 343 147 526 146 351 271 561 269 424 102 0.308931 397 507 3.12877
52.3317 0.488722 0.342651 61 -9 0.06 -0.06 0.612652 0.341337 343 147 525 146 351 271 561 269 425 102 0.281021 397 508 3.14159
52.3983 0.488722 0.342651 61 -9 0.06 -0.06 0.612852 0.341137 342 147 524 146 351 271 560 269 423 102 0.318556 397 508 3.14159
52.465 0.489493 0.342651 61 0 0.06 -0.06 0.613052 0.340937 342 147 524 146 351 271 560 270 424 102 0.293367 397 508 3.14159
52.5317 0.489493 0.342651 61 0 0.06 -0.06 0.613252 0.340737 342 147 524 146 350 271 560 270 424 102 0.297064 397 508 3.14159
52.5984 0.489493 0.342651 61 0 0.06 -0.06 0.613452 0.340537 341 147 524 146 350 271 560 269 423 102 0.290511 397 507 3.12877
52.665 0.489493 0.342137 50 -14 0.06 -0.06 0.613652 0.340337 340 148 524 147 350 271 560 269 422 102 0.309329 397 508 3.14159
52.7317 0.489493 0.342137 50 -14 0.06 -0.06 0.613852 0.340137 339 148 522 147 349 271 559 270 420 103 0.334737 397 508 3.14159
52.7984 0.489493 0.342137 50 -14 0.06 -0.06 0.614052 0.339937 339 148 522 147 349 271 559 270 420 103 0.350497 397 508 3.14159
52.865 0.490521 0.341366 61 0 0.06 -0.06 0.614253 0.339737 339 148 521 147 349 272 558 270 420 103 0.306367 397 508 3.14159
52.9317 0.490521 0.341366 61 0 0.06 -0.06 0.614453 0.339537 338 148 521 147 349 271 558 270 420 103 0.297064 397 508 3.14159
52.9983 0.490521 0.341366 61 0 0.06 -0.06 0.614653 0.339337 338 148 520 147 348 271 558 270 418 104 0.324905 397 508 3.14159
53.065 0.491035 0.340852 62 0 0.06 -0.06 0.614853 0.339137 337 148 520 147 348 272 558 270 419 103 0.297064 397 508 3.12861
53.1317 0.491035 0.340852 62 0 0.06 -0.06 0.615053 0.338937 337 148 520 147 348 272 558 270 417 104 0.3444 397 508 3.14159
53.1983 0.491035 0.340852 62 0 0.06 -0.06 0.615253 0.338737 336 148 519 147 347 272 557 270 416 104 0.3444 397 508 3.14159
53.265 0.491035 0.340338 52 0 0.06 -0.06 0.615453 0.338537 336 149 519 147 347 271 557 270 416 104 0.359949 397 508 3.14159
53.3317 0.491035 0.340338 52 0 0.06 -0.06 0.615653 0.338337 335 149 518 148 346 272 556 270 416 104 0.3444 397 508 3.14159
53.3984 0.491035 0.340338 52 0 0.06 -0.06 0.615853 0.338137 335 149 517 148 346 272 556 270 415 104 0.353997 397 508 3.12861
53.465 0.492321 0.339567 56 0 0.06 -0.06 0.616053 0.337937 334 149 517 148 346 271 556 270 414 104 0.356437 397 508 3.14159
53.5317 0.492321 0.339567 56 0 0.06 -0.06 0.616253 0.337737 333 149 516 148 345 272 556 270 413 104 0.372988 397 508 3.12861
53.5983 0.492321 0.339567 56 0 0.06 -0.06 0.616453 0.337537 333 149 516 148 346 272 555 270 414 104 0.331096 397 508 3.14159
53.665 0.492835 0.339053 53 -5 0.06 -0.06 0.616653 0.337337 332 149 515 148 346 272 555 270 413 104 0.334329 397 508 3.14159
53.7317 0.492835 0.339053 53 -5 0.06 -0.06 0.616853 0.337137 332 149 514 148 345 272 555 270 411 105 0.359949 397 508 3.14159
53.7983 0.492835 0.339053 53 -5 0.06 -0.06 0.617053 0.336937 332 149 514 148 345 272 554 270 411 105 0.359949 397 508 3.14159
53.865 0.493349 0.338539 53 0 0.06 -0.06 0.617253 0.336737 331 149 514 149 344 272 554 270 411 105 0.369334 397 508 3.14159
53.9317 0.493349 0.338539 53 0 0.06 -0.06 0.617453 0.336537 331 149 514 148 344 272 554 271 410 105 0.369334 397 508 3.14159
53.9984 0.493349 0.338539 53 0 0.06 -0.06 0.617653 0.336337 330 150 512 149 343 273 553 271 410 105 0.349607 397 508 3.14159
54.065 0.49412 0.338282 60 0 0.06 -0.06 0.617853 0.336137 329 150 512 149 343 273 553 271 409 106 0.376711 397 508 3.14159
54.1317 0.49412 0.338282 60 0 0.06 -0.06 0.618053 0.335937 329 150 512 149 343 273 553 271 409 105 0.349607 397 508 3.14159
54.1984 0.49412 0.338282 60 0 0.06 -0.06 0.618253 0.335737 328 150 511 149 343 273 552 270 408 106 0.3917 397 508 3.14159
54.265 0.494377 0.337253 51 -6 0.06 -0.06 0.618453 0.335537 328 150 511 149 342 273 552 271 407 106 0.372988 397 508 3.14159
54.3317 0.494377 0.337253 51 -6 0.06 -0.06 0.618653 0.335337 327 150 509 149 342 273 551 270 407 105 0.371399 397 508 3.14159
54.3984 0.494377 0.337253 51 -6 -0.06 -0.06 0.618453 0.335137 327 150 509 149 342 273 551 270 406 106 0.408908 397 508 3.14159
54.465 0.495148 0.336739 61 0 -0.06 -0.06 0.618253 0.334937 327 150 509 150 341 273 550 271 405 106 0.364408 397 507 3.11596
54.5317 0.495148 0.336739 61 0 -0.06 -0.06 0.618053 0.334737 326 150 508 150 341 273 550 270 404 106 0.386177 397 508 3.14159
54.5983 0.495919 0.335968 62 -4 -0.06 -0.06 0.617853 0.334537 325 150 508 150 340 273 550 271 404 106 0.374992 397 508 3.14159
54.665 0.495919 0.335968 62 -4 -0.06 -0.06 0.617653 0.334337 325 151 506 150 340 274 549 271 403 107 0.40095 397 508 3.14159
54.7317 0.495919 0.335968 62 -4 -0.06 -0.06 0.617453 0.334137 324 151 506 150 340 274 549 271 402 107 0.395571 397 507 3.11596
54.7984 0.496176 0.335454 46 0 -0.06 -0.06 0.617253 0.333937 323 151 505 150 340 273 549 271 402 107 0.380506 397 508 3.14159
54.865 0.496176 0.335454 46 0 -0.06 -0.06 0.617053 0.333737 323 151 505 150 340 273 549 271 402 106 0.380506 397 508 3.14159
54.9317 0.496176 0.335454 46 0 -0.06 -0.06 0.616853 0.333537 323 151 505 150 339 274 549 271 401 107 0.40095 397 507 3.11596
54.9983 0.496176 0.335197 31 0 -0.06 -0.06 0.616653 0.333337 323 151 504 150 339 274 549 271 401 107 0.418224 397 508 3.14159
55.065 0.496176 0.335197 31 0 -0.06 -0.06 0.616453 0.333137 323 151 504 150 339 274 548 271 401 107 0.40095 397 508 3.14159
55.1317 0.496176 0.335197 31 0 -0.06 -0.06 0.616253 0.332937 322 151 504 151 339 274 548 271 400 107 0.384169 397 508 3.14159
55.1983 0.496433 0.334683 15 3 -0.06 -0.06 0.616053 0.332737 322 151 504 151 339 274 548 271 400 107 0.384169 397 508 3.14159
55.265 0.496433 0.334683 15 3 -0.06 -0.06 0.615853 0.332537 322 151 504 151 339 274 548 271 400 107 0.397079 397 508 3.14159
55.3317 0.496433 0.334683 15 3 -0.06 -0.06 0.615653 0.332337 322 151 504 151 339 274 548 271 400 107 0.397079 397 508 3.14159
55.3984 0.496176 0.333912 16 2 -0.06 -0.06 0.615453 0.332137 322 151 504 151 338 274 548 271 400 108 0.384169 397 508 3.14159
55.465 0.496176 0.333912 16 2 -0.06 -0.06 0.615253 0.331937 321 151 503 151 338 274 548 271 399 107 0.393279 397 508 3.14159
55.5317 0.496176 0.333912 16 2 -0.06 -0.06 0.615053 0.331737 321 151 503 151 338 274 547 271 399 108 0.384169 397 507 3.11628
55.5984 0.495919 0.333655 16 3 -0.06 -0.06 0.614853 0.331537 321 151 503 151 338 274 547 271 399 108 0.384169 397 508 3.14159
55.665 0.495919 0.333655 16 3 -0.06 -0.06 0.614653 0.331337 321 151 503 151 338 274 548 271 399 107 0.393279 397 508 3.14159
55.7317 0.495148 0.332883 15 3 -0.06 -0.06 0.614453 0.331137 321 151 503 151 338 274 547 271 399 107 0.398522 397 508 3.14159
55.7983 0.495148 0.332883 15 3 -0.06 -0.06 0.614253 0.330937 321 151 503 151 338 274 547 271 399 107 0.393279 397 508 3.14159
55.865 0.495148 0.332883 15 3 -0.06 -0.06 0.614052 0.330737 321 151 503 151 338 274 547 271 399 107 0.384169 397 508 3.14159
55.9317 0.494634 0.332883 8 3 -0.06 -0.06 0.613852 0.330537 321 151 503 151 338 274 547 271 399 107 0.384169 397 508 3.14159
55.9983 0.494634 0.332883 8 3 -0.06 -0.06 0.613652 0.330337 321 151 503 151 338 274 547 271 399 107 0.393279 397 508 3.14159
56.065 0.494634 0.332883 8 3 -0.06 -0.06 0.613452 0.330137 320 151 503 151 338 274 547 271 398 107 0.393279 397 508 3.14159
56.1317 0.49412 0.331855 -2 4 -0.06 -0.06 0.613252 0.329937 320 152 503 151 337 274 547 271 398 107 0.3917 397 508 3.14159
56.1983 0.49412 0.331855 -2 4 -0.06 -0.06 0.613052 0.329737 320 151 503 151 337 274 547 271 399 106 0.3917 397 507 3.12909
56.265 0.49412 0.331855 -2 4 -0.06 -0.06 0.612852 0.329537 320 152 502 151 337 274 547 271 402 105 0.372554 397 507 3.12909
56.3317 0.493606 0.331855 6 0 -0.06 -0.06 0.612652 0.329337 319 151 503 150 337 275 547 272 402 105 0.372554 397 507 3.16756
56.3984 0.493606 0.331855 6 0 -0.06 -0.06 0.612452 0.329137 319 151 503 150 337 274 547 271 402 105 0.372554 397 507 3.16756
56.465 0.493606 0.331855 6 0 -0.06 -0.06 0.612252 0.328937 318 152 503 151 337 274 547 271 402 105 0.372554 397 508 3.11596
56.5317 0.493092 0.330827 -1 4 -0.06 -0.06 0.612052 0.328737 319 152 503 151 337 274 547 271 402 105 0.372554 397 508 3.14159
56.5983 0.493092 0.330827 -1 4 -0.06 -0.06 0.611852 0.328537 319 152 502 150 337 274 547 271 402 105 0.372554 397 507 3.12909
