0.0650874 0.266885 0.435191 0 2 -0.2 -0.2 0.385505 0.433002 445 151 632 149 417 269 625 275 530 129 0.276514 399 511 3.18053
0.131727 0.266885 0.435191 0 2 -0.2 -0.2 0.385505 0.433002 445 151 632 149 417 269 625 275 530 129 0.276514 399 511 3.18053
0.198418 0.266885 0.435191 0 2 -0.2 -0.2 0.385505 0.433002 445 151 632 149 417 269 625 275 530 129 0.276514 399 511 3.18053
0.26507 0.266885 0.435191 0 2 -0.2 -0.2 0.385505 0.433002 445 151 632 149 417 269 625 275 530 129 0.276514 399 511 3.18053
0.331747 0.266885 0.435191 0 2 -0.2 -0.2 0.385505 0.433002 445 151 632 149 417 269 625 275 530 129 0.276514 399 511 3.18053
0.398419 0.266885 0.435191 0 2 -0.2 -0.2 0.385505 0.433002 445 151 632 149 417 269 625 275 530 129 0.276514 399 511 3.18053
0.465088 0.266885 0.435191 0 2 -0.2 -0.2 0.385505 0.433002 445 151 632 149 417 269 625 275 530 129 0.276514 399 511 3.18053
0.531772 0.266885 0.435191 0 2 -0.2 -0.2 0.385505 0.433002 445 151 632 149 417 269 625 275 530 129 0.276514 399 511 3.18053
0.59843 0.266885 0.435191 0 2 -0.2 -0.2 0.385505 0.433002 445 151 632 149 417 269 625 275 530 129 0.276514 399 511 3.18053
0.665082 0.266885 0.435191 0 2 -0.2 -0.2 0.385505 0.433002 445 151 632 149 417 269 625 275 530 129 0.276514 399 511 3.18053
0.731765 0.266885 0.435191 0 2 -0.2 -0.2 0.385505 0.433002 445 151 632 149 417 269 625 275 530 129 0.276514 399 511 3.18053
0.798413 0.266885 0.435191 0 2 -0.2 -0.2 0.385505 0.433002 445 151 632 149 417 269 625 275 530 129 0.276514 399 511 3.18053
0.865084 0.266885 0.435191 0 2 -0.2 -0.2 0.385505 0.433002 445 151 632 149 417 269 625 275 530 129 0.276514 399 511 3.18053
0.931776 0.266885 0.435191 0 2 -0.2 -0.2 0.385505 0.433002 445 151 632 149 417 269 625 275 530 129 0.276514 399 511 3.18053
0.998411 0.266885 0.435191 0 2 -0.2 -0.2 0.385505 0.433002 445 151 632 149 417 269 625 275 530 129 0.276514 399 511 3.18053
1.06508 0.266885 0.435191 0 2 -0.2 -0.2 0.385505 0.433002 445 151 632 149 417 269 625 275 530 129 0.276514 399 511 3.18053
1.13171 0.266885 0.435191 0 2 -0.2 -0.2 0.385505 0.433002 445 151 632 149 417 269 625 275 530 129 0.276514 399 511 3.18053
1.19841 0.266885 0.435191 0 2 -0.2 -0.2 0.385505 0.433002 445 151 632 149 417 269 625 275 530 129 0.276514 399 511 3.18053
1.26508 0.266885 0.435191 0 2 -0.2 -0.2 0.385505 0.433002 445 151 632 149 417 269 625 275 530 129 0.276514 399 511 3.18053
1.33173 0.266885 0.435191 0 2 -0.2 -0.2 0.385505 0.433002 445 151 632 149 417 269 625 275 530 129 0.276514 399 511 3.18053
1.39838 0.266885 0.435191 0 2 -0.2 -0.2 0.385505 0.433002 445 151 632 149 417 269 625 275 530 129 0.276514 399 511 3.18053
1.46508 0.266885 0.435191 0 2 -0.2 -0.2 0.385505 0.433002 445 151 632 149 417 269 625 275 530 129 0.276514 399 511 3.18053
1.53174 0.266885 0.435191 0 2 -0.2 -0.2 0.385505 0.433002 445 151 632 149 417 269 625 275 530 129 0.276514 399 511 3.18053
1.59841 0.266885 0.435191 0 2 -0.2 -0.2 0.385505 0.433002 445 151 632 149 417 269 625 275 530 129 0.276514 399 511 3.18053
1.66508 0.266885 0.435191 0 2 -0.2 -0.2 0.385505 0.433002 445 151 632 149 417 269 625 275 530 129 0.276514 399 511 3.18053
1.73175 0.266885 0.435191 0 2 -0.2 -0.2 0.385505 0.433002 445 151 632 149 417 269 625 275 530 129 0.276514 399 511 3.18053
1.79841 0.266885 0.435191 0 2 -0.2 -0.2 0.385505 0.433002 445 151 632 149 417 269 625 275 530 129 0.276514 399 511 3.18053
1.86507 0.266885 0.435191 0 2 -0.2 -0.2 0.385505 0.433002 445 151 632 149 417 269 625 275 530 129 0.276514 399 511 3.18053
1.93175 0.266885 0.435191 0 2 -0.2 -0.2 0.385505 0.433002 445 151 632 149 417 269 625 275 530 129 0.276514 399 511 3.18053
1.99838 0.266885 0.435191 0 2 -0.2 -0.2 0.385505 0.433002 445 151 632 149 417 269 625 275 530 129 0.276514 399 511 3.18053
2.06508 0.266885 0.435191 0 2 -0.2 -0.2 0.385505 0.433002 445 151 632 149 417 269 625 275 530 129 0.276514 399 511 3.18053
2.13172 0.266885 0.435191 0 2 -0.2 -0.2 0.385505 0.433002 445 151 632 149 417 269 625 275 530 129 0.276514 399 511 3.18053
2.19842 0.266885 0.435191 0 2 -0.2 -0.2 0.385505 0.433002 445 151 632 149 417 269 625 275 530 129 0.276514 399 511 3.18053
2.26506 0.266885 0.435191 0 2 -0.2 -0.2 0.385505 0.433002 445 151 632 149 417 269 625 275 530 129 0.276514 399 511 3.18053
2.33175 0.266885 0.435191 0 2 -0.2 -0.2 0.385505 0.433002 445 151 632 149 417 269 625 275 530 129 0.276514 399 511 3.18053
2.39841 0.266885 0.435191 0 2 -0.2 -0.2 0.385505 0.433002 445 151 632 149 417 269 625 275 530 129 0.276514 399 511 3.18053
2.46508 0.266885 0.435191 0 2 -0.2 -0.2 0.385505 0.433002 445 151 632 149 417 269 625 275 530 129 0.276514 399 511 3.18053
2.53175 0.266885 0.435191 0 2 -0.2 -0.2 0.385505 0.433002 445 151 632 149 417 269 625 275 530 129 0.276514 399 511 3.18053
2.59842 0.266885 0.435191 0 2 -0.2 -0.2 0.385505 0.433002 445 151 632 149 417 269 625 275 530 129 0.276514 399 511 3.18053
2.66506 0.266885 0.435191 0 2 -0.2 -0.2 0.385505 0.433002 445 151 632 149 417 269 625 275 530 129 0.276514 399 511 3.18053
2.73172 0.266885 0.435191 0 2 -0.2 -0.2 0.385505 0.433002 445 151 632 149 417 269 625 275 530 129 0.276514 399 511 3.18053
2.79842 0.266885 0.435191 0 2 -0.2 -0.2 0.385505 0.433002 445 151 632 149 417 269 625 275 530 129 0.276514 399 511 3.18053
2.86508 0.266885 0.435191 0 2 -0.2 -0.2 0.385505 0.433002 445 151 632 149 417 269 625 275 530 129 0.276514 399 511 3.18053
2.93177 0.266885 0.435191 0 2 -0.2 -0.2 0.385505 0.433002 445 151 632 149 417 269 625 275 530 129 0.276514 399 511 3.18053
2.99842 0.266885 0.435191 0 2 -0.2 -0.2 0.385505 0.433002 445 151 632 149 417 269 625 275 530 129 0.276514 399 511 3.18053
3.06508 0.266885 0.435191 0 2 -0.2 -0.2 0.385505 0.433002 445 151 632 149 417 269 625 275 530 129 0.276514 399 511 3.18053
3.13171 0.266885 0.435191 0 2 -0.2 -0.2 0.385505 0.433002 445 151 632 149 417 269 625 275 530 129 0.276514 399 511 3.18053
3.19841 0.266885 0.435191 0 2 -0.2 -0.2 0.385505 0.433002 445 151 632 149 417 269 625 275 530 129 0.276514 399 511 3.18053
3.26506 0.266885 0.435191 0 2 -0.2 -0.2 0.385505 0.433002 445 151 632 149 417 269 625 275 530 129 0.276514 399 511 3.18053
3.33177 0.266885 0.435191 0 2 -0.2 -0.2 0.385505 0.433002 445 151 632 149 417 269 625 275 530 129 0.276514 399 511 3.18053
3.39842 0.266885 0.435191 0 2 -0.2 -0.2 0.385505 0.433002 445 151 632 149 417 269 625 275 530 129 0.276514 399 511 3.18053
3.46509 0.266885 0.435191 0 2 -0.2 -0.2 0.385505 0.433002 445 151 632 149 417 269 625 275 530 129 0.276514 399 511 3.18053
3.53178 0.266885 0.435191 0 2 -0.2 -0.2 0.385505 0.433002 445 151 632 149 417 269 625 275 530 129 0.276514 399 511 3.18053
3.59844 0.266885 0.435191 0 2 -0.2 -0.2 0.385505 0.433002 445 151 632 149 417 269 625 275 530 129 0.276514 399 511 3.18053
3.66509 0.266885 0.435191 0 2 -0.2 -0.2 0.385505 0.433002 445 151 632 149 417 269 625 275 530 129 0.276514 399 511 3.18053
3.73177 0.266885 0.435191 0 2 -0.2 -0.2 0.385505 0.433002 445 151 632 149 417 269 625 275 530 129 0.276514 399 511 3.18053
3.79841 0.266885 0.435191 0 2 -0.2 -0.2 0.385505 0.433002 445 151 632 149 417 269 625 275 530 129 0.276514 399 511 3.18053
3.86508 0.266885 0.435191 0 2 -0.2 -0.2 0.385505 0.433002 445 151 632 149 417 269 625 275 530 129 0.276514 399 511 3.18053
3.93177 0.266885 0.435191 0 2 -0.2 -0.2 0.385505 0.433002 445 151 632 149 417 269 625 275 530 129 0.276514 399 511 3.18053
3.99839 0.266885 0.435191 0 2 -0.2 -0.2 0.385505 0.433002 445 151 632 149 417 269 625 275 530 129 0.276514 399 511 3.18053
4.06506 0.266885 0.435191 0 2 -0.2 -0.2 0.385505 0.433002 445 151 632 149 417 269 625 275 530 129 0.276514 399 511 3.18053
4.13172 0.266885 0.435191 0 2 -0.2 -0.2 0.385505 0.433002 445 151 632 149 417 269 625 275 530 129 0.276514 399 511 3.18053
4.19842 0.266885 0.435191 0 2 -0.2 -0.2 0.385505 0.433002 445 151 632 149 417 269 625 275 530 129 0.276514 399 511 3.18053
4.26511 0.266885 0.435191 0 2 -0.2 -0.2 0.385505 0.433002 445 151 632 149 417 269 625 275 530 129 0.276514 399 511 3.18053
4.33177 0.266885 0.435191 0 2 -0.2 -0.2 0.385505 0.433002 445 151 632 149 417 269 625 275 530 129 0.276514 399 511 3.18053
4.39842 0.266885 0.435191 0 2 -0.2 -0.2 0.385505 0.433002 445 151 632 149 417 269 625 275 530 129 0.276514 399 511 3.18053
4.46511 0.266885 0.435191 0 2 -0.2 -0.2 0.385505 0.433002 445 151 632 149 417 269 625 275 530 129 0.276514 399 511 3.18053
4.53175 0.266885 0.435191 0 2 -0.2 -0.2 0.385505 0.433002 445 151 632 149 417 269 625 275 530 129 0.276514 399 511 3.18053
4.59843 0.266885 0.435191 0 2 -0.2 -0.2 0.385505 0.433002 445 151 632 149 417 269 625 275 530 129 0.276514 399 511 3.18053
4.66505 0.266885 0.435191 0 2 -0.2 -0.2 0.385505 0.433002 445 151 632 149 417 269 625 275 530 129 0.276514 399 511 3.18053
4.73175 0.266885 0.435191 0 2 -0.2 -0.2 0.385505 0.433002 445 151 632 149 417 269 625 275 530 129 0.276514 399 511 3.18053
4.79843 0.266885 0.435191 0 2 -0.2 -0.2 0.385505 0.433002 445 151 632 149 417 269 625 275 530 129 0.276514 399 511 3.18053
4.86509 0.266885 0.435191 0 2 -0.2 -0.2 0.385505 0.433002 445 151 632 149 417 269 625 275 530 129 0.276514 399 511 3.18053
4.93175 0.266885 0.435191 0 2 -0.2 -0.2 0.385505 0.433002 445 151 632 149 417 269 625 275 530 129 0.276514 399 511 3.18053
4.99842 0.266885 0.435191 0 2 -0.2 -0.2 0.385505 0.433002 445 151 632 149 417 269 625 275 530 129 0.276514 399 511 3.18053
5.06511 0.266885 0.435191 0 2 -0.2 -0.2 0.385505 0.433002 445 151 632 149 417 269 625 275 530 129 0.276514 399 511 3.18053
5.13171 0.266885 0.435191 0 2 -0.2 -0.2 0.385505 0.433002 445 151 632 149 417 269 625 275 530 129 0.276514 399 511 3.18053
5.19841 0.266885 0.435191 0 2 -0.2 -0.2 0.385505 0.433002 445 151 632 149 417 269 625 275 530 129 0.276514 399 511 3.18053
5.26511 0.266885 0.435191 0 2 -0.2 -0.2 0.385505 0.433002 445 151 632 149 417 269 625 275 530 129 0.276514 399 511 3.18053
5.33178 0.266885 0.435191 0 2 -0.2 -0.2 0.385505 0.433002 445 151 632 149 417 269 625 275 530 129 0.276514 399 511 3.18053
5.39841 0.266885 0.435191 0 2 -0.2 -0.2 0.385505 0.433002 445 151 632 149 417 269 625 275 530 129 0.276514 399 511 3.18053
5.46506 0.266885 0.435191 0 2 -0.2 -0.2 0.385505 0.433002 445 151 632 149 417 269 625 275 530 129 0.276514 399 511 3.18053
5.53175 0.266885 0.435191 0 2 -0.2 -0.2 0.385505 0.433002 445 151 632 149 417 269 625 275 530 129 0.276514 399 511 3.18053
5.59843 0.266885 0.435191 0 2 -0.2 -0.2 0.385505 0.433002 445 151 632 149 417 269 625 275 530 129 0.276514 399 511 3.18053
5.66511 0.266885 0.435191 0 2 -0.2 -0.2 0.385505 0.433002 445 151 632 149 417 269 625 275 530 129 0.276514 399 511 3.18053
5.73177 0.266885 0.435191 0 2 -0.2 -0.2 0.385505 0.433002 445 151 632 149 417 269 625 275 530 129 0.276514 399 511 3.18053
5.79841 0.266885 0.435191 0 2 -0.2 -0.2 0.385505 0.433002 445 151 632 149 417 269 625 275 530 129 0.276514 399 511 3.18053
5.86511 0.266885 0.435191 0 2 -0.2 -0.2 0.385505 0.433002 445 151 632 149 417 269 625 275 530 129 0.276514 399 511 3.18053
5.93175 0.266885 0.435191 0 2 -0.2 -0.2 0.385505 0.433002 445 151 632 149 417 269 625 275 530 129 0.276514 399 511 3.18053
5.99842 0.266885 0.435191 0 2 -0.2 -0.2 0.385505 0.433002 445 151 632 149 417 269 625 275 530 129 0.276514 399 511 3.18053
6.06506 0.266885 0.435191 0 2 -0.2 -0.2 0.385505 0.433002 445 151 632 149 417 269 625 275 530 129 0.276514 399 511 3.18053
6.13179 0.266885 0.435191 0 2 -0.2 -0.2 0.385505 0.433002 445 151 632 149 417 269 625 275 530 129 0.276514 399 511 3.18053
6.19842 0.266885 0.435191 0 2 -0.2 -0.2 0.385505 0.433002 445 151 632 149 417 269 625 275 530 129 0.276514 399 511 3.18053
6.26508 0.266885 0.435191 0 2 -0.2 -0.2 0.385505 0.433002 445 151 632 149 417 269 625 275 530 129 0.276514 399 511 3.18053
6.33175 0.266885 0.435191 0 2 -0.2 -0.2 0.385505 0.433002 445 151 632 149 417 269 625 275 530 129 0.276514 399 511 3.18053
6.39842 0.266885 0.435191 0 2 -0.2 -0.2 0.385505 0.433002 445 151 632 149 417 269 625 275 530 129 0.276514 399 511 3.18053
6.46509 0.266885 0.435191 0 2 -0.2 -0.2 0.385505 0.433002 445 151 632 149 417 269 625 275 530 129 0.276514 399 511 3.18053
6.53175 0.266885 0.435191 0 2 -0.2 -0.2 0.385505 0.433002 445 151 632 149 417 269 625 275 530 129 0.276514 399 511 3.18053
6.59842 0.266885 0.435191 0 2 -0.2 -0.2 0.385505 0.433002 445 151 632 149 417 269 625 275 530 129 0.276514 399 511 3.18053
6.66509 0.266885 0.435191 0 2 -0.2 -0.2 0.385505 0.433002 445 151 632 149 417 269 625 275 530 129 0.276514 399 511 3.18053
6.73175 0.266885 0.435191 0 2 -0.2 -0.2 0.385505 0.433002 445 151 632 149 417 269 625 275 530 129 0.276514 399 511 3.18053
6.79841 0.266885 0.435191 0 2 -0.2 -0.2 0.385505 0.433002 445 151 632 149 417 269 625 275 530 129 0.276514 399 511 3.18053
6.86509 0.266885 0.435191 0 2 -0.2 -0.2 0.385505 0.433002 445 151 632 149 417 269 625 275 530 129 0.276514 399 511 3.18053
6.93177 0.266885 0.435191 0 2 -0.2 -0.2 0.385505 0.433002 445 151 632 149 417 269 625 275 530 129 0.276514 399 511 3.18053
6.99842 0.266885 0.435191 0 2 -0.2 -0.2 0.385505 0.433002 445 151 632 149 417 269 625 275 530 129 0.276514 399 511 3.18053
7.06506 0.266885 0.435191 0 2 -0.2 -0.2 0.385505 0.433002 445 151 632 149 417 269 625 275 530 129 0.276514 399 511 3.18053
7.13172 0.266885 0.435191 0 2 -0.2 -0.2 0.385505 0.433002 445 151 632 149 417 269 625 275 530 129 0.276514 399 511 3.18053
7.19842 0.266885 0.435191 0 2 -0.2 -0.2 0.385505 0.433002 445 151 632 149 417 269 625 275 530 129 0.276514 399 511 3.18053
7.26509 0.266885 0.435191 0 2 -0.2 -0.2 0.385505 0.433002 445 151 632 149 417 269 625 275 530 129 0.276514 399 511 3.18053
7.33175 0.266885 0.435191 0 2 -0.2 -0.2 0.385505 0.433002 445 151 632 149 417 269 625 275 530 129 0.276514 399 511 3.18053
7.39842 0.266885 0.435191 0 2 -0.2 -0.2 0.385505 0.433002 445 151 632 149 417 269 625 275 530 129 0.276514 399 511 3.18053
7.46508 0.266885 0.435191 0 2 -0.2 -0.2 0.385505 0.433002 445 151 632 149 417 269 625 275 530 129 0.276514 399 511 3.18053
7.53175 0.266885 0.435191 0 2 -0.2 -0.2 0.385505 0.433002 445 151 632 149 417 269 625 275 530 129 0.276514 399 511 3.18053
7.59842 0.266885 0.435191 0 2 -0.2 -0.2 0.385505 0.433002 445 151 632 149 417 269 625 275 530 129 0.276514 399 511 3.18053
7.66508 0.266885 0.435191 0 2 -0.2 -0.2 0.385505 0.433002 445 151 632 149 417 269 625 275 530 129 0.276514 399 511 3.18053
7.73178 0.266885 0.435191 0 2 -0.2 -0.2 0.385505 0.433002 445 151 632 149 417 269 625 275 530 129 0.276514 399 511 3.18053
7.79845 0.266885 0.435191 0 2 -0.2 -0.2 0.385505 0.433002 445 151 632 149 417 269 625 275 530 129 0.276514 399 511 3.18053
7.86508 0.266885 0.435191 0 2 -0.2 -0.2 0.385505 0.433002 445 151 632 149 417 269 625 275 530 129 0.276514 399 511 3.18053
7.93177 0.266885 0.435191 0 2 -0.2 -0.2 0.385505 0.433002 445 151 632 149 417 269 625 275 530 129 0.276514 399 511 3.18053
7.99842 0.266885 0.435191 0 2 -0.2 -0.2 0.385505 0.433002 445 151 632 149 417 269 625 275 530 129 0.276514 399 511 3.18053
8.06509 0.266885 0.435191 0 2 -0.2 -0.2 0.385505 0.433002 445 151 632 149 417 269 625 275 530 129 0.276514 399 511 3.18053
8.13176 0.266885 0.435191 0 2 -0.2 -0.2 0.385505 0.433002 445 151 632 149 417 269 625 275 530 129 0.276514 399 511 3.18053
8.19841 0.266885 0.435191 0 2 -0.2 -0.2 0.385505 0.433002 445 151 632 149 417 269 625 275 530 129 0.276514 399 511 3.18053
8.26508 0.266885 0.435191 0 2 -0.2 -0.2 0.385505 0.433002 445 151 632 149 417 269 625 275 530 129 0.276514 399 511 3.18053
8.33174 0.266885 0.435191 0 2 -0.2 -0.2 0.385505 0.433002 445 151 632 149 417 269 625 275 530 129 0.276514 399 511 3.18053
8.39842 0.266885 0.435191 0 2 -0.2 -0.2 0.385505 0.433002 445 151 632 149 417 269 625 275 530 129 0.276514 399 511 3.18053
8.46508 0.266885 0.435191 0 2 -0.2 -0.2 0.385505 0.433002 445 151 632 149 417 269 625 275 530 129 0.276514 399 511 3.18053
8.53175 0.266885 0.435191 0 2 -0.2 -0.2 0.385505 0.433002 445 151 632 149 417 269 625 275 530 129 0.276514 399 511 3.18053
8.59842 0.266885 0.435191 0 2 -0.2 -0.2 0.385505 0.433002 445 151 632 149 417 269 625 275 530 129 0.276514 399 511 3.18053
8.66508 0.266885 0.435191 0 2 -0.2 -0.2 0.385505 0.433002 445 151 632 149 417 269 625 275 530 129 0.276514 399 511 3.18053
8.73175 0.266885 0.435191 0 2 -0.2 -0.2 0.385505 0.433002 445 151 632 149 417 269 625 275 530 129 0.276514 399 511 3.18053
8.79842 0.266885 0.435191 0 2 -0.2 -0.2 0.385505 0.433002 445 151 632 149 417 269 625 275 530 129 0.276514 399 511 3.18053
8.86512 0.266885 0.435191 0 2 -0.2 -0.2 0.385505 0.433002 445 151 632 149 417 269 625 275 530 129 0.276514 399 511 3.18053
8.93176 0.266885 0.435191 0 2 -0.2 -0.2 0.385505 0.433002 445 151 632 149 417 269 625 275 530 129 0.276514 399 511 3.18053
8.99842 0.266885 0.435191 0 2 -0.2 -0.2 0.385505 0.433002 445 151 632 149 417 269 625 275 530 129 0.276514 399 511 3.18053
9.06509 0.266885 0.435191 0 2 -0.2 -0.2 0.385505 0.433002 445 151 632 149 417 269 625 275 530 129 0.276514 399 511 3.18053
9.13172 0.266885 0.435191 0 2 -0.2 -0.2 0.385505 0.433002 445 151 632 149 417 269 625 275 530 129 0.276514 399 511 3.18053
9.19842 0.266885 0.435191 0 2 -0.2 -0.2 0.385505 0.433002 445 151 632 149 417 269 625 275 530 129 0.276514 399 511 3.18053
9.26509 0.266885 0.435191 0 2 -0.2 -0.2 0.385505 0.433002 445 151 632 149 417 269 625 275 530 129 0.276514 399 511 3.18053
9.33175 0.266885 0.435191 0 2 -0.2 -0.2 0.385505 0.433002 445 151 632 149 417 269 625 275 530 129 0.276514 399 511 3.18053
9.39838 0.266885 0.435191 0 2 -0.2 -0.2 0.385505 0.433002 445 151 632 149 417 269 625 275 530 129 0.276514 399 511 3.18053
9.46508 0.266885 0.435191 0 2 -0.2 -0.2 0.385505 0.433002 445 151 632 149 417 269 625 275 530 129 0.276514 399 511 3.18053
9.53174 0.266885 0.435191 0 2 -0.2 -0.2 0.385505 0.433002 445 151 632 149 417 269 625 275 530 129 0.276514 399 511 3.18053
9.59841 0.266885 0.435191 0 2 -0.2 -0.2 0.385505 0.433002 445 151 632 149 417 269 625 275 530 129 0.276514 399 511 3.18053
9.66508 0.266885 0.435191 0 2 -0.2 -0.2 0.385505 0.433002 445 151 632 149 417 269 625 275 530 129 0.276514 399 511 3.18053
9.73171 0.266885 0.435191 0 2 -0.2 -0.2 0.385505 0.433002 445 151 632 149 417 269 625 275 530 129 0.276514 399 511 3.18053
9.79841 0.266885 0.435191 0 2 -0.2 -0.2 0.385505 0.433002 445 151 632 149 417 269 625 275 530 129 0.276514 399 511 3.18053
9.86508 0.266885 0.435191 0 2 -0.2 -0.2 0.385505 0.433002 445 151 632 149 417 269 625 275 530 129 0.276514 399 511 3.18053
9.93174 0.266885 0.435191 0 2 -0.2 -0.2 0.385505 0.433002 445 151 632 149 417 269 625 275 530 129 0.276514 399 511 3.18053
9.99838 0.266885 0.435191 0 2 -0.2 -0.2 0.385505 0.433002 445 151 632 149 417 269 625 275 530 129 0.276514 399 511 3.18053
10.065 0.266885 0.435191 0 2 -0.2 -0.2 0.385505 0.433002 445 151 632 149 417 269 625 275 530 129 0.276514 399 511 3.18053
10.1317 0.266885 0.435191 0 2 -0.2 -0.2 0.385505 0.433002 445 151 632 149 417 269 625 275 530 129 0.276514 399 511 3.18053
10.1984 0.266885 0.435191 0 2 -0.2 -0.2 0.385505 0.433002 445 151 632 149 417 269 625 275 530 129 0.276514 399 511 3.18053
10.2651 0.266885 0.435191 0 2 -0.2 -0.2 0.385505 0.433002 445 151 632 149 417 269 625 275 530 129 0.276514 399 511 3.18053
10.3317 0.266885 0.435191 0 2 -0.2 -0.2 0.385505 0.433002 445 151 632 149 417 269 625 275 530 129 0.276514 399 511 3.18053
10.3984 0.266885 0.435191 0 2 -0.2 -0.2 0.385505 0.433002 445 151 632 149 417 269 625 275 530 129 0.276514 399 511 3.18053
10.4651 0.266885 0.435191 0 2 -0.2 -0.2 0.385505 0.433002 445 151 632 149 417 269 625 275 530 129 0.276514 399 511 3.18053
10.5318 0.266885 0.435191 0 2 -0.2 -0.2 0.385505 0.433002 445 151 632 149 417 269 625 275 530 129 0.276514 399 511 3.18053
10.5984 0.266885 0.435191 0 2 -0.2 -0.2 0.385505 0.433002 445 151 632 149 417 269 625 275 530 129 0.276514 399 511 3.18053
10.6651 0.266885 0.435191 0 2 -0.2 -0.2 0.385505 0.433002 445 151 632 149 417 269 625 275 530 129 0.276514 399 511 3.18053
10.7317 0.266885 0.435191 0 2 -0.2 -0.2 0.385505 0.433002 445 151 632 149 417 269 625 275 530 129 0.276514 399 511 3.18053
10.7984 0.266885 0.435191 0 2 -0.2 -0.2 0.385505 0.433002 445 151 632 149 417 269 625 275 530 129 0.276514 399 511 3.18053
10.8651 0.266885 0.435191 0 2 -0.2 -0.2 0.385505 0.433002 445 151 632 149 417 269 625 275 530 129 0.276514 399 511 3.18053
10.9317 0.266885 0.435191 0 2 -0.2 -0.2 0.385505 0.433002 445 151 632 149 417 269 625 275 530 129 0.276514 399 511 3.18053
10.9984 0.266885 0.435191 0 2 -0.2 -0.2 0.385505 0.433002 445 151 632 149 417 269 625 275 530 129 0.276514 399 511 3.18053
11.0651 0.266885 0.435191 0 2 -0.2 -0.2 0.385505 0.433002 445 151 632 149 417 269 625 275 530 129 0.276514 399 511 3.18053
11.1317 0.266885 0.435191 0 2 -0.2 -0.2 0.385505 0.433002 445 151 632 149 417 269 625 275 530 129 0.276514 399 511 3.18053
11.1984 0.266885 0.435191 0 2 -0.2 -0.2 0.385505 0.433002 445 151 632 149 417 269 625 275 530 129 0.276514 399 511 3.18053
11.2651 0.266885 0.435191 0 2 -0.2 -0.2 0.385505 0.433002 445 151 632 149 417 269 625 275 530 129 0.276514 399 511 3.18053
11.3318 0.266885 0.435191 0 2 -0.2 -0.2 0.385505 0.433002 445 151 632 149 417 269 625 275 530 129 0.276514 399 511 3.18053
11.3984 0.266885 0.435191 0 2 -0.2 -0.2 0.385505 0.433002 445 151 632 149 417 269 625 275 530 129 0.276514 399 511 3.18053
11.4651 0.266885 0.435191 0 2 -0.2 -0.2 0.385505 0.433002 445 151 632 149 417 269 625 275 530 129 0.276514 399 511 3.18053
11.5317 0.266885 0.435191 0 2 -0.2 -0.2 0.385505 0.433002 445 151 632 149 417 269 625 275 530 129 0.276514 399 511 3.18053
11.5984 0.266885 0.435191 0 2 -0.2 -0.2 0.385505 0.433002 445 151 632 149 417 269 625 275 530 129 0.276514 399 511 3.18053
11.6651 0.266885 0.435191 0 2 -0.2 -0.2 0.385505 0.433002 445 151 632 149 417 269 625 275 530 129 0.276514 399 511 3.18053
11.7318 0.266885 0.435191 0 2 -0.2 -0.2 0.385505 0.433002 445 151 632 149 417 269 625 275 530 129 0.276514 399 511 3.18053
11.7984 0.266885 0.435191 0 2 -0.2 -0.2 0.385505 0.433002 445 151 632 149 417 269 625 275 530 129 0.276514 399 511 3.18053
11.8651 0.266885 0.435191 0 2 -0.2 -0.2 0.385505 0.433002 445 151 632 149 417 269 625 275 530 129 0.276514 399 511 3.18053
11.9317 0.266885 0.435191 0 2 -0.2 -0.2 0.385505 0.433002 445 151 632 149 417 269 625 275 530 129 0.276514 399 511 3.18053
11.9984 0.266885 0.435191 0 2 -0.2 -0.2 0.385505 0.433002 445 151 632 149 417 269 625 275 530 129 0.276514 399 511 3.18053
12.0651 0.266885 0.435191 0 2 -0.2 -0.2 0.385505 0.433002 445 151 632 149 417 269 625 275 530 129 0.276514 399 511 3.18053
12.1318 0.266885 0.435191 0 2 -0.2 -0.2 0.385505 0.433002 445 151 632 149 417 269 625 275 530 129 0.276514 399 511 3.18053
12.1984 0.266885 0.435191 0 2 -0.2 -0.2 0.385505 0.433002 445 151 632 149 417 269 625 275 530 129 0.276514 399 511 3.18053
12.2651 0.266885 0.435191 0 2 -0.2 -0.2 0.385505 0.433002 445 151 632 149 417 269 625 275 530 129 0.276514 399 511 3.18053
12.3317 0.266885 0.435191 0 2 -0.2 -0.2 0.385505 0.433002 445 151 632 149 417 269 625 275 530 129 0.276514 399 511 3.18053
12.3984 0.266885 0.435191 0 2 -0.2 -0.2 0.385505 0.433002 445 151 632 149 417 269 625 275 530 129 0.276514 399 511 3.18053
12.4651 0.266885 0.435191 0 2 -0.2 -0.2 0.385505 0.433002 445 151 632 149 417 269 625 275 530 129 0.276514 399 511 3.18053
12.5317 0.266885 0.435191 0 2 -0.2 -0.2 0.385505 0.433002 445 151 632 149 417 269 625 275 530 129 0.276514 399 511 3.18053
12.5984 0.266885 0.435191 0 2 -0.2 -0.2 0.385505 0.433002 445 151 632 149 417 269 625 275 530 129 0.276514 399 511 3.18053
12.6651 0.266885 0.435191 0 2 -0.2 -0.2 0.385505 0.433002 445 151 632 149 417 269 625 275 530 129 0.276514 399 511 3.18053
12.7317 0.266885 0.435191 0 2 -0.2 -0.2 0.385505 0.433002 445 151 632 149 417 269 625 275 530 129 0.276514 399 511 3.18053
12.7984 0.266885 0.435191 0 2 -0.2 -0.2 0.385505 0.433002 445 151 632 149 417 269 625 275 530 129 0.276514 399 511 3.18053
12.8651 0.266885 0.435191 0 2 -0.2 -0.2 0.385505 0.433002 445 151 632 149 417 269 625 275 530 129 0.276514 399 511 3.18053
12.9317 0.266885 0.435191 0 2 -0.2 -0.2 0.385505 0.433002 445 151 632 149 417 269 625 275 530 129 0.276514 399 511 3.18053
12.9984 0.266885 0.435191 0 2 -0.2 -0.2 0.385505 0.433002 445 151 632 149 417 269 625 275 530 129 0.276514 399 511 3.18053
13.0651 0.266885 0.435191 0 2 -0.2 -0.2 0.385505 0.433002 445 151 632 149 417 269 625 275 530 129 0.276514 399 511 3.18053
13.1317 0.266885 0.435191 0 2 -0.2 -0.2 0.385505 0.433002 445 151 632 149 417 269 625 275 530 129 0.276514 399 511 3.18053
13.1984 0.266885 0.435191 0 2 -0.2 -0.2 0.385505 0.433002 445 151 632 149 417 269 625 275 530 129 0.276514 399 511 3.18053
13.2651 0.266885 0.435191 0 2 -0.2 -0.2 0.385505 0.433002 445 151 632 149 417 269 625 275 530 129 0.276514 399 511 3.18053
13.3317 0.266885 0.435191 0 2 -0.2 -0.2 0.385505 0.433002 445 151 632 149 417 269 625 275 530 129 0.276514 399 511 3.18053
13.3984 0.266885 0.435191 0 2 -0.2 -0.2 0.385505 0.433002 445 151 632 149 417 269 625 275 530 129 0.276514 399 511 3.18053
13.4651 0.266885 0.435191 0 2 -0.2 -0.2 0.385505 0.433002 445 151 632 149 417 269 625 275 530 129 0.276514 399 511 3.18053
13.5317 0.266885 0.435191 0 2 -0.2 -0.2 0.385505 0.433002 445 151 632 149 417 269 625 275 530 129 0.276514 399 511 3.18053
13.5984 0.266885 0.435191 0 2 -0.2 -0.2 0.385505 0.433002 445 151 632 149 417 269 625 275 530 129 0.276514 399 511 3.18053
13.665 0.266885 0.435191 0 2 -0.2 -0.2 0.385505 0.433002 445 151 632 149 417 269 625 275 530 129 0.276514 399 511 3.18053
13.7317 0.266885 0.435191 0 2 -0.2 -0.2 0.385505 0.433002 445 151 632 149 417 269 625 275 530 129 0.276514 399 511 3.18053
13.7984 0.266885 0.435191 0 2 -0.2 -0.2 0.385505 0.433002 445 151 632 149 417 269 625 275 530 129 0.276514 399 511 3.18053
13.8651 0.266885 0.435191 0 2 -0.2 -0.2 0.385505 0.433002 445 151 632 149 417 269 625 275 530 129 0.276514 399 511 3.18053
13.9317 0.266885 0.435191 0 2 -0.2 -0.2 0.385505 0.433002 445 151 632 149 417 269 625 275 530 129 0.276514 399 511 3.18053
13.9984 0.266885 0.435191 0 2 -0.2 -0.2 0.385505 0.433002 445 151 632 149 417 269 625 275 530 129 0.276514 399 511 3.18053
14.0651 0.266885 0.435191 0 2 -0.2 -0.2 0.385505 0.433002 445 151 632 149 417 269 625 275 530 129 0.276514 399 511 3.18053
14.1318 0.266885 0.435191 0 2 -0.2 -0.2 0.385505 0.433002 445 151 632 149 417 269 625 275 530 129 0.276514 399 511 3.18053
14.1984 0.266885 0.435191 0 2 -0.2 -0.2 0.385505 0.433002 445 151 632 149 417 269 625 275 530 129 0.276514 399 511 3.18053
14.2651 0.266885 0.435191 0 2 -0.2 -0.2 0.385505 0.433002 445 151 632 149 417 269 625 275 530 129 0.276514 399 511 3.18053
14.3317 0.266885 0.435191 0 2 -0.2 -0.2 0.385505 0.433002 445 151 632 149 417 269 625 275 530 129 0.276514 399 511 3.18053
14.3984 0.266885 0.435191 0 2 -0.2 -0.2 0.385505 0.433002 445 151 632 149 417 269 625 275 530 129 0.276514 399 511 3.18053
14.4651 0.266885 0.435191 0 2 -0.2 -0.2 0.385505 0.433002 445 151 632 149 417 269 625 275 530 129 0.276514 399 511 3.18053
14.5318 0.266885 0.435191 0 2 -0.2 -0.2 0.385505 0.433002 445 151 632 149 417 269 625 275 530 129 0.276514 399 511 3.18053
14.5984 0.266885 0.435191 0 2 -0.2 -0.2 0.385505 0.433002 445 151 632 149 417 269 625 275 530 129 0.276514 399 511 3.18053
14.6651 0.266885 0.435191 0 2 -0.2 -0.2 0.385505 0.433002 445 151 632 149 417 269 625 275 530 129 0.276514 399 511 3.18053
14.7318 0.266885 0.435191 0 2 -0.2 -0.2 0.385505 0.433002 445 151 632 149 417 269 625 275 530 129 0.276514 399 511 3.18053
14.7984 0.266885 0.435191 0 2 -0.2 -0.2 0.385505 0.433002 445 151 632 149 417 269 625 275 530 129 0.276514 399 511 3.18053
14.8651 0.266885 0.435191 0 2 -0.2 -0.2 0.385505 0.433002 445 151 632 149 417 269 625 275 530 129 0.276514 399 511 3.18053
14.9317 0.266885 0.435191 0 2 -0.2 -0.2 0.385505 0.433002 445 151 632 149 417 269 625 275 530 129 0.276514 399 511 3.18053
14.9984 0.266885 0.435191 0 2 -0.2 -0.2 0.385505 0.433002 445 151 632 149 417 269 625 275 530 129 0.276514 399 511 3.18053
15.0651 0.266885 0.435191 0 2 -0.2 -0.2 0.385505 0.433002 445 151 632 149 417 269 625 275 530 129 0.276514 399 511 3.18053
15.1318 0.266885 0.435191 0 2 -0.2 -0.2 0.385505 0.433002 445 151 632 149 417 269 625 275 530 129 0.276514 399 511 3.18053
15.1984 0.266885 0.435191 0 2 -0.2 -0.2 0.385505 0.433002 445 151 632 149 417 269 625 275 530 129 0.276514 399 511 3.18053
15.2651 0.266885 0.435191 0 2 -0.2 -0.2 0.385505 0.433002 445 151 632 149 417 269 625 275 530 129 0.276514 399 511 3.18053
15.3317 0.266885 0.435191 0 2 -0.2 -0.2 0.385505 0.433002 445 151 632 149 417 269 625 275 530 129 0.276514 399 511 3.18053
15.3984 0.266885 0.435191 0 2 -0.2 -0.2 0.385505 0.433002 445 151 632 149 417 269 625 275 530 129 0.276514 399 511 3.18053
15.4651 0.266885 0.435191 0 2 -0.2 -0.2 0.385505 0.433002 445 151 632 149 417 269 625 275 530 129 0.276514 399 511 3.18053
15.5317 0.266885 0.435191 0 2 -0.2 -0.2 0.385505 0.433002 445 151 632 149 417 269 625 275 530 129 0.276514 399 511 3.18053
15.5984 0.266885 0.435191 0 2 -0.2 -0.2 0.385505 0.433002 445 151 632 149 417 269 625 275 530 129 0.276514 399 511 3.18053
15.6651 0 0 0 2 0 0 0 0 445 151 632 149 417 269 625 275 530 129 0.276514 399 511 3.18053
15.7318 0 0 0 2 0 0 0 0 445 151 632 149 417 269 625 275 530 129 0.276514 399 511 3.18053
15.7984 0 0 0 2 0 0 0 0 445 151 632 149 417 269 625 275 530 129 0.276514 399 511 3.18053
15.8651 0 0 0 0 0 0 0 0 445 151 632 149 417 269 625 275 530 129 0.276514 399 511 3.18053
15.9317 0 0 0 0 0 0 0 0 445 151 632 149 417 269 625 275 530 129 0.276514 399 511 3.18053
15.9984 0 0 0 0 0 0 0 0 445 151 632 149 417 269 625 275 530 129 0.276514 399 511 3.18053
16.0651 0 0 0 0 0 0 0 0 445 151 632 149 417 269 625 275 530 129 0.276514 399 511 3.18053
16.1318 0 0 0 0 0 0 0 0 445 151 632 149 417 269 625 275 530 129 0.276514 399 511 3.18053
16.1984 0 0 0 0 0 0 0 0 445 151 632 149 417 269 625 275 530 129 0.276514 399 511 3.18053
16.2651 0 0 0 0 0 0 0 0 440 150 633 149 414 269 625 275 530 129 0.276514 399 511 3.16723
16.3318 0 0 0 0 0 0 0 0 440 149 633 149 414 269 625 275 530 129 0.276514 399 511 3.18004
16.3984 0 0 0 0 0 0 0 0 440 150 633 149 414 269 625 275 530 129 0.276514 399 511 3.18004
16.4651 0 0 0 0 0 0 0 0 440 149 633 149 414 269 626 275 530 129 0.276514 399 510 3.12909
16.5318 0 0 0 0 0 0 0 0 440 150 633 149 414 269 625 275 530 129 0.276514 399 511 3.18004
16.5984 0 0 0 0 0 0 0 0 440 150 633 149 414 269 625 275 530 129 0.276514 399 511 3.16723
16.6651 0 0 0 0 0 0 0 0 440 150 633 149 414 269 625 275 530 129 0.276514 399 511 3.16723
16.7317 0 0 0 0 0 0 0 0 440 150 633 149 414 269 625 275 530 129 0.276514 399 511 3.16723
16.7984 0 0 0 0 0 0 0 0 440 150 633 149 414 269 626 275 530 129 0.276514 399 511 3.16723
16.8651 0 0 0 0 0 0 0 0 440 150 633 149 414 269 625 275 530 129 0.276514 399 511 3.18004
16.9317 0 0 0 0 0 0 0 0 440 149 633 149 414 269 626 275 530 129 0.276514 399 511 3.16723
16.9984 0 0 0 0 0 0 0 0 440 150 633 149 414 269 625 275 530 129 0.276514 399 511 3.16723
17.0651 0 0 0 0 0 0 0 0 440 149 633 149 414 269 625 275 530 129 0.276514 399 511 3.18004
17.1317 0 0 0 0 0 0 0 0 440 150 633 149 414 269 626 275 530 129 0.276514 399 511 3.16723
17.1984 0 0 0 0 0 0 0 0 440 150 633 149 414 269 625 275 530 129 0.276514 399 511 3.18004
17.2651 0 0 0 0 0 0 0 0 440 150 633 149 414 269 625 275 530 129 0.276514 399 511 3.18004
17.3318 0 0 0 0 0 0 0 0 440 149 633 149 414 269 625 275 530 129 0.276514 399 511 3.16723
17.3984 0 0 0 0 0 0 0 0 440 150 633 149 414 269 625 275 530 129 0.276514 399 511 3.18004
17.465 0 0 0 0 0 0 0 0 440 150 633 149 414 269 626 275 530 129 0.276514 399 511 3.16723
17.5317 0 0 0 0 0 0 0 0 440 150 633 149 414 269 625 275 530 129 0.276514 399 511 3.16723
17.5984 0 0 0 0 0 0 0 0 440 149 633 149 414 269 625 275 530 129 0.276514 399 511 3.16723
17.665 0 0 0 0 0 0 0 0 440 150 633 149 414 269 625 275 530 129 0.276514 399 511 3.18004
17.7317 0 0 0 0 0 0 0 0 440 150 633 149 414 269 625 275 530 129 0.276514 399 511 3.18004
17.7984 0 0 0 0 0 0 0 0 440 149 633 149 414 269 625 275 530 129 0.276514 399 511 3.16723
17.8651 0 0 0 0 0 0 0 0 440 150 633 149 414 269 625 275 530 129 0.276514 399 511 3.18004
17.9317 0 0 0 0 0 0 0 0 440 150 633 149 414 269 626 275 530 129 0.276514 399 511 3.18004
17.9984 0 0 0 0 0 0 0 0 440 150 633 149 414 269 625 275 530 129 0.276514 399 511 3.18004
18.0651 0 0 0 0 0 0 0 0 440 149 633 149 414 269 626 275 530 129 0.276514 399 511 3.18004
18.1317 0 0 0 0 0 0 0 0 440 150 633 149 414 269 625 275 530 129 0.276514 399 511 3.18004
18.1984 0 0 0 0 0 0 0 0 440 150 633 149 414 269 625 275 530 129 0.276514 399 511 3.16723
18.2651 0 0 0 0 0 0 0 0 440 149 633 149 414 269 626 275 530 129 0.276514 399 510 3.14159
18.3317 0 0 0 0 0 0 0 0 440 150 633 149 414 269 625 275 530 129 0.276514 399 511 3.16723
18.3984 0 0 0 0 0 0 0 0 440 149 633 149 414 269 625 275 530 129 0.276514 399 511 3.18004
18.4651 0 0 0 0 0 0 0 0 440 150 633 149 414 269 625 275 530 129 0.276514 400 510 3.18004
18.5317 0.200823 0.354476 -1 -47 0 0 0 0 441 149 633 149 414 269 625 275 530 129 0.276514 399 510 3.19349
18.5984 0.200823 0.354476 -1 -47 0 0 0 0 441 149 776 211 414 269 708 316 530 129 0.276514 399 510 3.11628
18.6651 0.200051 0.331341 0 0 0 0 0.320823 0.354476 441 149 768 206 414 269 706 314 530 129 0.276514 399 509 3.20561
18.7318 0.200051 0.330313 0 1 0 0 0.320051 0.331341 209 206 768 206 275 313 706 316 530 129 0.276514 399 509 3.20561
18.7984 0.200051 0.330313 0 1 0 0 0.320051 0.330313 206 208 768 206 274 315 706 316 530 129 0.276514 399 509 3.20561
18.8651 0.200051 0.330313 0 1 0 0 0.320051 0.330313 206 208 769 206 273 315 706 316 502 55 4.23472 399 509 3.17955
18.9317 0.200051 0.330313 0 1 0 0 0.320051 0.330313 206 207 769 205 273 314 706 315 500 71 4.16141 400 510 3.16723
18.9984 0.200051 0.330313 0 1 0 0 0.320051 0.330313 206 208 768 206 273 313 706 315 493 81 4.08737 399 510 3.17955
19.0651 0.200051 0.330313 8 1 0 0 0.320051 0.330313 206 208 769 206 273 313 706 314 497 89 4.02957 400 510 3.18004
19.1318 0.200051 0.330313 8 1 0 0 0.320051 0.330313 206 209 769 207 273 313 706 314 496 95 3.97731 399 511 3.16723
19.1984 0.200051 0.330313 8 1 0 0 0.320051 0.330313 206 209 768 207 273 312 706 313 493 98 3.94148 399 511 3.17955
19.2651 0.200308 0.353191 6 -14 0 0 0.320051 0.330313 206 209 769 207 296 296 706 314 493 98 3.9125 399 511 3.1669
19.3318 0.200308 0.353191 6 -14 0 0 0.320308 0.353191 249 182 769 207 298 296 706 314 493 97 3.9051 399 511 3.1669
19.3984 0.200308 0.353191 6 -14 0 0 0.320308 0.353191 250 181 769 207 298 295 706 314 493 97 3.94889 399 511 3.17955
19.4651 0.200308 0.354476 0 5 0 0 0.320308 0.353191 250 181 769 207 299 295 706 314 493 97 3.94889 399 511 3.16723
19.5317 0.200308 0.354476 0 5 0 0 0.320308 0.354476 250 182 769 207 297 295 706 314 493 97 3.94889 399 511 3.18004
19.5984 0.200308 0.354476 0 5 0 0 0.320308 0.354476 222 197 768 207 279 307 706 314 494 96 3.97044 399 511 3.18053
19.6651 0.200308 0.330827 0 1 0 0 0.320308 0.354476 209 207 768 207 274 311 706 313 493 94 3.95597 399 511 3.11628
19.7318 0.200308 0.330827 0 1 0 0 0.320308 0.330827 208 208 769 207 274 311 706 313 493 94 3.95597 399 511 3.16723
19.7984 0.200308 0.330827 0 1 0 0 0.320308 0.330827 208 208 769 207 274 312 706 314 491 96 3.96982 399 511 3.18004
19.8651 0.200308 0.343937 0 -9 0 0 0.320308 0.330827 210 207 769 207 274 312 706 314 491 96 3.97731 399 510 3.18053
19.9318 0.200308 0.343937 0 -9 0 0 0.320308 0.343937 243 184 769 207 295 297 706 314 491 96 3.9198 399 510 3.17955
19.9984 0.200308 0.352934 0 -3 0 0 0.320308 0.343937 245 184 769 207 295 297 706 314 491 96 3.95639 400 510 3.18004
20.0651 0.200308 0.352934 0 -3 0 0 0.320308 0.343937 245 183 769 207 296 297 706 314 491 96 3.95597 399 511 3.16723
20.1317 0.200308 0.352934 0 -3 0 0 0.320308 0.352934 245 184 769 207 296 296 706 314 491 96 3.95597 399 511 3.16723
20.1984 0.200308 0.354219 1 -14 0 0 0.320308 0.352934 246 184 769 207 297 296 706 314 492 96 3.97044 399 511 3.18004
20.2651 0.200308 0.354219 1 -14 0 0 0.320308 0.352934 248 182 769 207 297 295 706 313 494 96 3.96982 399 511 3.18004
20.3317 0.200308 0.354219 1 -14 0 0 0.320308 0.354219 248 182 769 207 297 295 706 313 493 96 3.96295 399 511 3.16723
20.3984 0.200308 0.354476 0 2 0 0 0.320308 0.354219 248 182 769 207 297 295 706 313 494 96 3.96347 399 511 3.18004
20.4651 0.200308 0.354476 0 2 0 0 0.320308 0.354219 248 183 769 207 298 295 706 313 494 96 3.96347 399 511 3.18004
20.5318 0.200308 0.354476 0 2 0 0 0.320308 0.354476 239 188 768 207 290 299 706 313 493 96 3.94826 400 510 3.14159
20.5984 0.200308 0.344451 1 1 0 0 0.320308 0.354476 228 195 769 207 290 299 706 313 494 96 3.95597 400 510 3.14159
20.6651 0.200308 0.344451 1 1 0 0 0.320308 0.354476 227 195 768 207 286 304 706 313 494 96 3.95555 400 510 3.14159
20.7317 0.200308 0.344451 1 1 0 0 0.320308 0.344451 228 195 768 207 285 304 706 314 494 96 3.96295 400 510 3.14159
20.7984 0.200308 0.350363 0 -15 0 0 0.320308 0.344451 228 195 769 207 285 304 706 313 494 96 3.95555 399 511 3.18004
20.8651 0.200308 0.350363 0 -15 0 0 0.320308 0.350363 244 185 769 207 295 296 706 313 494 96 3.96295 399 511 3.18053
20.9318 0.200308 0.350363 0 -15 0 0 0.320308 0.350363 246 184 769 207 296 295 706 313 494 96 3.96244 399 511 3.14159
20.9984 0.200308 0.353962 1 -18 0 0 0.320308 0.350363 247 184 769 207 296 295 706 313 494 96 3.96244 399 511 3.18053
21.0651 0.200308 0.353962 1 -18 0 0 0.320308 0.353962 247 183 769 207 296 295 706 313 494 96 3.96982 399 511 3.18004
21.1317 0.200308 0.353962 1 -18 0 0 0.320308 0.353962 247 183 769 207 297 295 706 313 494 96 3.95597 399 511 3.18004
21.1984 0.200308 0.354219 0 -18 0 0 0.320308 0.353962 248 183 768 207 297 295 706 314 494 96 3.94857 399 510 3.14159
21.2651 0.200308 0.354219 0 -18 0 0 0.320308 0.354219 248 182 769 207 297 295 706 313 494 96 3.96295 400 510 3.14159
21.3318 0.200308 0.354219 0 -18 0 0 0.320308 0.354219 248 182 768 207 297 295 706 314 494 96 3.96295 399 511 3.16723
21.3984 0.200308 0.354476 1 1 0 0 0.320308 0.354219 248 182 769 207 297 295 706 314 494 96 3.96295 399 510 3.14159
21.4651 0.200308 0.354476 1 1 0 0 0.320308 0.354476 248 183 769 207 296 296 706 314 494 96 3.94128 400 510 3.14159
21.5317 0.200308 0.35062 1 2 0 0 0.320308 0.354476 241 187 769 207 293 298 706 314 494 96 3.95555 400 510 3.14159
21.5984 0.200308 0.35062 1 2 0 0 0.320308 0.354476 241 187 769 207 293 298 706 314 494 96 3.95555 400 510 3.14159
21.6651 0.200308 0.35062 1 2 0 0 0.320308 0.35062 241 187 769 207 293 298 706 314 494 96 3.95555 399 511 3.16723
21.7318 0.200308 0.352934 1 -16 0 0 0.320308 0.35062 241 187 769 207 293 298 706 313 494 96 3.96244 399 511 3.18004
21.7984 0.200308 0.352934 1 -16 0 0 0.320308 0.35062 243 186 769 207 295 296 706 313 494 96 3.95597 400 510 3.14159
21.8651 0.200308 0.352934 1 -16 0 0 0.320308 0.352934 246 184 769 207 297 296 706 313 494 96 3.96295 399 511 3.16723
21.9318 0.200051 0.353705 0 -18 0 0 0.320308 0.352934 247 183 769 207 297 295 706 313 494 96 3.95555 399 511 3.16723
21.9984 0.200051 0.353705 0 -18 0 0 0.320308 0.352934 247 183 769 207 297 295 706 313 494 96 3.94857 399 511 3.18004
22.0651 0.200051 0.353705 0 -18 0 0 0.320051 0.353705 247 183 769 207 297 295 706 313 494 96 3.97044 399 511 3.18004
22.1317 0.200308 0.354476 0 -10 0 0 0.320051 0.353705 247 183 769 207 297 295 706 313 494 96 3.94857 400 510 3.14159
22.1984 0.200308 0.354476 0 -10 0 0 0.320051 0.353705 248 182 768 207 297 295 706 313 494 96 3.96295 399 510 3.14159
22.2651 0.200308 0.354476 0 -10 0 0 0.320308 0.354476 248 182 769 207 297 295 706 313 494 96 3.96295 400 510 3.14159
22.3318 0.200308 0.354219 0 0 0 0 0.320308 0.354476 248 182 769 207 297 295 706 313 494 96 3.96295 400 510 3.14159
22.3984 0.200308 0.354219 0 0 0 0 0.320308 0.354219 248 182 769 207 297 295 706 313 494 96 3.96295 400 510 3.14159
22.4651 0.200308 0.354219 0 0 0 0 0.320308 0.354219 246 184 769 207 297 296 706 313 494 96 3.96295 400 510 3.14159
22.5318 0.200308 0.353191 0 1 0 0 0.320308 0.354219 246 184 769 207 297 296 706 313 494 96 3.95555 399 510 3.14159
22.5984 0.200308 0.353191 0 1 0 0 0.320308 0.353191 246 184 769 207 297 296 706 313 494 96 3.95555 399 510 3.14159
22.6651 0.200308 0.353191 0 1 0 0 0.320308 0.353191 246 184 768 207 297 296 706 313 494 96 3.96295 399 511 3.18004
22.7318 0.200308 0.353962 0 -14 0 0 0.320308 0.353191 246 184 769 207 297 296 706 313 494 96 3.96295 399 510 3.14159
22.7984 0.200308 0.353962 0 -14 0 0 0.320308 0.353962 247 183 769 207 297 295 706 313 494 96 3.94889 399 511 3.18004
22.8651 0.200308 0.353962 0 -14 0 0 0.320308 0.353962 248 183 769 207 297 295 706 313 494 96 3.96295 399 511 3.18004
22.9318 0.200051 0.354476 0 -8 0 0 0.320308 0.353962 248 183 769 207 297 295 706 313 494 96 3.96295 399 511 3.18004
22.9984 0.200051 0.354476 0 -8 0 0 0.320051 0.354476 248 182 769 207 297 295 706 314 494 96 3.96295 399 511 3.16723
23.0651 0.200051 0.353448 0 1 0 0 0.320051 0.354476 248 182 769 207 297 295 706 313 494 96 3.96295 400 510 3.14159
23.1318 0.200051 0.353448 0 1 0 0 0.320051 0.354476 247 183 769 207 297 296 706 314 494 96 3.96295 399 510 3.14159
23.1984 0.200051 0.353448 0 1 0 0 0.320051 0.353448 247 183 769 207 297 296 706 313 494 96 3.96295 399 511 3.16723
23.2651 0.200308 0.353448 0 -7 0 0 0.320051 0.353448 246 183 769 207 297 296 706 313 494 96 3.94128 399 511 3.18004
23.3317 0.200308 0.353448 0 -7 0 0 0.320051 0.353448 247 183 769 207 297 296 706 313 494 96 3.96295 400 510 3.14159
23.3984 0.200308 0.353448 0 -7 0 0 0.320308 0.353448 247 183 769 207 297 295 706 313 494 96 3.96295 399 510 3.14159
23.4651 0.200308 0.353705 1 -8 0 0 0.320308 0.353448 247 183 769 207 297 295 706 314 494 96 3.96347 400 510 3.14159
23.5317 0.200308 0.353705 1 -8 0 0 0.320308 0.353448 247 183 769 207 297 295 706 313 494 96 3.95555 399 511 3.16723
23.5984 0.200308 0.353705 1 -8 0 0 0.320308 0.353705 247 183 769 207 297 295 706 313 494 96 3.95555 399 511 3.16723
23.6651 0.200051 0.353705 0 2 0 0 0.320308 0.353705 247 183 768 207 297 295 706 313 494 96 3.96295 400 510 3.14159
23.7317 0.200051 0.353705 0 2 0 0 0.320308 0.353705 247 183 768 207 297 295 706 313 494 96 3.96347 399 511 3.18004
23.7984 0.200051 0.353705 0 2 0 0 0.320051 0.353705 247 183 769 207 297 295 706 313 494 96 3.96295 399 511 3.16723
23.8651 0.200308 0.353448 0 2 0 0 0.320051 0.353705 247 183 768 207 297 295 706 313 494 96 3.95555 399 511 3.16723
23.9317 0.200308 0.353448 0 2 0 0 0.320051 0.353705 247 183 768 207 297 295 706 313 494 96 3.96295 399 510 3.14159
23.9984 0.200308 0.353448 0 2 0 0 0.320308 0.353448 247 183 769 207 297 295 706 313 494 96 3.96295 400 510 3.14159
24.0651 0.200308 0.353448 0 2 0 0 0.320308 0.353448 247 183 769 207 297 295 706 313 494 96 3.94857 399 511 3.18004
24.1317 0.200308 0.353448 0 2 0 0 0.330051 0.363705 247 183 769 207 297 295 706 313 494 96 3.95555 399 511 3.16723
24.1984 0.200308 0.353448 0 2 0 0 0.330051 0.363705 247 183 769 207 297 295 706 313 494 96 3.95555 399 511 3.18004
24.2651 0.200308 0.353448 0 2 0 0 0.330051 0.363705 247 183 769 207 297 295 706 313 494 96 3.96295 400 510 3.14159
24.3318 0.200308 0.353705 0 0 0 0 0.330051 0.363705 247 183 769 207 297 295 706 313 494 96 3.96295 399 511 3.18004
24.3984 0.200308 0.353705 0 0 0 0 0.330051 0.363705 247 183 769 207 297 295 706 313 494 96 3.96295 399 510 3.14159
24.4651 0.200308 0.353705 0 0 0 0 0.330051 0.363705 247 183 769 207 297 295 706 314 494 96 3.9198 399 511 3.16723
24.5317 0.200308 0.353705 0 0 0 0 0.330051 0.363705 247 183 758 199 297 295 697 307 494 96 3.94857 400 510 3.18004
24.5984 0.20802 0.353448 7 0 0 0 0.330051 0.363705 247 182 752 194 297 296 696 306 494 96 3.94857 400 510 3.18004
24.6651 0.20802 0.353448 7 0 0 0 0.340051 0.373705 247 182 751 193 297 296 696 306 494 96 3.94889 400 510 3.18004
24.7317 0.20802 0.353448 7 0 0 0 0.340051 0.373705 247 183 751 194 298 296 696 306 494 96 3.94857 400 510 3.18004
24.7984 0.20802 0.353448 7 0 0 0 0.340051 0.373705 265 174 751 193 308 289 696 306 494 96 3.95597 399 510 3.18053
24.8651 0.20802 0.353448 7 0 0 0 0.340051 0.373705 267 173 751 194 309 289 696 305 494 97 3.94148 400 510 3.18004
24.9318 0.209562 0.363216 5 -11 0 0 0.340051 0.373705 268 173 751 194 310 288 696 306 494 96 3.95597 400 510 3.14159
24.9984 0.209562 0.363216 5 -11 0 0 0.340051 0.373705 268 173 747 192 309 289 690 301 494 96 3.95597 399 511 3.1166
25.0651 0.209562 0.363216 5 -11 0 0 0.340051 0.373705 268 173 734 184 310 288 685 298 494 96 3.96982 399 511 3.12925
25.1318 0.209562 0.363216 5 -11 0 0 0.350051 0.383705 268 174 732 183 310 288 684 297 494 96 3.95555 399 511 3.18053
25.1984 0.21933 0.363473 9 -6 0 0 0.350051 0.383705 268 174 732 183 310 288 684 298 494 96 3.96244 399 511 3.18053
25.2651 0.21933 0.363473 9 -6 0 0 0.350051 0.383705 287 166 732 183 322 282 684 297 494 96 3.96982 400 511 3.14159
25.3318 0.21933 0.363473 9 -6 0 0 0.350051 0.383705 291 164 731 183 323 282 684 298 494 96 3.96295 400 511 3.14159
25.3984 0.21933 0.363473 9 -6 0 0 0.350051 0.383705 291 164 731 183 324 283 684 298 494 95 3.96347 400 511 3.18004
25.4651 0.21933 0.373241 1 -8 0 0 0.350051 0.383705 291 164 731 182 324 282 683 297 494 96 3.96295 399 511 3.18004
25.5318 0.21933 0.373241 1 -8 0 0 0.350051 0.383705 291 163 714 173 324 283 674 293 494 95 3.94857 400 510 3.18004
25.5984 0.21933 0.373241 1 -8 0 0 0.360051 0.393705 291 163 713 172 324 283 673 292 494 96 3.94889 400 510 3.18004
25.6651 0.21933 0.373241 1 -8 0 0 0.360051 0.393705 292 163 713 172 324 283 673 292 494 96 3.95597 399 510 3.18053
25.7318 0.21933 0.373241 1 -8 0 0 0.360051 0.393705 303 159 713 172 335 279 673 292 494 96 3.94857 399 510 3.18004
25.7984 0.229355 0.381981 7 -17 0 0 0.360051 0.393705 313 156 713 172 337 278 673 292 494 96 3.94857 399 510 3.17955
25.8651 0.229355 0.381981 7 -17 0 0 0.360051 0.393705 314 156 713 172 337 277 673 292 494 96 3.95597 400 510 3.18004
25.9318 0.229355 0.381981 7 -17 0 0 0.360051 0.393705 315 157 713 173 337 277 673 292 494 96 3.95597 400 510 3.18004
25.9984 0.229355 0.381981 7 -17 0 0 0.360051 0.393705 315 157 694 165 337 277 661 285 494 96 3.94857 400 510 3.14159
26.0651 0.237838 0.383523 7 -10 0 0 0.370051 0.405 315 157 692 165 337 277 661 285 494 96 3.96347 400 510 3.14159
26.1318 0.237838 0.383523 7 -10 0 0 0.370051 0.405 315 157 692 165 337 277 660 286 494 96 3.96295 399 511 3.18004
26.1984 0.237838 0.383523 7 -10 0 0 0.370051 0.405 319 156 691 165 345 275 660 285 494 96 3.95555 400 510 3.14159
26.2651 0.237838 0.383523 7 -10 0 0 0.370051 0.405 336 152 692 165 351 273 660 285 494 96 3.96295 400 510 3.14159
26.3317 0.239638 0.393291 7 -15 0 0 0.370051 0.405 338 152 692 165 352 273 660 285 494 96 3.96347 400 510 3.14159
26.3984 0.239638 0.393291 7 -15 0 0 0.370051 0.405 339 152 692 164 352 273 660 285 494 96 3.95597 400 510 3.14159
26.4651 0.239638 0.393291 7 -15 0 0 0.370051 0.405 339 152 676 159 352 273 648 281 494 96 3.97044 399 511 3.12909
26.5317 0.239638 0.393291 7 -15 0 0 0.380051 0.405 339 151 670 157 353 274 648 281 494 96 3.96295 399 511 3.17955
26.5984 0.239638 0.393291 7 -15 0 0 0.380051 0.405 339 151 670 157 352 274 647 281 494 95 3.95597 399 511 3.1669
26.6651 0.249406 0.393548 9 -6 0 0 0.380051 0.405 340 151 669 156 356 273 647 281 494 96 3.94148 399 511 3.17955
26.7318 0.249406 0.393548 9 -6 0 0 0.380051 0.405 364 147 670 156 367 271 647 281 494 95 3.95597 400 511 3.18004
26.7984 0.249406 0.393548 9 -6 0 0 0.380051 0.405 367 147 669 157 369 270 647 281 494 95 3.96295 400 511 3.18004
26.8651 0.249406 0.393548 9 -6 0 0 0.380051 0.405 367 147 669 157 370 270 647 281 494 96 3.94148 400 511 3.18004
26.9318 0.249406 0.404601 1 -12 0 0 0.380051 0.405 367 147 662 155 370 270 638 279 494 96 3.94148 400 510 3.16723
26.9984 0.249406 0.404601 1 -12 0 0 0.380051 0.405 368 147 648 151 370 270 634 277 494 96 3.95597 400 510 3.18004
27.0651 0.249406 0.404601 1 -12 0 0 0.390051 0.405 368 147 646 150 370 270 633 277 494 96 3.95597 400 510 3.18004
27.1317 0.249406 0.404601 1 -12 0 0 0.390051 0.405 368 147 646 150 370 270 633 277 494 96 3.94857 400 510 3.18004
27.1984 0.259688 0.404601 9 -12 0 0 0.390051 0.405 367 148 646 151 370 270 633 277 494 96 3.96295 400 510 3.14159
27.2651 0.259688 0.404601 9 -12 0 0 0.390051 0.405 368 148 646 151 370 270 633 277 494 96 3.94857 399 511 3.16723
27.3317 0.259688 0.404601 9 -12 0 0 0.390051 0.405 368 148 647 151 370 270 633 277 494 96 3.96295 399 511 3.18004
27.3984 0.259688 0.404601 9 -12 0 0 0.390051 0.405 368 148 644 151 370 270 628 276 494 96 3.94857 399 511 3.18053
27.4651 0.267913 0.404858 7 -1 0 0 0.390051 0.405 368 148 624 148 370 269 620 273 494 96 3.96922 400 511 3.14159
27.5317 0.267913 0.404858 7 -1 0 0 0.41 0.405 367 148 623 148 370 270 619 273 494 96 3.96922 400 511 3.16723
27.5984 0.267913 0.404858 7 -1 0 0 0.41 0.405 368 148 622 147 370 270 619 273 494 96 3.96244 399 511 3.1166
27.6651 0.267913 0.404858 7 -1 0 0 0.41 0.405 368 148 622 147 370 270 619 273 494 96 3.96244 399 510 3.14159
27.7318 0.267913 0.404858 7 -1 0 0 0.41 0.405 368 148 622 147 370 270 619 274 494 96 3.97044 399 511 3.18004
27.7984 0.269456 0.404601 7 -20 0 0 0.41 0.405 368 147 622 147 370 270 619 274 494 96 3.97044 400 510 3.14159
27.8651 0.269456 0.404601 7 -20 0 0 0.41 0.405 368 148 622 147 370 270 616 274 494 96 3.94128 399 511 3.17955
27.9318 0.269456 0.404601 7 -20 0 0 0.41 0.405 368 148 577 144 370 270 592 271 494 96 3.94128 399 512 3.18004
27.9984 0.269456 0.404601 7 -20 0 0 0.389456 0.404601 367 148 579 145 370 270 592 271 460 98 4.06313 399 511 3.14159
28.0651 0.289249 0.404858 13 -9 0 0 0.389456 0.404601 368 147 578 145 370 270 592 271 458 97 4.24874 399 511 3.14159
28.1317 0.289249 0.404858 13 -9 0 0 0.409249 0.404858 368 147 578 145 370 270 592 272 459 93 4.52089 399 511 3.12909
28.1984 0.289249 0.404858 13 -9 0 0 0.409249 0.404858 368 147 578 145 370 270 592 271 453 94 4.70239 399 511 3.18004
28.2651 0.289249 0.404858 10 -9 0 0 0.409249 0.404858 368 148 578 145 370 270 592 272 456 92 4.87754 399 511 3.18004
28.3317 0.289249 0.404858 10 -9 0 0 0.409249 0.404858 368 148 578 145 370 270 592 271 455 93 4.92559 399 510 3.14159
28.3984 0.289249 0.404858 10 -9 0 0 0.409249 0.404858 368 147 583 144 370 271 600 272 456 93 4.91989 400 512 3.18004
28.4651 0.270741 0.404601 0 2 0 0 0.409249 0.404858 368 146 622 146 370 272 618 276 456 91 4.94992 400 512 3.17955
28.5317 0.270741 0.404601 0 2 0 0 0.390741 0.404601 368 146 623 146 370 272 619 275 456 91 4.93996 400 511 3.18004
28.5984 0.270741 0.404601 0 2 0 0 0.390741 0.404601 368 146 622 146 370 271 619 275 455 91 4.92994 399 511 3.19283
28.6651 0.269713 0.404601 1 3 0 0 0.390741 0.404601 368 147 622 146 370 271 619 274 456 92 4.94992 399 511 3.1669
28.7318 0.269713 0.404601 1 3 0 0 0.390741 0.404601 368 147 622 146 370 271 595 271 456 92 4.93767 400 511 3.15409
28.7984 0.288735 0.404601 10 -2 0 0 0.390741 0.404601 368 148 575 145 370 270 590 271 455 93 4.92348 399 511 3.14159
28.8651 0.288735 0.404601 10 -2 0 0 0.390741 0.404601 368 148 575 146 370 270 591 270 455 93 4.92348 399 511 3.15425
28.9317 0.288735 0.404601 10 -2 0 0 0.390741 0.404601 368 148 575 146 370 270 590 271 455 93 4.92348 400 511 3.15409
28.9984 0.277681 0.404601 -1 0 0 0 0.390741 0.404601 368 148 575 145 370 270 591 271 456 92 4.91573 399 511 3.16723
29.0651 0.277681 0.404601 -1 0 0 0 0.390741 0.404601 368 146 575 145 370 271 612 274 456 92 4.93218 399 510 3.17955
29.1318 0.277681 0.404601 -1 0 0 0 0.390741 0.404601 368 146 618 145 370 271 616 275 456 92 4.92422 399 510 3.17955
29.1984 0.270998 0.404601 0 3 0 0 0.390741 0.404601 367 146 619 146 370 271 617 275 456 92 4.92203 399 510 3.18004
29.2651 0.270998 0.404601 0 3 0 0 0.390741 0.404601 368 147 619 146 370 271 617 274 455 93 4.92994 400 510 3.16723
29.3318 0.270998 0.404601 0 3 0 0 0.390741 0.404601 368 147 619 146 370 270 617 274 456 93 4.91989 399 510 3.12925
29.3984 0.270998 0.404601 0 2 0 0 0.390741 0.404601 367 147 619 146 370 270 617 273 456 93 4.93218 399 510 3.12925
29.4651 0.270998 0.404601 0 2 0 0 0.390741 0.404601 368 148 619 147 370 270 617 273 455 93 4.92775 400 510 3.14159
29.5318 0.270998 0.404601 0 2 0 0 0.390741 0.404601 368 148 619 147 370 270 617 273 456 93 4.92994 399 511 3.18004
29.5984 0.270998 0.404601 0 3 0 0 0.390741 0.404601 368 148 619 147 370 270 617 273 456 93 4.93767 399 511 3.18004
29.6651 0.270998 0.404601 0 3 0 0 0.390741 0.404601 368 148 619 147 370 270 617 274 456 93 4.93767 399 511 3.18004
29.7318 0.270998 0.404601 0 3 0 0 0.390741 0.404601 368 148 619 147 370 270 617 273 456 93 4.93767 399 511 3.18004
29.7984 0.270998 0.404601 0 3 0 0 0.390741 0.404601 368 148 619 147 370 270 617 273 456 93 4.93767 399 511 3.18004
29.865 0.270998 0.404601 0 3 0 0 0.390741 0.404601 368 148 619 147 370 270 617 273 456 93 4.93767 399 511 3.16723
29.9317 0.270998 0.404601 0 3 0 0 0.390741 0.404601 368 148 619 147 370 270 617 273 456 93 4.91989 400 510 3.14159
29.9984 0.270998 0.404601 0 2 0 0 0.390741 0.404601 368 148 619 147 370 270 617 273 455 93 4.92775 399 510 3.12909
30.0651 0.270998 0.404601 0 2 0 0 0.390741 0.404601 368 148 619 147 370 270 617 273 456 93 4.93218 399 510 3.14159
30.1318 0.270998 0.404601 0 2 0.2 0.2 0.390941 0.404801 368 148 619 147 370 270 617 273 456 93 4.93767 399 511 3.18004
30.1984 0.270998 0.404601 0 2 0.2 0.2 0.391141 0.405001 368 148 619 147 370 270 617 273 456 93 4.93767 399 511 3.18004
30.265 0.270998 0.404601 0 2 0.2 0.2 0.391341 0.405201 368 148 619 147 370 270 617 273 456 93 4.93767 399 511 3.18004
30.3317 0.270998 0.404601 0 2 0.2 0.2 0.391541 0.405401 368 148 619 147 370 270 617 273 455 93 4.92775 400 510 3.14159
30.3984 0.270998 0.404601 0 2 0.2 0.2 0.391741 0.405601 368 148 619 147 370 270 617 273 456 93 4.91989 399 511 3.16723
30.4651 0.270998 0.404601 0 2 0.2 0.2 0.391941 0.405801 368 148 619 147 370 270 617 273 456 93 4.93767 399 511 3.18004
30.5317 0.270998 0.404601 2 2 0.2 0.2 0.392141 0.406001 368 148 619 147 370 270 617 273 456 93 4.91989 399 511 3.18004
30.5984 0.270998 0.404601 2 2 0.2 0.2 0.392341 0.406201 368 148 619 147 370 270 617 273 455 93 4.92775 399 511 3.16723
30.6651 0.270998 0.404601 2 2 0.2 0.2 0.392541 0.406401 368 148 619 147 370 270 617 273 455 93 4.92775 399 511 3.18004
30.7317 0.270998 0.404858 4 -18 0.2 0.2 0.392741 0.406601 368 148 619 147 370 270 617 273 456 93 4.93767 399 510 3.14159
30.7984 0.270998 0.404858 4 -18 0.2 0.2 0.392941 0.406801 368 148 619 147 370 270 617 273 455 93 4.92775 399 511 3.16723
30.8651 0.270998 0.404858 4 -18 0.2 0.2 0.393141 0.407001 368 147 619 147 370 270 617 273 456 93 4.92994 399 510 3.14159
30.9317 0.271769 0.404858 10 -21 0.2 0.2 0.393341 0.407201 368 148 619 147 370 270 617 273 456 93 4.91989 399 510 3.14159
30.9984 0.271769 0.404858 10 -21 0.2 0.2 0.393541 0.407401 368 148 617 147 370 270 616 273 456 93 4.93767 399 511 3.18004
31.0651 0.271769 0.404858 10 -21 0.2 0.2 0.393741 0.407601 368 148 617 147 370 270 616 273 456 93 4.93767 399 511 3.18004
31.1318 0.271769 0.405887 10 -24 0.2 0.2 0.393941 0.407801 369 147 617 147 371 270 616 273 456 93 4.93767 399 511 3.18004
31.1984 0.271769 0.405887 10 -24 0.2 0.2 0.394141 0.408001 370 147 617 147 371 270 616 273 456 93 4.93767 399 511 3.18004
31.2651 0.271769 0.405887 10 -24 0.2 0.2 0.394341 0.408201 370 147 617 147 371 270 615 273 456 93 4.92994 399 511 3.18004
31.3318 0.272797 0.405887 8 -18 0.2 0.2 0.394541 0.408401 370 147 614 146 371 270 614 272 456 93 4.93218 399 511 3.18004
31.3984 0.272797 0.405887 8 -18 0.2 0.2 0.394741 0.408601 370 147 614 146 371 270 613 272 456 93 4.92994 399 511 3.18004
31.4651 0.272797 0.405887 8 -18 0.2 0.2 0.394941 0.408801 372 147 614 146 373 270 614 273 457 93 4.92559 399 511 3.18004
31.5317 0.272797 0.406915 17 -26 0.2 0.2 0.395141 0.409001 373 147 614 146 373 270 614 273 458 93 4.93996 399 510 3.14159
31.5984 0.272797 0.406915 17 -26 0.2 0.2 0.395341 0.409201 373 147 613 146 373 270 612 272 458 93 4.92775 399 510 3.14159
31.6651 0.272797 0.406915 17 -26 0.2 0.2 0.395541 0.409401 373 147 612 146 373 270 612 273 458 94 4.92775 399 511 3.18004
31.7318 0.273826 0.407686 15 -24 0.2 0.2 0.395741 0.409601 373 147 612 146 373 270 612 273 458 93 4.92775 399 511 3.16723
31.7984 0.273826 0.407686 15 -24 0.2 0.2 0.395941 0.409801 375 147 612 146 374 269 612 273 461 94 4.92775 400 510 3.14159
31.8651 0.27434 0.407943 12 -25 0.2 0.2 0.396141 0.410001 375 147 612 146 374 269 612 272 461 93 4.92775 400 510 3.14159
31.9318 0.27434 0.407943 12 -25 0.2 0.2 0.396341 0.410201 375 147 611 146 374 269 611 272 461 93 4.92775 399 511 3.16723
31.9984 0.27434 0.407943 12 -25 0.2 0.2 0.396541 0.410401 375 147 610 146 374 270 611 273 461 93 4.92775 399 511 3.16723
32.0651 0.274597 0.408714 10 -25 0.2 0.2 0.396741 0.410601 375 147 610 146 375 270 611 273 461 93 4.92775 399 511 3.18004
32.1317 0.274597 0.408714 10 -25 0.2 0.2 0.396941 0.410801 377 146 610 146 376 269 611 273 463 93 4.92775 399 511 3.16723
32.1984 0.274597 0.408714 10 -25 0.2 0.2 0.397141 0.411001 377 146 610 145 376 269 611 273 464 94 4.91778 399 511 3.16723
32.2651 0.275625 0.408714 7 -17 0.2 0.2 0.397341 0.411201 377 146 608 146 376 269 610 272 464 94 4.91778 399 511 3.18004
32.3317 0.275625 0.408714 7 -17 0.2 0.2 0.397541 0.411401 378 147 608 146 376 269 610 272 464 94 4.91778 399 511 3.18004
32.3984 0.275625 0.408714 7 -17 0.2 0.2 0.397741 0.411601 378 147 608 146 377 269 610 272 465 93 4.91778 399 511 3.18004
32.4651 0.275882 0.409742 15 -24 0.2 0.2 0.397941 0.411801 380 147 608 146 377 269 610 272 467 93 4.91573 399 511 3.18004
32.5317 0.275882 0.409742 15 -24 0.2 0.2 0.398141 0.412001 380 147 608 146 377 269 610 272 467 93 4.90582 399 511 3.18004
32.5984 0.275882 0.409742 15 -24 0.2 0.2 0.398341 0.412201 380 147 607 145 377 269 609 272 467 93 4.90582 400 510 3.14159
32.6651 0.276396 0.410256 7 -23 0.2 0.2 0.398541 0.412401 380 146 606 146 377 269 609 272 467 94 4.91989 399 511 3.16723
32.7317 0.276396 0.410256 7 -23 0.2 0.2 0.398741 0.412601 381 146 606 146 378 269 609 272 469 94 4.89774 399 510 3.12925
32.7984 0.276396 0.410256 7 -23 0.2 0.2 0.398941 0.412801 382 146 606 146 378 269 609 272 470 93 4.91778 399 511 3.18004
32.8651 0.277167 0.410513 8 -22 0.2 0.2 0.399141 0.413001 382 147 606 146 378 269 609 272 470 93 4.90582 399 511 3.18004
32.9318 0.277167 0.410513 8 -22 0.2 0.2 0.399341 0.413201 381 146 604 145 378 269 608 272 470 93 4.90582 399 511 3.18004
32.9984 0.277167 0.410513 8 -22 0.2 0.2 0.399541 0.413401 382 147 604 145 378 269 608 272 470 93 4.90582 399 511 3.18004
33.0651 0.277424 0.411542 9 -22 0.2 0.2 0.399741 0.413601 384 146 604 145 380 269 608 272 472 93 4.90582 399 511 3.18004
33.1318 0.277424 0.411542 9 -22 0.2 0.2 0.399941 0.413801 385 147 604 145 380 269 608 272 472 94 4.90778 399 511 3.18004
33.1984 0.277424 0.411542 9 -22 0.2 0.2 0.400141 0.414001 385 147 603 145 380 269 607 272 472 94 4.90778 399 511 3.18004
33.2651 0.278453 0.411542 13 -22 0.2 0.2 0.400341 0.414201 385 147 602 145 380 269 606 272 472 94 4.90778 399 510 3.12909
33.3318 0.278453 0.411542 13 -22 0.2 0.2 0.400541 0.414401 385 147 601 145 380 269 606 272 472 93 4.90978 400 510 3.14159
33.3984 0.278453 0.411542 13 -22 0.2 0.2 0.400741 0.414601 387 147 601 145 382 269 606 272 476 94 4.89774 399 510 3.12925
33.4651 0.278453 0.41257 16 -21 0.2 0.2 0.400941 0.414801 387 146 601 145 382 269 606 272 476 94 4.89587 399 511 3.16723
33.5317 0.278453 0.41257 16 -21 0.2 0.2 0.401141 0.415001 387 146 601 145 382 269 606 272 476 94 4.89587 399 511 3.18004
33.5984 0.279224 0.413084 13 -21 0.2 0.2 0.401341 0.415201 387 146 600 145 382 269 605 272 476 94 4.89587 399 511 3.18004
33.6651 0.279224 0.413084 13 -21 0.2 0.2 0.401541 0.415401 387 146 600 145 382 269 605 272 476 94 4.88766 399 511 3.18004
33.7317 0.279224 0.413084 13 -21 0.2 0.2 0.401741 0.415601 389 147 600 145 383 269 605 272 477 94 4.88588 399 511 3.18004
33.7984 0.279995 0.413341 13 -22 0.2 0.2 0.401941 0.415801 389 146 600 145 383 269 605 272 478 94 4.89587 399 511 3.18004
33.8651 0.279995 0.413341 13 -22 0.2 0.2 0.402141 0.416001 389 146 598 145 383 269 604 272 478 94 4.89587 399 511 3.18004
33.9318 0.279995 0.413341 13 -22 0.2 0.2 0.402341 0.416201 389 146 598 145 383 269 604 272 478 94 4.89587 399 511 3.18004
33.9984 0.280252 0.414369 10 -21 0.2 0.2 0.402541 0.416401 390 147 598 145 384 269 604 272 479 94 4.87587 399 511 3.18004
34.0651 0.280252 0.414369 10 -21 0.2 0.2 0.402741 0.416601 392 146 598 145 385 269 604 272 481 94 4.89587 399 511 3.18004
34.1317 0.280252 0.414369 10 -21 0.2 0.2 0.402941 0.416801 392 146 598 145 385 269 604 272 481 94 4.88766 399 511 3.18004
34.1984 0.28128 0.414369 15 -25 0.2 0.2 0.403141 0.417001 392 146 596 145 385 269 603 271 481 94 4.88766 399 511 3.18004
34.2651 0.28128 0.414369 15 -25 0.2 0.2 0.403341 0.417201 392 146 596 145 385 269 603 272 481 94 4.88766 399 511 3.18004
34.3318 0.28128 0.414369 15 -25 0.2 0.2 0.403541 0.417401 394 146 596 145 386 269 603 272 483 94 4.88946 399 511 3.16723
34.3984 0.28128 0.415397 14 -23 0.2 0.2 0.403741 0.417601 394 146 595 145 386 269 603 272 484 94 4.87754 399 511 3.16723
34.4651 0.28128 0.415397 14 -23 0.2 0.2 0.403941 0.417801 395 146 595 145 386 269 602 272 484 94 4.88766 399 511 3.18004
34.5318 0.28128 0.415397 14 -23 0.2 0.2 0.404141 0.418001 395 146 593 145 386 269 601 272 484 94 4.87754 399 511 3.18004
34.5984 0.282308 0.415912 11 -20 0.2 0.2 0.404341 0.418201 395 146 593 145 386 268 601 272 484 94 4.88766 399 511 3.18004
34.6651 0.282308 0.415912 11 -20 0.2 0.2 0.404541 0.418401 397 146 593 145 387 269 601 271 487 94 4.87754 399 511 3.18004
34.7318 0.282308 0.415912 11 -20 0.2 0.2 0.404741 0.418601 397 146 593 145 387 269 601 272 487 94 4.87754 399 511 3.18004
34.7984 0.28308 0.416426 13 -22 0.2 0.2 0.404941 0.418801 397 146 592 145 388 268 600 272 487 94 4.87587 399 511 3.18004
34.8651 0.28308 0.416426 13 -22 0.2 0.2 0.405141 0.419001 397 146 591 145 388 268 600 272 487 94 4.86739 399 511 3.18004
34.9318 0.28308 0.416426 13 -22 0.2 0.2 0.405341 0.419201 397 146 591 145 388 268 600 272 487 94 4.87587 399 511 3.18004
34.9984 0.283337 0.417197 15 -24 0.2 0.2 0.405541 0.419401 399 146 591 145 389 269 600 271 490 94 4.87587 399 511 3.18004
35.065 0.283337 0.417197 15 -24 0.2 0.2 0.405741 0.419602 400 146 591 145 389 268 600 271 490 95 4.86739 399 511 3.16723
35.1317 0.284108 0.417454 9 -19 0.2 0.2 0.405941 0.419802 400 146 590 145 389 268 599 271 490 94 4.86581 399 511 3.16723
35.1984 0.284108 0.417454 9 -19 0.2 0.2 0.406141 0.420002 400 146 589 145 390 269 599 272 490 94 4.86581 399 511 3.18004
35.2651 0.284108 0.417454 9 -19 0.2 0.2 0.406341 0.420202 400 146 589 145 390 269 599 272 490 94 4.86581 399 511 3.18004
35.3318 0.284365 0.418225 19 -25 0.2 0.2 0.406541 0.420402 402 146 589 145 390 269 599 272 492 95 4.8572 399 511 3.18004
35.3984 0.284365 0.418225 19 -25 0.2 0.2 0.406741 0.420602 402 146 589 145 390 269 599 272 492 95 4.86739 399 511 3.18004
35.4651 0.284365 0.418225 19 -25 0.2 0.2 0.406941 0.420802 402 146 587 145 390 269 598 271 492 95 4.86739 399 511 3.18004
35.5317 0.285393 0.418739 9 -22 0.2 0.2 0.407141 0.421002 402 146 587 145 390 269 597 271 492 95 4.86739 399 511 3.18004
35.5984 0.285393 0.418739 9 -22 0.2 0.2 0.407341 0.421202 402 147 586 145 390 269 597 271 493 95 4.84699 399 511 3.18004
35.6651 0.285393 0.418739 9 -22 0.2 0.2 0.407541 0.421402 404 147 586 145 390 269 597 271 495 95 4.85429 399 510 3.14159
35.7318 0.285907 0.419253 15 -24 0.2 0.2 0.407741 0.421602 404 146 586 145 392 268 597 271 495 95 4.86427 399 510 3.14159
35.7984 0.285907 0.419253 15 -24 0.2 0.2 0.407941 0.421802 404 147 584 145 392 268 596 271 495 95 4.85573 399 511 3.16723
35.8651 0.285907 0.419253 15 -24 0.2 0.2 0.408141 0.422002 404 146 584 145 392 269 596 271 495 95 4.86739 399 511 3.18004
35.9318 0.286164 0.420024 15 -30 0.2 0.2 0.408341 0.422202 405 146 585 145 392 269 596 271 496 95 4.84562 399 511 3.18004
35.9984 0.286164 0.420024 15 -30 0.2 0.2 0.408541 0.422402 405 146 585 145 393 269 596 271 496 95 4.85573 399 511 3.18004
36.0651 0.286164 0.420024 15 -30 0.2 0.2 0.408741 0.422602 405 146 585 145 393 269 596 271 496 95 4.85573 399 511 3.18004
36.1318 0.287192 0.420024 16 -29 0.2 0.2 0.408941 0.422802 405 146 585 145 393 269 596 271 496 95 4.84562 399 511 3.18004
36.1984 0.287192 0.420024 16 -29 0.2 0.2 0.409141 0.423002 405 147 585 145 392 269 596 271 496 95 4.84562 399 511 3.18004
36.2651 0.287192 0.420024 16 -29 0.2 0.2 0.409341 0.423202 405 147 585 145 392 269 596 271 496 94 4.85573 399 511 3.18004
36.3318 0.287192 0.421053 19 -33 0.2 0.2 0.409541 0.423402 405 147 585 145 393 268 596 271 496 94 4.85573 399 511 3.18004
36.3984 0.287192 0.421053 19 -33 0.2 0.2 0.409741 0.423602 406 146 585 145 393 268 597 272 496 95 4.85573 399 511 3.18004
36.4651 0.287192 0.421053 19 -33 0.2 0.2 0.409941 0.423802 406 147 585 145 393 268 596 271 496 95 4.85573 399 511 3.18004
36.5317 0.287964 0.421567 26 -37 0.2 0.2 0.410141 0.424002 405 146 585 145 393 268 596 271 496 95 4.85573 399 511 3.18004
36.5984 0.287964 0.421567 26 -37 0.2 0.2 0.410341 0.424202 406 146 585 145 393 269 597 271 497 95 4.85573 399 511 3.18004
36.6651 0.288478 0.421824 29 -36 0.2 0.2 0.410541 0.424402 406 146 585 145 393 269 597 271 496 95 4.85573 399 511 3.18004
36.7317 0.288478 0.421824 29 -36 0.2 0.2 0.410741 0.424602 406 146 585 145 393 268 597 272 496 95 4.86739 399 511 3.18004
36.7984 0.288478 0.421824 29 -36 0.2 0.2 0.410941 0.424802 406 146 585 145 393 269 597 271 496 95 4.85573 399 511 3.18004
36.8651 0.288735 0.422338 29 -45 0.2 0.2 0.411141 0.425002 406 146 585 145 393 269 597 272 496 95 4.85573 399 511 3.18004
36.9318 0.288735 0.422338 29 -45 0.2 0.2 0.411341 0.425202 406 147 585 145 393 269 597 271 497 95 4.85573 399 511 3.18004
36.9984 0.288735 0.422338 29 -45 0.2 0.2 0.411541 0.425402 406 147 585 145 393 269 597 272 496 95 4.86581 399 511 3.18004
37.0651 0.289506 0.422595 29 -44 0.2 0.2 0.411741 0.425602 406 147 585 145 393 269 597 271 497 95 4.85573 399 511 3.18004
37.1317 0.289506 0.422595 29 -44 0.2 0.2 0.411941 0.425802 406 147 585 145 393 269 597 271 496 95 4.86581 399 511 3.18004
37.1984 0.289506 0.422595 29 -44 0.2 0.2 0.412141 0.426002 406 147 585 145 393 269 597 271 496 95 4.86581 399 511 3.18004
37.2651 0.289763 0.423109 35 -48 0.2 0.2 0.412341 0.426202 406 147 585 145 393 269 597 271 497 95 4.84562 399 511 3.18004
37.3317 0.289763 0.423109 35 -48 0.2 0.2 0.412541 0.426402 406 147 585 145 393 269 597 271 497 95 4.85573 399 511 3.18004
37.3984 0.289763 0.423109 35 -48 0.2 0.2 0.412741 0.426602 406 147 585 145 393 269 597 271 497 95 4.85573 399 511 3.18004
37.4651 0.290277 0.42388 28 -48 0.2 0.2 0.412941 0.426802 406 147 585 145 393 269 597 271 497 95 4.84562 399 511 3.18004
37.5317 0.290277 0.42388 28 -48 0.2 0.2 0.413141 0.427002 406 147 585 145 393 269 597 271 497 95 4.84562 399 511 3.18004
37.5984 0.290277 0.42388 28 -48 0.2 0.2 0.413341 0.427202 406 147 586 145 393 269 597 272 497 95 4.85573 399 511 3.18004
37.6651 0.290791 0.42388 49 -48 0 0 0.413341 0.427202 406 147 585 145 393 269 597 272 497 95 4.84562 399 511 3.18004
37.7318 0.290791 0.42388 49 -48 0 0 0.413341 0.427202 406 147 586 145 393 269 597 272 497 95 4.85573 399 511 3.18004
37.7984 0.290791 0.42388 49 -48 0 0 0.413341 0.427202 406 147 585 145 393 269 597 272 497 95 4.84562 399 511 3.18053
37.8651 0.291305 0.424651 38 -57 0 0 0.413341 0.427202 406 147 585 145 393 269 597 272 497 95 4.85573 399 511 3.18004
37.9317 0.291305 0.424651 38 -57 0 0 0.413341 0.427202 406 147 585 145 393 269 597 272 497 95 4.85573 399 511 3.18053
37.9984 0.291305 0.424651 38 -57 0 0 0.413341 0.427202 406 147 585 145 393 269 597 272 497 95 4.85573 399 511 3.18004
38.0651 0.291562 0.424651 43 -53 0 0 0.413341 0.427202 406 147 586 145 393 269 597 272 497 95 4.85573 399 511 3.18004
38.1317 0.291562 0.424651 43 -53 0 0 0.413341 0.427202 407 147 585 145 393 269 597 272 497 95 4.84699 399 511 3.18053
38.1984 0.291562 0.424651 43 -53 0 0 0.413341 0.427202 407 147 586 145 393 269 597 271 497 95 4.84699 399 511 3.18004
38.2651 0.291562 0.425423 45 -57 0 0 0.413341 0.427202 407 147 586 145 394 269 597 271 497 95 4.84699 399 511 3.18004
38.3318 0.291562 0.425423 45 -57 0 0 0.413341 0.427202 407 146 586 145 394 269 597 272 497 95 4.84699 399 511 3.18004
38.3984 0.291562 0.425423 43 -57 0 0 0.413341 0.427202 407 147 586 145 394 269 597 272 497 95 4.84699 399 511 3.18004
38.4651 0.291562 0.425423 43 -57 0 0 0.413341 0.427202 407 147 586 145 394 269 597 272 497 96 4.85573 399 511 3.18004
38.5317 0.291562 0.425423 43 -57 0 0 0.413341 0.427202 407 147 586 145 394 269 597 272 497 96 4.84427 399 511 3.17955
38.5984 0.291562 0.425423 44 -57 0 0 0.413341 0.427202 407 147 586 145 394 269 597 272 497 95 4.85573 399 511 3.17955
38.6651 0.291562 0.425423 44 -57 0 0 0.413341 0.427202 407 147 586 145 394 269 597 272 497 95 4.85573 399 511 3.18004
38.7317 0.291562 0.425423 44 -57 0 0 0.413341 0.427202 407 147 586 145 394 269 597 272 498 96 4.84699 399 511 3.18004
38.7984 0.291819 0.425423 43 -58 0 0 0.413341 0.427202 407 146 586 145 394 269 597 272 497 96 4.84427 399 511 3.18004
38.8651 0.291819 0.425423 43 -58 0 0 0.413341 0.427202 407 147 586 145 393 269 597 272 498 96 4.85573 399 511 3.18004
38.9317 0.291819 0.425423 43 -58 0 0 0.413341 0.427202 407 147 585 145 393 269 598 272 497 96 4.85429 399 511 3.18053
38.9984 0.291562 0.425423 44 -59 0 0 0.413341 0.427202 407 147 585 145 393 269 597 271 497 96 4.85429 399 511 3.18004
39.0651 0.291562 0.425423 44 -59 0 0 0.413341 0.427202 407 147 586 145 393 269 598 272 497 96 4.84562 399 511 3.18004
39.1317 0.291562 0.425423 44 -59 0 0 0.413341 0.427202 407 147 586 145 393 269 597 272 497 96 4.84427 399 511 3.18004
39.1984 0.291562 0.425423 43 -57 0 0 0.413341 0.427202 407 147 586 145 394 269 597 272 498 96 4.85573 399 511 3.18053
39.2651 0.291562 0.425423 43 -57 0 0 0.413341 0.427202 407 147 586 145 393 269 597 271 497 96 4.85429 399 511 3.18004
39.3317 0.291562 0.425423 43 -57 0 0 0.413341 0.427202 407 147 586 145 393 269 597 271 497 96 4.86581 399 511 3.18053
39.3984 0.291819 0.425423 45 -58 0 0 0.413341 0.427202 407 147 586 145 393 269 597 271 497 96 4.85429 399 511 3.18053
39.4651 0.291819 0.425423 45 -58 0 0 0.413341 0.427202 407 147 586 145 393 269 597 272 497 96 4.84427 399 511 3.18004
39.5317 0.291819 0.425423 45 -58 0 0 0.413341 0.427202 407 147 586 145 393 269 597 271 498 96 4.85573 399 510 3.12909
39.5984 0.291562 0.425423 44 -55 0 0 0.413341 0.427202 407 147 586 145 393 269 597 272 498 96 4.85573 399 511 3.18004
39.665 0.291562 0.425423 44 -55 0 0 0.413341 0.427202 407 147 586 145 393 269 597 271 497 96 4.84562 399 511 3.18053
39.7318 0.291562 0.425423 44 -55 0 0 0.413341 0.427202 407 147 586 145 393 269 597 272 497 96 4.85429 399 511 3.18053
39.7984 0.291562 0.425423 43 -58 0 0 0.413341 0.427202 407 147 586 145 393 269 597 272 497 96 4.85429 399 511 3.18004
39.8651 0.291562 0.425423 43 -58 0 0 0.413341 0.427202 406 146 586 145 393 269 597 272 497 96 4.86739 399 511 3.18004
39.9318 0.291562 0.425423 43 -55 0 0 0.413341 0.427202 407 147 586 145 393 269 597 272 497 96 4.84427 399 511 3.18004
39.9984 0.291562 0.425423 43 -55 0 0 0.413341 0.427202 407 147 586 145 393 269 597 272 497 96 4.84562 399 511 3.18053
40.0651 0.291562 0.425423 43 -55 0 0 0.413341 0.427202 407 147 586 145 393 269 598 272 497 96 4.84562 399 511 3.18053
40.1318 0.291562 0.425423 44 -58 0 0 0.413341 0.427202 407 147 586 145 393 269 597 271 497 96 4.84427 399 511 3.18053
40.1984 0.291562 0.425423 44 -58 0 0 0.413341 0.427202 407 147 586 145 393 269 597 272 498 96 4.85573 399 511 3.18004
40.2651 0.291562 0.425423 44 -58 0 0 0.413341 0.427202 407 147 586 145 393 269 598 272 497 96 4.85429 399 511 3.18053
40.3317 0.291562 0.425423 43 -56 0 0 0.413341 0.427202 407 147 586 145 394 269 597 272 497 96 4.85429 399 511 3.18004
40.3984 0.291562 0.425423 43 -56 0 0 0.413341 0.427202 407 147 586 145 393 269 597 272 497 96 4.85429 399 511 3.18004
40.4651 0.291562 0.425423 43 -56 0 0 0.413341 0.427202 407 147 586 145 393 269 597 272 497 96 4.85429 399 511 3.18004
40.5317 0.291562 0.425423 44 -54 0 0 0.413341 0.427202 407 147 586 145 393 269 597 272 498 96 4.85573 399 511 3.18053
40.5984 0.291562 0.425423 44 -54 0 0 0.413341 0.427202 407 147 586 145 393 269 597 272 497 96 4.84562 399 511 3.18053
40.6651 0.291562 0.425423 44 -54 0 0 0.413341 0.427202 407 147 586 145 393 269 597 272 498 96 4.85573 399 511 3.18004
40.7317 0.291562 0.425423 44 -57 0 0 0.413341 0.427202 407 146 586 145 393 269 597 272 497 96 4.8572 399 511 3.18053
40.7984 0.291562 0.425423 44 -57 0.2 0.2 0.413541 0.427402 407 146 586 145 393 269 597 272 497 96 4.8572 399 511 3.18004
40.8651 0.291562 0.425423 44 -57 0.2 0.2 0.413741 0.427602 406 146 586 145 393 269 597 272 497 96 4.84562 399 511 3.18004
40.9317 0.291562 0.425423 44 -57 0.2 0.2 0.413941 0.427802 407 147 586 145 393 269 597 272 497 96 4.84427 399 511 3.18053
40.9984 0.291562 0.425423 44 -57 0.2 0.2 0.414141 0.428002 407 147 586 145 393 269 597 272 497 96 4.84562 399 511 3.18053
41.0651 0.291562 0.425423 44 -57 0.2 0.2 0.414341 0.428202 407 147 586 145 393 269 597 271 497 96 4.84427 399 511 3.18004
41.1318 0.291562 0.425423 33 -58 0.2 0.2 0.414541 0.428402 407 147 586 145 393 269 597 272 497 96 4.84562 399 511 3.18004
41.1984 0.291562 0.425423 33 -58 0.2 0.2 0.414741 0.428602 407 147 586 145 393 269 597 272 497 96 4.85429 399 511 3.18053
41.2651 0.291562 0.425423 33 -58 0.2 0.2 0.414941 0.428802 407 147 586 145 393 269 597 272 497 96 4.85429 399 511 3.18004
41.3317 0.292076 0.42568 45 -56 0.2 0.2 0.415141 0.429002 407 147 586 145 393 269 597 272 498 96 4.85573 399 511 3.18004
41.3984 0.292076 0.42568 45 -56 0.2 0.2 0.415341 0.429202 407 147 586 145 394 269 597 272 498 96 4.85573 399 511 3.18004
41.4651 0.29259 0.425937 47 -59 0.2 0.2 0.415541 0.429402 407 147 586 145 394 269 597 272 498 96 4.85573 399 511 3.18053
41.5317 0.29259 0.425937 47 -59 0.2 0.2 0.415741 0.429602 407 147 586 145 394 269 597 272 498 96 4.85573 399 511 3.18004
41.5984 0.29259 0.425937 47 -59 0.2 0.2 0.415941 0.429802 407 147 586 145 394 269 597 272 498 96 4.85573 399 511 3.18053
41.6651 0.292848 0.426451 41 -58 0.2 0.2 0.416141 0.430002 407 147 586 145 394 269 597 272 498 96 4.85573 399 511 3.18004
41.7317 0.292848 0.426451 41 -58 0.2 0.2 0.416341 0.430202 407 147 586 145 394 269 597 272 498 96 4.84562 399 511 3.18053
41.7984 0.292848 0.426451 41 -58 0.2 0.2 0.416541 0.430402 407 147 586 145 394 269 597 272 498 96 4.84427 399 511 3.18004
41.8651 0.293876 0.426451 44 -64 0.2 0.2 0.416741 0.430602 407 147 586 145 394 269 597 272 498 96 4.85429 399 511 3.18004
41.9317 0.293876 0.426451 44 -64 0.2 0.2 0.416941 0.430802 407 147 586 145 394 269 597 272 498 96 4.84562 399 511 3.18053
41.9984 0.293876 0.426451 44 -64 0.2 0.2 0.417141 0.431002 407 147 586 145 394 269 598 272 498 96 4.84427 399 511 3.18053
42.0651 0.293876 0.427222 45 -71 0.2 0.2 0.417341 0.431202 407 147 586 145 394 269 597 272 498 96 4.84427 399 511 3.18004
42.1317 0.293876 0.427222 45 -71 0.2 0.2 0.417541 0.431402 408 147 586 145 394 269 598 272 498 96 4.84427 399 511 3.18053
42.1984 0.293876 0.427222 45 -71 0.2 0.2 0.417741 0.431602 407 147 586 145 394 269 598 272 498 96 4.84427 399 511 3.18053
42.2651 0.29439 0.427993 56 -67 0.2 0.2 0.417941 0.431802 407 147 586 145 394 269 598 272 498 96 4.84427 399 511 3.18004
42.3317 0.29439 0.427993 56 -67 0.2 0.2 0.418141 0.432002 407 147 586 145 394 269 597 272 498 95 4.84562 399 511 3.18053
42.3984 0.29439 0.427993 56 -67 0.2 0.2 0.418341 0.432202 407 147 586 145 394 269 597 272 498 96 4.85429 399 511 3.18053
42.4651 0.295161 0.42825 57 -69 0.2 0.2 0.418541 0.432402 407 147 586 145 394 269 597 272 498 96 4.84296 399 511 3.18053
42.5317 0.295161 0.42825 57 -69 0.2 0.2 0.418741 0.432602 408 147 586 145 394 269 597 272 498 96 4.84296 399 511 3.18053
42.5984 0.295161 0.42825 57 -69 0.2 0.2 0.418941 0.432802 408 147 586 145 394 269 597 272 499 96 4.85573 399 511 3.18053
42.6651 0.295675 0.429021 57 -73 0.2 0.2 0.419141 0.433002 408 147 586 145 394 269 597 272 499 96 4.84427 399 511 3.18053
42.7317 0.295675 0.429021 57 -73 0.2 0.2 0.419341 0.433202 408 147 586 145 394 269 597 272 499 96 4.84427 399 511 3.18053
42.7984 0.295675 0.429021 57 -73 0.2 0.2 0.419541 0.433402 408 147 586 145 394 269 598 272 499 96 4.84427 399 511 3.18053
42.8651 0.296446 0.429021 58 -78 0.2 0.2 0.419741 0.433602 408 147 586 145 394 269 598 272 499 96 4.84562 399 511 3.18053
42.9318 0.296446 0.429021 58 -78 0.2 0.2 0.419941 0.433802 408 147 586 145 394 269 598 272 499 96 4.84427 399 511 3.18053
42.9984 0.296446 0.429021 58 -78 0.2 0.2 0.420141 0.434002 408 147 587 145 394 269 598 272 499 97 4.85429 399 511 3.18053
43.0651 0.296446 0.429792 62 -80 0.2 0.2 0.420341 0.434202 408 147 587 145 394 269 598 272 499 96 4.84562 399 511 3.18053
43.1318 0.296446 0.429792 62 -80 0.2 0.2 0.420541 0.434402 408 147 587 145 394 269 598 272 499 96 4.84699 399 511 3.18053
43.1984 0.29696 0.430307 58 -81 0.2 0.2 0.420741 0.434602 408 147 587 145 394 269 598 272 499 96 4.84562 399 511 3.18053
43.265 0.29696 0.430307 58 -81 0.2 0.2 0.420941 0.434802 408 147 587 146 394 269 598 272 499 96 4.84562 399 511 3.18053
43.3318 0.29696 0.430307 58 -81 0.2 0.2 0.421141 0.435002 408 147 587 146 394 269 598 272 499 96 4.84562 399 511 3.18053
43.3984 0.297474 0.430564 66 -81 0.2 0.2 0.421341 0.435202 408 147 587 145 394 269 598 272 499 96 4.83423 399 511 3.18053
43.465 0.297474 0.430564 66 -81 0.2 0.2 0.421541 0.435402 408 147 587 146 394 269 598 272 499 96 4.83674 399 511 3.18053
43.5318 0.297474 0.430564 66 -81 0.2 0.2 0.421741 0.435602 408 147 587 146 394 269 598 272 499 96 4.83423 399 511 3.18053
43.5984 0.297732 0.431335 63 -86 0.2 0.2 0.421941 0.435802 408 147 587 146 394 269 598 272 499 96 4.83423 399 511 3.18053
43.6651 0.297732 0.431335 63 -86 0.2 0.2 0.422141 0.436002 408 147 588 145 394 269 598 272 499 96 4.83423 399 511 3.18053
43.7318 0.297732 0.431335 63 -86 0.2 0.2 0.422341 0.436202 408 147 588 145 394 269 598 272 499 96 4.83423 399 511 3.18053
43.7984 0.29876 0.431335 72 -79 0.2 0.2 0.422541 0.436402 408 147 588 145 394 269 598 272 499 96 4.82417 399 511 3.18053
43.8651 0.29876 0.431335 72 -79 0.2 0.2 0.422741 0.436602 408 147 588 145 394 269 598 272 499 96 4.82417 399 511 3.18053
43.9317 0.29876 0.431335 72 -79 0.2 0.2 0.422942 0.436802 408 147 588 146 394 269 598 272 499 96 4.82417 399 511 3.18053
43.9984 0.29876 0.43262 73 -86 0.2 0.2 0.423142 0.437002 408 147 588 146 394 269 598 272 499 96 4.83301 399 511 3.18053
44.0651 0.29876 0.43262 73 -86 0.2 0.2 0.423342 0.437202 408 147 588 146 394 269 598 272 500 96 4.83423 399 511 3.14159
44.1317 0.29876 0.43262 73 -86 0.2 0.2 0.423542 0.437402 408 147 588 146 394 269 598 272 500 96 4.84562 399 511 3.18053
44.1984 0.299274 0.432877 75 -86 0.2 0.2 0.423742 0.437602 408 147 588 146 394 269 598 272 500 96 4.83423 399 511 3.14159
44.2651 0.299274 0.432877 75 -86 0.2 0.2 0.423942 0.437802 409 147 588 146 394 269 598 272 500 96 4.84562 399 511 3.18053
44.3317 0.299274 0.432877 75 -86 0.2 0.2 0.424142 0.438002 409 147 588 146 394 269 598 272 500 97 4.85429 399 511 3.18053
44.3984 0.299788 0.433391 73 -87 0.2 0.2 0.424342 0.438202 408 147 588 146 394 269 598 272 500 96 4.83547 399 511 3.18053
44.465 0.299788 0.433391 73 -87 0.2 0.2 0.424542 0.438402 408 147 588 146 394 269 598 272 500 97 4.82417 399 511 3.18053
44.5317 0.299788 0.433391 73 -87 0.2 0.2 0.424742 0.438602 408 147 588 146 394 269 598 272 500 97 4.84427 400 511 3.18004
44.5984 0.300302 0.434419 76 -88 0.2 0.2 0.424942 0.438802 408 147 588 146 394 269 599 272 500 97 4.82417 400 511 3.18004
44.6651 0.300302 0.434419 76 -88 0.2 0.2 0.425142 0.439002 408 147 588 146 394 269 598 272 500 97 4.83301 399 511 3.18053
44.7318 0.300816 0.434419 83 -88 0.2 0.2 0.425342 0.439202 408 147 588 146 394 269 599 273 500 97 4.83301 399 511 3.18053
44.7984 0.300816 0.434419 83 -88 0.2 0.2 0.425542 0.439402 408 147 588 146 394 269 599 273 500 97 4.83301 399 511 3.18053
44.8651 0.300816 0.434419 83 -88 0.2 0.2 0.425742 0.439602 408 147 588 146 394 269 599 272 500 97 4.83301 400 511 3.18004
44.9317 0.300816 0.435191 84 -91 -0.4 0 0.425342 0.439602 409 147 588 146 394 269 599 273 500 97 4.84296 399 511 3.18053
44.9984 0.300816 0.435191 84 -91 -0.4 0 0.424942 0.439602 408 147 589 145 394 269 599 272 500 97 4.83423 400 511 3.18004
45.0651 0.300816 0.435191 84 -91 -0.4 0 0.424542 0.439602 409 147 589 146 394 269 599 272 500 97 4.83423 399 511 3.18053
45.1317 0.301587 0.435705 89 -93 -0.4 0 0.424142 0.439602 409 147 589 146 394 269 599 272 500 97 4.83423 399 511 3.19283
45.1984 0.301587 0.435705 89 -93 -0.4 0 0.423742 0.439602 409 147 589 146 394 269 599 272 500 97 4.82417 399 511 3.18053
45.2651 0.301587 0.435705 89 -93 -0.4 0 0.423342 0.439602 409 147 589 146 394 269 599 272 500 97 4.82417 399 511 3.18053
45.3317 0.301587 0.435705 89 -94 -0.4 0 0.422942 0.439602 409 147 588 146 394 269 599 272 500 97 4.82417 399 511 3.18053
45.3984 0.301587 0.435705 89 -94 -0.4 0 0.422541 0.439602 409 147 589 146 394 269 599 272 500 97 4.82417 399 511 3.18053
45.4651 0.301587 0.435705 89 -94 -0.4 0 0.422141 0.439602 409 147 589 146 394 269 599 272 500 97 4.82417 399 511 3.18053
45.5317 0.301587 0.436219 86 -100 -0.4 0 0.421741 0.439602 409 147 589 146 394 269 599 272 501 97 4.80491 400 511 3.12894
45.5984 0.301587 0.436219 86 -100 -0.4 0 0.421341 0.439602 409 147 589 146 394 269 599 272 501 97 4.80491 399 511 3.18053
45.6651 0.301587 0.436219 86 -100 -0.4 0 0.420941 0.439602 409 147 589 146 394 269 599 272 501 97 4.80491 399 511 3.18053
45.7317 0.301587 0.436219 48 -97 -0.4 0 0.420541 0.439602 409 147 589 146 393 269 599 272 501 97 4.80491 399 511 3.18053
45.7984 0.301587 0.436219 48 -97 -0.4 0 0.420141 0.439602 409 147 589 146 394 269 599 272 501 97 4.81408 399 511 3.18053
45.8651 0.301587 0.436219 48 -97 -0.4 0 0.419741 0.439602 409 147 589 146 394 269 599 272 501 97 4.81408 400 511 3.18004
45.9317 0.301587 0.436219 35 -100 -0.4 0 0.419341 0.439602 409 147 589 146 393 269 599 272 501 97 4.80491 400 511 3.18004
45.9984 0.301587 0.436219 35 -100 -0.4 0 0.418941 0.439602 409 147 589 146 393 269 599 272 501 97 4.80491 399 511 3.18053
46.0651 0.301587 0.436219 35 -100 -0.4 0 0.418541 0.439602 409 147 589 146 393 269 599 272 501 97 4.80397 400 511 3.12894
46.1318 0.300045 0.436219 25 -100 -0.4 0 0.418141 0.439602 409 147 589 146 393 269 599 272 501 97 4.80397 399 511 3.18053
46.1984 0.300045 0.436219 25 -100 -0.4 0 0.417741 0.439602 409 147 589 146 394 269 599 272 501 97 4.80397 399 511 3.18053
46.2651 0.299274 0.436219 15 -102 -0.4 0 0.417341 0.439602 409 147 589 146 393 269 599 272 501 97 4.80397 399 511 3.18053
46.3317 0.299274 0.436219 15 -102 -0.4 0 0.416941 0.439602 409 147 589 146 394 269 599 272 501 97 4.81512 399 511 3.14159
46.3984 0.299274 0.436219 15 -102 -0.4 0 0.416541 0.439602 409 147 589 146 394 269 599 272 501 97 4.82531 399 511 3.19283
46.465 0.29876 0.436219 15 -98 -0.4 0 0.416141 0.439602 409 147 589 146 394 269 599 272 501 97 4.82417 399 511 3.18053
46.5317 0.29876 0.436219 15 -98 -0.4 0 0.415741 0.439602 409 147 589 146 394 269 599 272 502 97 4.81512 399 511 3.18053
46.5984 0.29876 0.436219 15 -98 -0.4 0 0.415341 0.439602 410 147 589 146 394 269 599 272 501 97 4.82417 399 511 3.18053
46.6651 0.29696 0.436219 14 -99 -0.4 0 0.414941 0.439602 410 147 590 146 394 269 600 272 503 97 4.81512 399 511 3.18053
46.7318 0.29696 0.436219 14 -99 -0.4 0 0.414541 0.439602 411 147 591 146 394 269 600 272 503 97 4.80397 399 511 3.19283
46.7984 0.29696 0.436219 14 -99 -0.4 0 0.414141 0.439602 411 147 591 146 394 269 600 272 503 97 4.80397 399 511 3.18053
46.865 0.29696 0.436219 -3 -79 -0.4 0 0.413741 0.439602 411 147 591 146 394 269 600 272 503 97 4.81618 399 511 3.18053
46.9318 0.29696 0.436219 -3 -79 -0.4 0 0.413341 0.439602 411 147 591 146 394 269 600 272 503 97 4.80397 399 511 3.18053
46.9984 0.29696 0.436219 -3 -79 -0.4 0 0.412941 0.439602 413 148 593 146 396 269 601 272 506 97 4.79468 399 511 3.18053
47.0651 0.294904 0.43699 12 -80 -0.4 0 0.412541 0.439602 414 148 594 146 396 269 602 272 507 97 4.7837 399 511 3.18053
47.1317 0.294904 0.43699 12 -80 -0.4 0 0.412141 0.439602 414 148 594 146 396 269 602 272 507 97 4.7837 399 511 3.18053
47.1984 0.294904 0.43699 12 -80 -0.4 0 0.411741 0.439602 414 148 595 145 396 269 602 272 507 97 4.7837 399 511 3.18053
47.2651 0.293362 0.43699 15 -79 -0.4 0 0.411341 0.439602 414 148 595 145 397 269 603 273 507 97 4.7837 399 511 3.18053
47.3318 0.293362 0.43699 15 -79 -0.4 0 0.410941 0.439602 416 148 597 145 397 269 604 272 509 97 4.7837 399 511 3.18053
47.3984 0.293362 0.43699 15 -79 -0.4 0 0.410541 0.439602 417 148 597 146 398 269 604 272 510 97 4.78298 399 511 3.18053
47.4651 0.29259 0.437247 14 -76 -0.4 0 0.410141 0.439602 417 148 597 146 397 269 603 272 510 97 4.7837 399 511 3.18053
47.5317 0.29259 0.437247 14 -76 -0.4 0 0.409741 0.439602 417 148 597 146 398 269 604 273 510 97 4.7837 399 511 3.18053
47.5984 0.29259 0.437247 14 -76 -0.4 0 0.409341 0.439602 417 148 598 146 398 269 605 272 510 97 4.77417 399 511 3.18053
47.6651 0.291048 0.437247 11 -61 -0.4 0 0.408941 0.439602 419 148 599 146 399 269 605 273 512 98 4.76337 399 511 3.18004
47.7317 0.291048 0.437247 11 -61 -0.4 0 0.408541 0.439602 419 148 599 146 399 269 606 272 513 98 4.75318 399 511 3.18053
47.7984 0.291048 0.437247 11 -61 -0.4 0 0.408141 0.439602 419 148 600 146 399 269 605 273 513 97 4.76337 399 511 3.18053
47.8651 0.290791 0.437504 -3 -60 -0.4 0 0.407741 0.439602 420 148 600 146 399 269 606 272 513 98 4.76337 399 511 3.19283
47.9317 0.290791 0.437504 -3 -60 -0.4 0 0.407341 0.439602 421 148 601 146 400 269 607 273 514 97 4.74268 399 511 3.18053
47.9984 0.289249 0.437761 10 -61 -0.4 0 0.406941 0.439602 422 148 602 146 400 269 607 273 516 98 4.75237 399 511 3.18004
48.0651 0.289249 0.437761 10 -61 -0.4 0 0.406541 0.439602 422 148 602 146 401 269 607 273 516 98 4.75277 399 511 3.18004
48.1317 0.289249 0.437761 10 -61 -0.4 0 0.406141 0.439602 422 148 602 146 400 269 607 273 516 98 4.76337 399 511 3.18053
48.1984 0.287964 0.437761 8 -55 -0.4 0 0.405741 0.439602 422 148 603 146 401 269 607 273 516 97 4.74268 399 511 3.18004
48.2651 0.287964 0.437761 8 -55 -0.4 0 0.405341 0.439602 423 148 604 146 401 269 608 273 518 98 4.73279 399 511 3.18004
48.3317 0.287964 0.437761 8 -55 -0.4 0 0.404941 0.439602 424 148 605 146 402 269 608 273 518 97 4.733 399 511 3.18004
48.3984 0.287192 0.438018 11 -46 -0.4 0 0.404541 0.439602 424 149 605 146 402 269 609 273 519 98 4.72259 399 511 3.18004
48.4651 0.287192 0.438018 11 -46 -0.4 0 0.404141 0.439602 424 149 605 146 402 269 609 273 519 98 4.72259 399 511 3.18053
48.5318 0.287192 0.438018 11 -46 -0.4 0 0.403741 0.439602 425 148 605 146 402 269 609 273 519 98 4.72259 399 511 3.18004
48.5985 0.28565 0.438275 8 -47 -0.4 0 0.403341 0.439602 426 149 607 146 403 269 610 273 521 98 4.72249 399 511 3.18004
48.6651 0.28565 0.438275 8 -47 -0.4 0 0.402941 0.439602 426 149 607 146 403 269 610 273 522 98 4.72259 399 511 3.18004
48.7317 0.28565 0.438275 8 -47 -0.4 0 0.402541 0.439602 427 149 607 146 403 268 610 273 522 98 4.72249 399 511 3.18004
48.7984 0.285136 0.438275 -1 -39 -0.4 0 0.402141 0.439602 427 149 608 146 403 269 610 273 522 98 4.71239 399 511 3.18004
48.8651 0.285136 0.438275 -1 -39 -0.4 0 0.401741 0.439602 427 149 608 146 404 269 611 273 522 98 4.71239 399 511 3.18004
48.9318 0.285136 0.438275 -1 -39 -0.4 0 0.401341 0.439602 429 149 609 146 404 269 611 273 524 98 4.69198 399 511 3.18004
48.9984 0.283337 0.438789 8 -37 -0.4 0 0.400941 0.439602 429 149 610 146 405 269 612 273 525 98 4.71239 399 511 3.18004
49.0651 0.283337 0.438789 8 -37 -0.4 0 0.400541 0.439602 429 149 610 146 405 269 612 273 525 99 4.69198 399 511 3.18004
49.1318 0.283337 0.438789 8 -37 -0.4 0 0.400141 0.439602 430 149 610 146 405 269 612 273 525 99 4.69198 399 511 3.18004
49.1984 0.282051 0.438789 0 -36 -0.4 0 0.399741 0.439602 431 149 611 146 406 269 613 273 526 98 4.6821 399 511 3.18004
49.265 0.282051 0.438789 0 -36 -0.4 0 0.399341 0.439602 431 149 612 147 406 269 613 274 527 99 4.69198 399 511 3.18004
49.3318 0.282051 0.438789 0 -36 -0.4 0 0.398941 0.439602 432 149 612 146 406 269 613 274 527 98 4.68147 399 511 3.18004
49.3984 0.281537 0.438789 4 -37 -0.4 0 0.398541 0.439602 432 149 612 146 406 269 613 274 528 98 4.67118 399 511 3.18004
49.4651 0.281537 0.438789 4 -37 -0.4 0 0.398141 0.439602 432 149 612 147 406 269 613 273 528 98 4.68147 399 511 3.18004
49.5317 0.280252 0.438789 2 -30 -0.4 0 0.397741 0.439602 433 149 614 146 407 269 614 273 529 99 4.67118 399 511 3.18004
49.5984 0.280252 0.438789 2 -30 -0.4 0 0.397341 0.439602 433 149 614 147 407 269 614 273 529 99 4.66141 399 510 3.12909
49.6651 0.280252 0.438789 2 -30 -0.4 0 0.396941 0.439602 433 149 614 147 407 269 614 273 530 98 4.67118 399 511 3.18004
49.7318 0.279995 0.439046 -1 -29 -0.4 0 0.396541 0.439602 433 149 614 147 407 269 614 273 530 99 4.6716 399 511 3.18004
49.7984 0.279995 0.439046 -1 -29 -0.4 0 0.396141 0.439602 433 149 614 147 407 269 614 273 530 98 4.67118 399 511 3.18004
49.8651 0.279995 0.439046 -1 -29 -0.4 0 0.395741 0.439602 435 149 616 147 408 269 616 273 532 99 4.65124 399 511 3.18004
49.9318 0.278196 0.439046 1 -31 -0.4 0 0.395341 0.439602 435 150 616 147 409 269 615 274 532 98 4.65981 399 511 3.18004
49.9985 0.278196 0.439046 1 -31 -0.4 0 0.394941 0.439602 435 150 616 147 408 269 615 274 531 97 4.66035 399 511 3.18004
50.0651 0.278196 0.439046 1 -31 -0.4 0 0.394541 0.439602 436 150 616 147 408 269 616 273 532 97 4.64931 399 511 3.18004
50.1317 0.276653 0.439046 0 -26 -0.4 0 0.394141 0.439602 436 150 616 147 409 269 616 273 532 97 4.64931 399 511 3.18004
50.1984 0.276653 0.439046 0 -26 -0.4 0 0.393741 0.439602 436 150 619 147 409 269 617 274 531 102 4.67031 399 510 3.14159
50.2651 0.276653 0.439046 0 -26 -0.4 0 0.393341 0.439602 437 150 619 147 409 269 617 273 520 128 4.64837 399 511 3.17955
50.3317 0.276396 0.439046 1 -28 -0.4 0 0.392941 0.439602 437 150 618 146 409 270 617 274 520 128 4.64837 400 512 3.19283
50.3984 0.276396 0.439046 1 -28 -0.4 0 0.392541 0.439602 437 150 618 146 410 270 617 274 520 128 4.64837 399 512 3.17955
50.4651 0.276396 0.439046 1 -28 -0.4 0 0.392141 0.439602 437 149 619 146 410 270 617 274 520 128 4.64837 399 512 3.18004
50.5317 0.27434 0.439303 0 -28 -0.4 0 0.391741 0.439602 438 150 622 147 410 269 619 274 520 128 4.64837 400 511 3.15409
50.5984 0.27434 0.439303 0 -28 -0.4 0 0.391341 0.439602 438 150 622 147 410 269 619 274 520 128 4.64837 399 511 3.18053
50.6651 0.27434 0.439303 0 -28 -0.4 0 0.390941 0.439602 438 151 621 147 410 268 619 273 520 128 4.64837 399 511 3.18053
50.7318 0.27434 0.439046 -1 -29 -0.4 0 0.390541 0.439602 438 150 622 148 410 269 619 273 520 128 4.64837 400 511 3.14159
50.7984 0.27434 0.439046 -1 -29 -0.4 0 0.390141 0.439602 438 150 622 148 410 269 619 273 520 128 4.64837 399 511 3.18053
50.8651 0.27434 0.439046 -1 -29 -0.4 0 0.389741 0.439602 438 150 624 147 410 269 620 274 520 128 4.64837 399 511 3.18004
50.9317 0.272283 0.439046 0 -29 -0.4 0 0.389341 0.439602 438 150 624 147 410 269 620 274 520 128 4.64837 399 511 3.18004
50.9984 0.272283 0.439046 0 -29 -0.4 0 0.388941 0.439602 438 150 624 147 410 269 619 273 520 128 4.64837 399 511 3.18004
51.0651 0.270998 0.439046 0 -25 -0.4 0 0.388541 0.439602 438 150 624 147 410 269 620 274 520 128 4.64837 399 511 3.18004
51.1317 0.270998 0.439046 0 -25 -0.4 0 0.388141 0.439602 438 150 624 147 410 269 620 273 520 128 4.64837 399 511 3.18004
51.1984 0.270998 0.439046 0 -25 -0.4 0 0.387741 0.439602 438 150 625 147 410 269 621 273 520 128 4.64837 399 510 3.12909
51.2651 0.270998 0.439046 0 -25 -0.4 0 0.387741 0.439602 438 150 625 147 410 269 621 273 520 128 4.64837 399 510 3.12909
51.3318 0.270998 0.439046 0 -25 -0.4 0 0.387741 0.439602 438 150 625 147 410 269 621 273 520 128 4.64837 399 510 3.12909
51.3984 0.270998 0.439046 0 -25 -0.4 0 0.387741 0.439602 438 150 625 147 410 269 621 273 520 128 4.64837 399 510 3.12909
51.4651 0.270998 0.439046 0 -25 -0.4 0 0.387741 0.439602 438 150 625 147 410 269 621 273 520 128 4.64837 399 510 3.12909
