0.0652576 0.270998 0.439046 0 -25 -0.4 0 0.387741 0.439602 438 150 625 147 410 269 621 273 520 128 4.64837 399 510 3.12909
0.131907 0.270998 0.439046 0 -25 -0.4 0 0.387741 0.439602 438 150 625 147 410 269 621 273 520 128 4.64837 399 510 3.12909
0.198592 0.270998 0.439046 0 -25 -0.4 0 0.387741 0.439602 438 150 625 147 410 269 621 273 520 128 4.64837 399 510 3.12909
0.265257 0.270998 0.439046 0 -25 -0.4 0 0.387741 0.439602 438 150 625 147 410 269 621 273 520 128 4.64837 399 510 3.12909
0.331936 0.270998 0.439046 0 -25 -0.4 0 0.387741 0.439602 438 150 625 147 410 269 621 273 520 128 4.64837 399 510 3.12909
0.398582 0.270998 0.439046 0 -25 -0.4 0 0.387741 0.439602 438 150 625 147 410 269 621 273 520 128 4.64837 399 510 3.12909
0.465261 0.270998 0.439046 0 -25 -0.4 0 0.387741 0.439602 438 150 625 147 410 269 621 273 520 128 4.64837 399 510 3.12909
0.531926 0.270998 0.439046 0 -25 -0.4 0 0.387741 0.439602 438 150 625 147 410 269 621 273 520 128 4.64837 399 510 3.12909
0.598601 0.270998 0.439046 0 -25 -0.4 0 0.387741 0.439602 438 150 625 147 410 269 621 273 520 128 4.64837 399 510 3.12909
0.665278 0.270998 0.439046 0 -25 -0.4 0 0.387741 0.439602 438 150 625 147 410 269 621 273 520 128 4.64837 399 510 3.12909
0.731925 0.270998 0.439046 0 -25 -0.4 0 0.387741 0.439602 438 150 625 147 410 269 621 273 520 128 4.64837 399 510 3.12909
0.798585 0.270998 0.439046 0 -25 -0.4 0 0.387741 0.439602 438 150 625 147 410 269 621 273 520 128 4.64837 399 510 3.12909
0.865265 0.270998 0.439046 0 -25 -0.4 0 0.387741 0.439602 438 150 625 147 410 269 621 273 520 128 4.64837 399 510 3.12909
0.931877 0.270998 0.439046 0 -25 -0.4 0 0.387741 0.439602 438 150 625 147 410 269 621 273 520 128 4.64837 399 510 3.12909
0.998582 0.270998 0.439046 0 -25 -0.4 0 0.387741 0.439602 438 150 625 147 410 269 621 273 520 128 4.64837 399 510 3.12909
1.06525 0.270998 0.439046 0 -25 -0.4 0 0.387741 0.439602 438 150 625 147 410 269 621 273 520 128 4.64837 399 510 3.12909
1.13192 0.270998 0.439046 0 -25 -0.4 0 0.387741 0.439602 438 150 625 147 410 269 621 273 520 128 4.64837 399 510 3.12909
1.19858 0.270998 0.439046 0 -25 -0.4 0 0.387741 0.439602 438 150 625 147 410 269 621 273 520 128 4.64837 399 510 3.12909
1.26527 0.270998 0.439046 0 -25 -0.4 0 0.387741 0.439602 438 150 625 147 410 269 621 273 520 128 4.64837 399 510 3.12909
1.33192 0.270998 0.439046 0 -25 -0.4 0 0.387741 0.439602 438 150 625 147 410 269 621 273 520 128 4.64837 399 510 3.12909
1.3986 0.270998 0.439046 0 -25 -0.4 0 0.387741 0.439602 438 150 625 147 410 269 621 273 520 128 4.64837 399 510 3.12909
1.46527 0.270998 0.439046 0 -25 -0.4 0 0.387741 0.439602 438 150 625 147 410 269 621 273 520 128 4.64837 399 510 3.12909
1.53193 0.270998 0.439046 0 -25 -0.4 0 0.387741 0.439602 438 150 625 147 410 269 621 273 520 128 4.64837 399 510 3.12909
1.59859 0.270998 0.439046 0 -25 -0.4 0 0.387741 0.439602 438 150 625 147 410 269 621 273 520 128 4.64837 399 510 3.12909
1.66525 0.270998 0.439046 0 -25 -0.4 0 0.387741 0.439602 438 150 625 147 410 269 621 273 520 128 4.64837 399 510 3.12909
1.73192 0.270998 0.439046 0 -25 -0.4 0 0.387741 0.439602 438 150 625 147 410 269 621 273 520 128 4.64837 399 510 3.12909
1.79858 0.270998 0.439046 0 -25 -0.4 0 0.387741 0.439602 438 150 625 147 410 269 621 273 520 128 4.64837 399 510 3.12909
1.86524 0.270998 0.439046 0 -25 -0.4 0 0.387741 0.439602 438 150 625 147 410 269 621 273 520 128 4.64837 399 510 3.12909
1.93192 0.270998 0.439046 0 -25 -0.4 0 0.387741 0.439602 438 150 625 147 410 269 621 273 520 128 4.64837 399 510 3.12909
1.99856 0.270998 0.439046 0 -25 -0.4 0 0.387741 0.439602 438 150 625 147 410 269 621 273 520 128 4.64837 399 510 3.12909
2.06526 0.270998 0.439046 0 -25 -0.4 0 0.387741 0.439602 438 150 625 147 410 269 621 273 520 128 4.64837 399 510 3.12909
2.1319 0.270998 0.439046 0 -25 -0.4 0 0.387741 0.439602 438 150 625 147 410 269 621 273 520 128 4.64837 399 510 3.12909
2.19855 0.270998 0.439046 0 -25 -0.4 0 0.387741 0.439602 438 150 625 147 410 269 621 273 520 128 4.64837 399 510 3.12909
2.26526 0.270998 0.439046 0 -25 -0.4 0 0.387741 0.439602 438 150 625 147 410 269 621 273 520 128 4.64837 399 510 3.12909
2.33193 0.270998 0.439046 0 -25 -0.4 0 0.387741 0.439602 438 150 625 147 410 269 621 273 520 128 4.64837 399 510 3.12909
2.39855 0.270998 0.439046 0 -25 -0.4 0 0.387741 0.439602 438 150 625 147 410 269 621 273 520 128 4.64837 399 510 3.12909
2.46525 0.270998 0.439046 0 -25 -0.4 0 0.387741 0.439602 438 150 625 147 410 269 621 273 520 128 4.64837 399 510 3.12909
2.53193 0.270998 0.439046 0 -25 -0.4 0 0.387741 0.439602 438 150 625 147 410 269 621 273 520 128 4.64837 399 510 3.12909
2.59855 0.270998 0.439046 0 -25 -0.4 0 0.387741 0.439602 438 150 625 147 410 269 621 273 520 128 4.64837 399 510 3.12909
2.66525 0.270998 0.439046 0 -25 -0.4 0 0.387741 0.439602 438 150 625 147 410 269 621 273 520 128 4.64837 399 510 3.12909
2.73192 0.270998 0.439046 0 -25 -0.4 0 0.387741 0.439602 438 150 625 147 410 269 621 273 520 128 4.64837 399 510 3.12909
2.79855 0.270998 0.439046 0 -25 -0.4 0 0.387741 0.439602 438 150 625 147 410 269 621 273 520 128 4.64837 399 510 3.12909
2.86527 0.270998 0.439046 0 -25 -0.4 0 0.387741 0.439602 438 150 625 147 410 269 621 273 520 128 4.64837 399 510 3.12909
2.93192 0.270998 0.439046 0 -25 -0.4 0 0.387741 0.439602 438 150 625 147 410 269 621 273 520 128 4.64837 399 510 3.12909
2.99855 0.270998 0.439046 0 -25 -0.4 0 0.387741 0.439602 438 150 625 147 410 269 621 273 520 128 4.64837 399 510 3.12909
3.06525 0.270998 0.439046 0 -25 -0.4 0 0.387741 0.439602 438 150 625 147 410 269 621 273 520 128 4.64837 399 510 3.12909
3.13192 0.270998 0.439046 0 -25 -0.4 0 0.387741 0.439602 438 150 625 147 410 269 621 273 520 128 4.64837 399 510 3.12909
3.19855 0.270998 0.439046 0 -25 -0.4 0 0.387741 0.439602 438 150 625 147 410 269 621 273 520 128 4.64837 399 510 3.12909
3.26525 0.270998 0.439046 0 -25 -0.4 0 0.387741 0.439602 438 150 625 147 410 269 621 273 520 128 4.64837 399 510 3.12909
3.33192 0.270998 0.439046 0 -25 -0.4 0 0.387741 0.439602 438 150 625 147 410 269 621 273 520 128 4.64837 399 510 3.12909
3.39855 0.270998 0.439046 0 -25 -0.4 0 0.387741 0.439602 438 150 625 147 410 269 621 273 520 128 4.64837 399 510 3.12909
3.46528 0.270998 0.439046 0 -25 -0.4 0 0.387741 0.439602 438 150 625 147 410 269 621 273 520 128 4.64837 399 510 3.12909
3.53192 0.270998 0.439046 0 -25 -0.4 0 0.387741 0.439602 438 150 625 147 410 269 621 273 520 128 4.64837 399 510 3.12909
3.59855 0.270998 0.439046 0 -25 -0.4 0 0.387741 0.439602 438 150 625 147 410 269 621 273 520 128 4.64837 399 510 3.12909
3.66526 0.270998 0.439046 0 -25 -0.4 0 0.387741 0.439602 438 150 625 147 410 269 621 273 520 128 4.64837 399 510 3.12909
3.73193 0.270998 0.439046 0 -25 -0.4 0 0.387741 0.439602 438 150 625 147 410 269 621 273 520 128 4.64837 399 510 3.12909
3.79855 0.270998 0.439046 0 -25 -0.4 0 0.387741 0.439602 438 150 625 147 410 269 621 273 520 128 4.64837 399 510 3.12909
3.86527 0.270998 0.439046 0 -25 -0.4 0 0.387741 0.439602 438 150 625 147 410 269 621 273 520 128 4.64837 399 510 3.12909
3.93192 0.270998 0.439046 0 -25 -0.4 0 0.387741 0.439602 438 150 625 147 410 269 621 273 520 128 4.64837 399 510 3.12909
3.99855 0.270998 0.439046 0 -25 -0.4 0 0.387741 0.439602 438 150 625 147 410 269 621 273 520 128 4.64837 399 510 3.12909
4.06525 0.270998 0.439046 0 -25 -0.4 0 0.387741 0.439602 438 150 625 147 410 269 621 273 520 128 4.64837 399 510 3.12909
4.13192 0.270998 0.439046 0 -25 -0.4 0 0.387741 0.439602 438 150 625 147 410 269 621 273 520 128 4.64837 399 510 3.12909
4.19855 0.270998 0.439046 0 -25 -0.4 0 0.387741 0.439602 438 150 625 147 410 269 621 273 520 128 4.64837 399 510 3.12909
4.26527 0.270998 0.439046 0 -25 -0.4 0 0.387741 0.439602 438 150 625 147 410 269 621 273 520 128 4.64837 399 510 3.12909
4.33193 0.270998 0.439046 0 -25 -0.4 0 0.387741 0.439602 438 150 625 147 410 269 621 273 520 128 4.64837 399 510 3.12909
4.39855 0.270998 0.439046 0 -25 -0.4 0 0.387741 0.439602 438 150 625 147 410 269 621 273 520 128 4.64837 399 510 3.12909
4.46528 0.270998 0.439046 0 -25 -0.4 0 0.387741 0.439602 438 150 625 147 410 269 621 273 520 128 4.64837 399 510 3.12909
4.53192 0.270998 0.439046 0 -25 -0.4 0 0.387741 0.439602 438 150 625 147 410 269 621 273 520 128 4.64837 399 510 3.12909
4.59855 0.270998 0.439046 0 -25 -0.4 0 0.387741 0.439602 438 150 625 147 410 269 621 273 520 128 4.64837 399 510 3.12909
4.66522 0.270998 0.439046 0 -25 -0.4 0 0.387741 0.439602 438 150 625 147 410 269 621 273 520 128 4.64837 399 510 3.12909
4.73192 0.270998 0.439046 0 -25 -0.4 0 0.387741 0.439602 438 150 625 147 410 269 621 273 520 128 4.64837 399 510 3.12909
4.79858 0.270998 0.439046 0 -25 -0.4 0 0.387741 0.439602 438 150 625 147 410 269 621 273 520 128 4.64837 399 510 3.12909
4.86528 0.270998 0.439046 0 -25 -0.4 0 0.387741 0.439602 438 150 625 147 410 269 621 273 520 128 4.64837 399 510 3.12909
4.93192 0.270998 0.439046 0 -25 -0.4 0 0.387741 0.439602 438 150 625 147 410 269 621 273 520 128 4.64837 399 510 3.12909
4.99859 0.270998 0.439046 0 -25 -0.4 0 0.387741 0.439602 438 150 625 147 410 269 621 273 520 128 4.64837 399 510 3.12909
5.06525 0.270998 0.439046 0 -25 -0.4 0 0.387741 0.439602 438 150 625 147 410 269 621 273 520 128 4.64837 399 510 3.12909
5.13193 0.270998 0.439046 0 -25 -0.4 0 0.387741 0.439602 438 150 625 147 410 269 621 273 520 128 4.64837 399 510 3.12909
5.19858 0.270998 0.439046 0 -25 -0.4 0 0.387741 0.439602 438 150 625 147 410 269 621 273 520 128 4.64837 399 510 3.12909
5.26527 0.270998 0.439046 0 -25 -0.4 0 0.387741 0.439602 438 150 625 147 410 269 621 273 520 128 4.64837 399 510 3.12909
5.33192 0.270998 0.439046 0 -25 -0.4 0 0.387741 0.439602 438 150 625 147 410 269 621 273 520 128 4.64837 399 510 3.12909
5.39858 0.270998 0.439046 0 -25 -0.4 0 0.387741 0.439602 438 150 625 147 410 269 621 273 520 128 4.64837 399 510 3.12909
5.46526 0.270998 0.439046 0 -25 -0.4 0 0.387741 0.439602 438 150 625 147 410 269 621 273 520 128 4.64837 399 510 3.12909
5.53192 0.270998 0.439046 0 -25 -0.4 0 0.387741 0.439602 438 150 625 147 410 269 621 273 520 128 4.64837 399 510 3.12909
5.59858 0.270998 0.439046 0 -25 -0.4 0 0.387741 0.439602 438 150 625 147 410 269 621 273 520 128 4.64837 399 510 3.12909
5.66522 0.270998 0.439046 0 -25 -0.4 0 0.387741 0.439602 438 150 625 147 410 269 621 273 520 128 4.64837 399 510 3.12909
5.73192 0.270998 0.439046 0 -25 -0.4 0 0.387741 0.439602 438 150 625 147 410 269 621 273 520 128 4.64837 399 510 3.12909
5.79859 0.270998 0.439046 0 -25 -0.4 0 0.387741 0.439602 438 150 625 147 410 269 621 273 520 128 4.64837 399 510 3.12909
5.86522 0.270998 0.439046 0 -25 -0.4 0 0.387741 0.439602 438 150 625 147 410 269 621 273 520 128 4.64837 399 510 3.12909
5.93193 0.270998 0.439046 0 -25 -0.4 0 0.387741 0.439602 438 150 625 147 410 269 621 273 520 128 4.64837 399 510 3.12909
5.99854 0.270998 0.439046 0 -25 -0.4 0 0.387741 0.439602 438 150 625 147 410 269 621 273 520 128 4.64837 399 510 3.12909
6.06525 0.270998 0.439046 0 -25 -0.4 0 0.387741 0.439602 438 150 625 147 410 269 621 273 520 128 4.64837 399 510 3.12909
6.13192 0.270998 0.439046 0 -25 -0.4 0 0.387741 0.439602 438 150 625 147 410 269 621 273 520 128 4.64837 399 510 3.12909
6.19858 0.270998 0.439046 0 -25 -0.4 0 0.387741 0.439602 438 150 625 147 410 269 621 273 520 128 4.64837 399 510 3.12909
6.26525 0.270998 0.439046 0 -25 -0.4 0 0.387741 0.439602 438 150 625 147 410 269 621 273 520 128 4.64837 399 510 3.12909
6.33192 0.270998 0.439046 0 -25 -0.4 0 0.387741 0.439602 438 150 625 147 410 269 621 273 520 128 4.64837 399 510 3.12909
6.39859 0.270998 0.439046 0 -25 -0.4 0 0.387741 0.439602 438 150 625 147 410 269 621 273 520 128 4.64837 399 510 3.12909
6.46526 0.270998 0.439046 0 -25 -0.4 0 0.387741 0.439602 438 150 625 147 410 269 621 273 520 128 4.64837 399 510 3.12909
6.53193 0.270998 0.439046 0 -25 -0.4 0 0.387741 0.439602 438 150 625 147 410 269 621 273 520 128 4.64837 399 510 3.12909
6.59858 0.270998 0.439046 0 -25 -0.4 0 0.387741 0.439602 438 150 625 147 410 269 621 273 520 128 4.64837 399 510 3.12909
6.66525 0.270998 0.439046 0 -25 -0.4 0 0.387741 0.439602 438 150 625 147 410 269 621 273 520 128 4.64837 399 510 3.12909
6.73192 0.270998 0.439046 0 -25 -0.4 0 0.387741 0.439602 438 150 625 147 410 269 621 273 520 128 4.64837 399 510 3.12909
6.79859 0.270998 0.439046 0 -25 -0.4 0 0.387741 0.439602 438 150 625 147 410 269 621 273 520 128 4.64837 399 510 3.12909
6.86525 0.270998 0.439046 0 -25 -0.4 0 0.387741 0.439602 438 150 625 147 410 269 621 273 520 128 4.64837 399 510 3.12909
6.93192 0.270998 0.439046 0 -25 -0.4 0 0.387741 0.439602 438 150 625 147 410 269 621 273 520 128 4.64837 399 510 3.12909
6.99858 0.270998 0.439046 0 -25 -0.4 0 0.387741 0.439602 438 150 625 147 410 269 621 273 520 128 4.64837 399 510 3.12909
7.06525 0.270998 0.439046 0 -25 -0.4 0 0.387741 0.439602 438 150 625 147 410 269 621 273 520 128 4.64837 399 510 3.12909
7.13193 0.270998 0.439046 0 -25 -0.4 0 0.387741 0.439602 438 150 625 147 410 269 621 273 520 128 4.64837 399 510 3.12909
7.19856 0.270998 0.439046 0 -25 -0.4 0 0.387741 0.439602 438 150 625 147 410 269 621 273 520 128 4.64837 399 510 3.12909
7.26524 0.270998 0.439046 0 -25 -0.4 0 0.387741 0.439602 438 150 625 147 410 269 621 273 520 128 4.64837 399 510 3.12909
7.33189 0.270998 0.439046 0 -25 -0.4 0 0.387741 0.439602 438 150 625 147 410 269 621 273 520 128 4.64837 399 510 3.12909
7.39859 0.270998 0.439046 0 -25 -0.4 0 0.387741 0.439602 438 150 625 147 410 269 621 273 520 128 4.64837 399 510 3.12909
7.46526 0.270998 0.439046 0 -25 -0.4 0 0.387741 0.439602 438 150 625 147 410 269 621 273 520 128 4.64837 399 510 3.12909
7.53191 0.270998 0.439046 0 -25 -0.4 0 0.387741 0.439602 438 150 625 147 410 269 621 273 520 128 4.64837 399 510 3.12909
7.59859 0.270998 0.439046 0 -25 -0.4 0 0.387741 0.439602 438 150 625 147 410 269 621 273 520 128 4.64837 399 510 3.12909
7.66527 0.270998 0.439046 0 -25 -0.4 0 0.387741 0.439602 438 150 625 147 410 269 621 273 520 128 4.64837 399 510 3.12909
7.73192 0.270998 0.439046 0 -25 -0.4 0 0.387741 0.439602 438 150 625 147 410 269 621 273 520 128 4.64837 399 510 3.12909
7.79859 0.270998 0.439046 0 -25 -0.4 0 0.387741 0.439602 438 150 625 147 410 269 621 273 520 128 4.64837 399 510 3.12909
7.86523 0.270998 0.439046 0 -25 -0.4 0 0.387741 0.439602 438 150 625 147 410 269 621 273 520 128 4.64837 399 510 3.12909
7.93191 0.270998 0.439046 0 -25 -0.4 0 0.387741 0.439602 438 150 625 147 410 269 621 273 520 128 4.64837 399 510 3.12909
7.99859 0.270998 0.439046 0 -25 -0.4 0 0.387741 0.439602 438 150 625 147 410 269 621 273 520 128 4.64837 399 510 3.12909
8.06525 0.270998 0.439046 0 -25 -0.4 0 0.387741 0.439602 438 150 625 147 410 269 621 273 520 128 4.64837 399 510 3.12909
8.13192 0.270998 0.439046 0 -25 -0.4 0 0.387741 0.439602 438 150 625 147 410 269 621 273 520 128 4.64837 399 510 3.12909
8.19858 0.270998 0.439046 0 -25 -0.4 0 0.387741 0.439602 438 150 625 147 410 269 621 273 520 128 4.64837 399 510 3.12909
8.26523 0.270998 0.439046 0 -25 -0.4 0 0.387741 0.439602 438 150 625 147 410 269 621 273 520 128 4.64837 399 510 3.12909
8.33193 0.270998 0.439046 0 -25 -0.4 0 0.387741 0.439602 438 150 625 147 410 269 621 273 520 128 4.64837 399 510 3.12909
8.39858 0.270998 0.439046 0 -25 -0.4 0 0.387741 0.439602 438 150 625 147 410 269 621 273 520 128 4.64837 399 510 3.12909
8.46527 0.270998 0.439046 0 -25 -0.4 0 0.387741 0.439602 438 150 625 147 410 269 621 273 520 128 4.64837 399 510 3.12909
8.53192 0.270998 0.439046 0 -25 -0.4 0 0.387741 0.439602 438 150 625 147 410 269 621 273 520 128 4.64837 399 510 3.12909
8.59859 0.270998 0.439046 0 -25 -0.4 0 0.387741 0.439602 438 150 625 147 410 269 621 273 520 128 4.64837 399 510 3.12909
8.66527 0.270998 0.439046 0 -25 -0.4 0 0.387741 0.439602 438 150 625 147 410 269 621 273 520 128 4.64837 399 510 3.12909
8.73192 0.270998 0.439046 0 -25 -0.4 0 0.387741 0.439602 438 150 625 147 410 269 621 273 520 128 4.64837 399 510 3.12909
8.79859 0.270998 0.439046 0 -25 -0.4 0 0.387741 0.439602 438 150 625 147 410 269 621 273 520 128 4.64837 399 510 3.12909
8.86526 0.270998 0.439046 0 -25 -0.4 0 0.387741 0.439602 438 150 625 147 410 269 621 273 520 128 4.64837 399 510 3.12909
8.93193 0.270998 0.439046 0 -25 -0.4 0 0.387741 0.439602 438 150 625 147 410 269 621 273 520 128 4.64837 399 510 3.12909
8.99858 0.270998 0.439046 0 -25 -0.4 0 0.387741 0.439602 438 150 625 147 410 269 621 273 520 128 4.64837 399 510 3.12909
9.06526 0.270998 0.439046 0 -25 -0.4 0 0.387741 0.439602 438 150 625 147 410 269 621 273 520 128 4.64837 399 510 3.12909
9.13192 0.270998 0.439046 0 -25 -0.4 0 0.387741 0.439602 438 150 625 147 410 269 621 273 520 128 4.64837 399 510 3.12909
9.1986 0.270998 0.439046 0 -25 -0.4 0 0.387741 0.439602 438 150 625 147 410 269 621 273 520 128 4.64837 399 510 3.12909
9.26527 0.270998 0.439046 0 -25 -0.4 0 0.387741 0.439602 438 150 625 147 410 269 621 273 520 128 4.64837 399 510 3.12909
9.33192 0.270998 0.439046 0 -25 -0.4 0 0.387741 0.439602 438 150 625 147 410 269 621 273 520 128 4.64837 399 510 3.12909
9.39857 0.270998 0.439046 0 -25 -0.4 0 0.387741 0.439602 438 150 625 147 410 269 621 273 520 128 4.64837 399 510 3.12909
9.46523 0.270998 0.439046 0 -25 -0.4 0 0.387741 0.439602 438 150 625 147 410 269 621 273 520 128 4.64837 399 510 3.12909
9.53193 0.270998 0.439046 0 -25 -0.4 0 0.387741 0.439602 438 150 625 147 410 269 621 273 520 128 4.64837 399 510 3.12909
9.59859 0.270998 0.439046 0 -25 -0.4 0 0.387741 0.439602 438 150 625 147 410 269 621 273 520 128 4.64837 399 510 3.12909
9.66526 0.270998 0.439046 0 -25 -0.4 0 0.387741 0.439602 438 150 625 147 410 269 621 273 520 128 4.64837 399 510 3.12909
9.73191 0.270998 0.439046 0 -25 -0.4 0 0.387741 0.439602 438 150 625 147 410 269 621 273 520 128 4.64837 399 510 3.12909
9.7986 0.270998 0.439046 0 -25 -0.4 0 0.387741 0.439602 438 150 625 147 410 269 621 273 520 128 4.64837 399 510 3.12909
9.86526 0.270998 0.439046 0 -25 -0.4 0 0.387741 0.439602 438 150 625 147 410 269 621 273 520 128 4.64837 399 510 3.12909
9.93192 0.270998 0.439046 0 -25 -0.4 0 0.387741 0.439602 438 150 625 147 410 269 621 273 520 128 4.64837 399 510 3.12909
9.99859 0.270998 0.439046 0 -25 -0.4 0 0.387741 0.439602 438 150 625 147 410 269 621 273 520 128 4.64837 399 510 3.12909
10.0653 0.270998 0.439046 0 -25 -0.4 0 0.387741 0.439602 438 150 625 147 410 269 621 273 520 128 4.64837 399 510 3.12909
10.1319 0.270998 0.439046 0 -25 -0.4 0 0.387741 0.439602 438 150 625 147 410 269 621 273 520 128 4.64837 399 510 3.12909
10.1986 0.270998 0.439046 0 -25 -0.4 0 0.387741 0.439602 438 150 625 147 410 269 621 273 520 128 4.64837 399 510 3.12909
10.2652 0.270998 0.439046 0 -25 -0.4 0 0.387741 0.439602 438 150 625 147 410 269 621 273 520 128 4.64837 399 510 3.12909
10.3319 0.270998 0.439046 0 -25 -0.4 0 0.387741 0.439602 438 150 625 147 410 269 621 273 520 128 4.64837 399 510 3.12909
10.3986 0.270998 0.439046 0 -25 -0.4 0 0.387741 0.439602 438 150 625 147 410 269 621 273 520 128 4.64837 399 510 3.12909
10.4653 0.270998 0.439046 0 -25 -0.4 0 0.387741 0.439602 438 150 625 147 410 269 621 273 520 128 4.64837 399 510 3.12909
10.5319 0.270998 0.439046 0 -25 -0.4 0 0.387741 0.439602 438 150 625 147 410 269 621 273 520 128 4.64837 399 510 3.12909
10.5986 0.270998 0.439046 0 -25 -0.4 0 0.387741 0.439602 438 150 625 147 410 269 621 273 520 128 4.64837 399 510 3.12909
10.6652 0.270998 0.439046 0 -25 -0.4 0 0.387741 0.439602 438 150 625 147 410 269 621 273 520 128 4.64837 399 510 3.12909
10.7319 0.270998 0.439046 0 -25 -0.4 0 0.387741 0.439602 438 150 625 147 410 269 621 273 520 128 4.64837 399 510 3.12909
10.7986 0.270998 0.439046 0 -25 -0.4 0 0.387741 0.439602 438 150 625 147 410 269 621 273 520 128 4.64837 399 510 3.12909
10.8653 0.270998 0.439046 0 -25 -0.4 0 0.387741 0.439602 438 150 625 147 410 269 621 273 520 128 4.64837 399 510 3.12909
10.9319 0.270998 0.439046 0 -25 -0.4 0 0.387741 0.439602 438 150 625 147 410 269 621 273 520 128 4.64837 399 510 3.12909
10.9986 0.270998 0.439046 0 -25 -0.4 0 0.387741 0.439602 438 150 625 147 410 269 621 273 520 128 4.64837 399 510 3.12909
11.0653 0.270998 0.439046 0 -25 -0.4 0 0.387741 0.439602 438 150 625 147 410 269 621 273 520 128 4.64837 399 510 3.12909
11.1319 0.270998 0.439046 0 -25 -0.4 0 0.387741 0.439602 438 150 625 147 410 269 621 273 520 128 4.64837 399 510 3.12909
11.1986 0.270998 0.439046 0 -25 -0.4 0 0.387741 0.439602 438 150 625 147 410 269 621 273 520 128 4.64837 399 510 3.12909
11.2653 0.270998 0.439046 0 -25 -0.4 0 0.387741 0.439602 438 150 625 147 410 269 621 273 520 128 4.64837 399 510 3.12909
11.3319 0.270998 0.439046 0 -25 -0.4 0 0.387741 0.439602 438 150 625 147 410 269 621 273 520 128 4.64837 399 510 3.12909
11.3986 0.270998 0.439046 0 -25 -0.4 0 0.387741 0.439602 438 150 625 147 410 269 621 273 520 128 4.64837 399 510 3.12909
11.4652 0.270998 0.439046 0 -25 -0.4 0 0.387741 0.439602 438 150 625 147 410 269 621 273 520 128 4.64837 399 510 3.12909
11.5319 0.270998 0.439046 0 -25 -0.4 0 0.387741 0.439602 438 150 625 147 410 269 621 273 520 128 4.64837 399 510 3.12909
11.5986 0.270998 0.439046 0 -25 -0.4 0 0.387741 0.439602 438 150 625 147 410 269 621 273 520 128 4.64837 399 510 3.12909
11.6653 0.270998 0.439046 0 -25 -0.4 0 0.387741 0.439602 438 150 625 147 410 269 621 273 520 128 4.64837 399 510 3.12909
11.7319 0.270998 0.439046 0 -25 -0.4 0 0.387741 0.439602 438 150 625 147 410 269 621 273 520 128 4.64837 399 510 3.12909
11.7986 0.270998 0.439046 0 -25 -0.4 0 0.387741 0.439602 438 150 625 147 410 269 621 273 520 128 4.64837 399 510 3.12909
11.8653 0.270998 0.439046 0 -25 -0.4 0 0.387741 0.439602 438 150 625 147 410 269 621 273 520 128 4.64837 399 510 3.12909
11.9319 0.270998 0.439046 0 -25 -0.4 0 0.387741 0.439602 438 150 625 147 410 269 621 273 520 128 4.64837 399 510 3.12909
11.9986 0.270998 0.439046 0 -25 -0.4 0 0.387741 0.439602 438 150 625 147 410 269 621 273 520 128 4.64837 399 510 3.12909
12.0652 0.270998 0.439046 0 -25 -0.4 0 0.387741 0.439602 438 150 625 147 410 269 621 273 520 128 4.64837 399 510 3.12909
12.1319 0.270998 0.439046 0 -25 -0.4 0 0.387741 0.439602 438 150 625 147 410 269 621 273 520 128 4.64837 399 510 3.12909
12.1986 0.270998 0.439046 0 -25 -0.4 0 0.387741 0.439602 438 150 625 147 410 269 621 273 520 128 4.64837 399 510 3.12909
12.2653 0.270998 0.439046 0 -25 -0.4 0 0.387741 0.439602 438 150 625 147 410 269 621 273 520 128 4.64837 399 510 3.12909
12.3319 0.270998 0.439046 0 -25 -0.4 0 0.387741 0.439602 438 150 625 147 410 269 621 273 520 128 4.64837 399 510 3.12909
12.3986 0.270998 0.439046 0 -25 -0.4 0 0.387741 0.439602 438 150 625 147 410 269 621 273 520 128 4.64837 399 510 3.12909
12.4653 0.270998 0.439046 0 -25 -0.4 0 0.387741 0.439602 438 150 625 147 410 269 621 273 520 128 4.64837 399 510 3.12909
12.5319 0.270998 0.439046 0 -25 -0.4 0 0.387741 0.439602 438 150 625 147 410 269 621 273 520 128 4.64837 399 510 3.12909
12.5986 0.270998 0.439046 0 -25 -0.4 0 0.387741 0.439602 438 150 625 147 410 269 621 273 520 128 4.64837 399 510 3.12909
12.6653 0.270998 0.439046 0 -25 -0.4 0 0.387741 0.439602 438 150 625 147 410 269 621 273 520 128 4.64837 399 510 3.12909
12.7319 0.270998 0.439046 0 -25 -0.4 0 0.387741 0.439602 438 150 625 147 410 269 621 273 520 128 4.64837 399 510 3.12909
12.7986 0.270998 0.439046 0 -25 -0.4 0 0.387741 0.439602 438 150 625 147 410 269 621 273 520 128 4.64837 399 510 3.12909
12.8653 0.270998 0.439046 0 -25 -0.4 0 0.387741 0.439602 438 150 625 147 410 269 621 273 520 128 4.64837 399 510 3.12909
12.9319 0.270998 0.439046 0 -25 -0.4 0 0.387741 0.439602 438 150 625 147 410 269 621 273 520 128 4.64837 399 510 3.12909
12.9986 0.270998 0.439046 0 -25 -0.4 0 0.387741 0.439602 438 150 625 147 410 269 621 273 520 128 4.64837 399 510 3.12909
13.0652 0.270998 0.439046 0 -25 -0.4 0 0.387741 0.439602 438 150 625 147 410 269 621 273 520 128 4.64837 399 510 3.12909
13.1319 0.270998 0.439046 0 -25 -0.4 0 0.387741 0.439602 438 150 625 147 410 269 621 273 520 128 4.64837 399 510 3.12909
13.1986 0.270998 0.439046 0 -25 -0.4 0 0.387741 0.439602 438 150 625 147 410 269 621 273 520 128 4.64837 399 510 3.12909
13.2653 0.270998 0.439046 0 -25 -0.4 0 0.387741 0.439602 438 150 625 147 410 269 621 273 520 128 4.64837 399 510 3.12909
13.3319 0.270998 0.439046 0 -25 -0.4 0 0.387741 0.439602 438 150 625 147 410 269 621 273 520 128 4.64837 399 510 3.12909
13.3986 0.270998 0.439046 0 -25 -0.4 0 0.387741 0.439602 438 150 625 147 410 269 621 273 520 128 4.64837 399 510 3.12909
13.4652 0.270998 0.439046 0 -25 -0.4 0 0.387741 0.439602 438 150 625 147 410 269 621 273 520 128 4.64837 399 510 3.12909
13.5319 0.270998 0.439046 0 -25 -0.4 0 0.387741 0.439602 438 150 625 147 410 269 621 273 520 128 4.64837 399 510 3.12909
13.5986 0.270998 0.439046 0 -25 -0.4 0 0.387741 0.439602 438 150 625 147 410 269 621 273 520 128 4.64837 399 510 3.12909
13.6652 0.270998 0.439046 0 -25 -0.4 0 0.387741 0.439602 438 150 625 147 410 269 621 273 520 128 4.64837 399 510 3.12909
13.7319 0.270998 0.439046 0 -25 -0.4 0 0.387741 0.439602 438 150 625 147 410 269 621 273 520 128 4.64837 399 510 3.12909
13.7986 0.270998 0.439046 0 -25 -0.4 0 0.387741 0.439602 438 150 625 147 410 269 621 273 520 128 4.64837 399 510 3.12909
13.8653 0.270998 0.439046 0 -25 -0.4 0 0.387741 0.439602 438 150 625 147 410 269 621 273 520 128 4.64837 399 510 3.12909
13.9319 0.270998 0.439046 0 -25 -0.4 0 0.387741 0.439602 438 150 625 147 410 269 621 273 520 128 4.64837 399 510 3.12909
13.9986 0.270998 0.439046 0 -25 -0.4 0 0.387741 0.439602 438 150 625 147 410 269 621 273 520 128 4.64837 399 510 3.12909
14.0652 0.270998 0.439046 0 -25 -0.4 0 0.387741 0.439602 438 150 625 147 410 269 621 273 520 128 4.64837 399 510 3.12909
14.1319 0.270998 0.439046 0 -25 -0.4 0 0.387741 0.439602 438 150 625 147 410 269 621 273 520 128 4.64837 399 510 3.12909
14.1986 0.270998 0.439046 0 -25 -0.4 0 0.387741 0.439602 438 150 625 147 410 269 621 273 520 128 4.64837 399 510 3.12909
14.2653 0.270998 0.439046 0 -25 -0.4 0 0.387741 0.439602 438 150 625 147 410 269 621 273 520 128 4.64837 399 510 3.12909
14.3319 0.270998 0.439046 0 -25 -0.4 0 0.387741 0.439602 438 150 625 147 410 269 621 273 520 128 4.64837 399 510 3.12909
14.3986 0.270998 0.439046 0 -25 -0.4 0 0.387741 0.439602 438 150 625 147 410 269 621 273 520 128 4.64837 399 510 3.12909
14.4653 0.270998 0.439046 0 -25 -0.4 0 0.387741 0.439602 438 150 625 147 410 269 621 273 520 128 4.64837 399 510 3.12909
14.5319 0.270998 0.439046 0 -25 -0.4 0 0.387741 0.439602 438 150 625 147 410 269 621 273 520 128 4.64837 399 510 3.12909
14.5986 0.270998 0.439046 0 -25 -0.4 0 0.387741 0.439602 438 150 625 147 410 269 621 273 520 128 4.64837 399 510 3.12909
14.6652 0.270998 0.439046 0 -25 -0.4 0 0.387741 0.439602 438 150 625 147 410 269 621 273 520 128 4.64837 399 510 3.12909
14.7319 0.270998 0.439046 0 -25 -0.4 0 0.387741 0.439602 438 150 625 147 410 269 621 273 520 128 4.64837 399 510 3.12909
14.7986 0.270998 0.439046 0 -25 -0.4 0 0.387741 0.439602 438 150 625 147 410 269 621 273 520 128 4.64837 399 510 3.12909
14.8653 0.270998 0.439046 0 -25 -0.4 0 0.387741 0.439602 438 150 625 147 410 269 621 273 520 128 4.64837 399 510 3.12909
14.9319 0.270998 0.439046 0 -25 -0.4 0 0.387741 0.439602 438 150 625 147 410 269 621 273 520 128 4.64837 399 510 3.12909
14.9986 0.270998 0.439046 0 -25 -0.4 0 0.387741 0.439602 438 150 625 147 410 269 621 273 520 128 4.64837 399 510 3.12909
15.0652 0.270998 0.439046 0 -25 -0.4 0 0.387741 0.439602 438 150 625 147 410 269 621 273 520 128 4.64837 399 510 3.12909
15.1319 0.270998 0.439046 0 -25 -0.4 0 0.387741 0.439602 438 150 625 147 410 269 621 273 520 128 4.64837 399 510 3.12909
15.1986 0.270998 0.439046 0 -25 -0.4 0 0.387741 0.439602 438 150 625 147 410 269 621 273 520 128 4.64837 399 510 3.12909
15.2652 0.270998 0.439046 0 -25 -0.4 0 0.387741 0.439602 438 150 625 147 410 269 621 273 520 128 4.64837 399 510 3.12909
15.3319 0.270998 0.439046 0 -25 -0.4 0 0.387741 0.439602 438 150 625 147 410 269 621 273 520 128 4.64837 399 510 3.12909
15.3986 0.270998 0.439046 0 -25 -0.4 0 0.387741 0.439602 438 150 625 147 410 269 621 273 520 128 4.64837 399 510 3.12909
15.4652 0.270998 0.439046 0 -25 -0.4 0 0.387741 0.439602 438 150 625 147 410 269 621 273 520 128 4.64837 399 510 3.12909
15.5319 0.270998 0.439046 0 -25 -0.4 0 0.387741 0.439602 438 150 625 147 410 269 621 273 520 128 4.64837 399 510 3.12909
15.5986 0 0 0 -25 -0.4 0 0.387741 0.439602 438 150 625 147 410 269 621 273 520 128 4.64837 399 510 3.12909
15.6652 0 0 0 -25 -0.4 0 0.387741 0.439602 438 150 625 147 410 269 621 273 520 128 4.64837 399 510 3.12909
15.7319 0 0 0 0 0 0 0 0 438 150 625 147 410 269 621 273 520 128 4.64837 399 510 3.12909
15.7986 0 0 0 0 0 0 0 0 438 150 625 147 410 269 621 273 520 128 4.64837 399 510 3.12909
15.8652 0 0 0 0 0 0 0 0 438 150 625 147 410 269 621 273 520 128 4.64837 399 510 3.12909
15.9319 0 0 0 0 0 0 0 0 438 150 625 147 410 269 621 273 520 128 4.64837 399 510 3.12909
15.9986 0 0 0 0 0 0 0 0 438 150 625 147 410 269 621 273 520 128 4.64837 399 510 3.12909
16.0652 0 0 0 0 0 0 0 0 438 150 625 147 410 269 621 273 520 128 4.64837 399 510 3.12909
16.1319 0 0 0 0 0 0 0 0 439 150 629 148 411 269 623 274 520 128 4.64837 399 510 3.14159
16.1986 0 0 0 0 0 0 0 0 439 150 629 148 411 269 622 274 520 128 4.64837 399 510 3.14159
16.2652 0 0 0 0 0 0 0 0 439 150 629 148 411 269 622 274 520 128 4.64837 399 510 3.14159
16.3319 0 0 0 0 0 0 0 0 439 150 629 148 411 269 622 274 520 128 4.64837 399 510 3.12909
16.3986 0 0 0 0 0 0 0 0 439 150 629 148 411 269 622 274 520 128 4.64837 399 511 3.18004
16.4652 0 0 0 0 0 0 0 0 439 150 629 148 411 269 623 274 520 128 4.64837 399 511 3.18004
16.5319 0 0 0 0 0 0 0 0 439 150 629 148 411 269 622 274 520 128 4.64837 399 510 3.14159
16.5986 0 0 0 0 0 0 0 0 439 150 629 148 411 269 622 274 520 128 4.64837 400 510 3.14159
16.6653 0 0 0 0 0 0 0 0 439 150 629 148 411 269 622 274 520 128 4.64837 399 511 3.18004
16.7319 0 0 0 0 0 0 0 0 439 150 629 148 411 269 622 274 520 128 4.64837 399 511 3.16723
16.7986 0 0 0 0 0 0 0 0 439 150 629 148 411 269 622 274 520 128 4.64837 399 511 3.18004
16.8653 0 0 0 0 0 0 0 0 439 150 629 148 411 269 622 274 520 128 4.64837 399 511 3.18004
16.9319 0 0 0 0 0 0 0 0 439 150 629 148 411 269 622 274 520 128 4.64837 399 510 3.14159
16.9986 0 0 0 0 0 0 0 0 439 150 629 148 411 269 622 274 520 128 4.64837 399 511 3.18004
17.0653 0 0 0 0 0 0 0 0 439 150 629 148 411 269 622 274 520 128 4.64837 399 511 3.16723
17.1319 0 0 0 0 0 0 0 0 439 150 629 148 411 269 622 274 520 128 4.64837 399 510 3.12909
17.1986 0 0 0 0 0 0 0 0 439 150 629 148 411 269 622 274 520 128 4.64837 400 510 3.14159
17.2653 0 0 0 0 0 0 0 0 439 150 629 148 411 269 622 274 520 128 4.64837 399 510 3.12909
17.3319 0 0 0 0 0 0 0 0 439 150 629 147 411 269 622 274 520 128 4.64837 399 510 3.14159
17.3986 0 0 0 0 0 0 0 0 439 150 629 148 411 269 622 274 520 128 4.64837 400 510 3.14159
17.4652 0 0 0 0 0 0 0 0 439 150 629 148 411 269 622 274 520 128 4.64837 400 510 3.14159
17.5319 0 0 0 0 0 0 0 0 439 150 629 148 411 269 622 274 520 128 4.64837 399 510 3.12909
17.5986 0 0 0 0 0 0 0 0 439 150 629 148 411 269 623 274 520 128 4.64837 399 510 3.12909
17.6653 0 0 0 0 0 0 0 0 439 150 629 148 411 269 622 274 520 128 4.64837 399 511 3.16723
17.7319 0 0 0 0 0 0 0 0 439 150 629 148 411 269 622 274 520 128 4.64837 399 510 3.12925
17.7986 0 0 0 0 0 0 0 0 439 150 629 148 411 269 622 274 520 128 4.64837 400 510 3.14159
17.8653 0 0 0 0 0 0 0 0 439 150 629 148 411 269 622 274 520 128 4.64837 400 510 3.16723
17.9319 0 0 0 0 0 0 0 0 439 150 629 147 411 269 623 274 520 128 4.64837 399 510 3.17955
17.9986 0 0 0 0 0 0 0 0 439 149 628 147 411 269 622 274 520 128 4.64837 400 510 3.18004
18.0653 0 0 0 0 0 0 0 0 439 149 629 147 411 269 622 274 520 128 4.64837 399 510 3.19218
18.1319 0 0 0 0 0 0 0 0 438 150 629 147 411 269 622 273 520 128 4.64837 400 510 3.14159
18.1986 0 0 0 0 0 0 0 0 439 150 629 148 411 269 622 274 520 128 4.64837 399 510 3.12925
18.2653 0 0 0 0 0 0 0 0 439 150 629 148 411 269 623 274 520 128 4.64837 400 510 3.14159
18.3319 0 0 0 0 0 0 0 0 438 150 629 148 411 269 638 277 520 128 4.64837 399 511 3.18053
18.3986 0.20108 0.358332 -2 -61 0 0 0 0 435 150 629 148 406 266 638 277 520 128 4.64837 399 510 3.19283
18.4652 0.20108 0.358332 -2 -61 0 0 0 0 435 150 766 205 406 266 705 313 520 128 4.64837 400 510 3.14159
18.5319 0.200051 0.331598 0 0 0 0 0.32108 0.358332 202 214 770 208 272 311 707 313 520 128 4.64837 400 512 3.12909
18.5986 0.200051 0.330313 0 2 0 0 0.320051 0.331598 205 213 771 210 272 311 707 312 520 128 4.64837 399 513 3.19218
18.6653 0.200051 0.330313 0 2 0 0 0.320051 0.331598 202 214 770 210 271 313 707 313 520 128 4.64837 399 513 3.18004
18.7319 0.200051 0.330313 0 2 0 0 0.320051 0.330313 203 212 771 209 271 313 707 314 520 128 4.64837 399 512 3.18004
18.7986 0.200051 0.330313 0 3 0 0 0.320051 0.330313 203 212 770 209 271 314 707 314 496 47 3.77914 399 511 3.17955
18.8652 0.200051 0.330313 0 3 0 0 0.320051 0.330313 203 211 771 208 271 314 707 314 499 77 3.68201 399 511 3.19218
18.9319 0.200051 0.330313 0 3 0 0 0.320051 0.330313 204 211 770 207 271 314 707 314 499 92 3.62367 400 510 3.14159
18.9986 0.200566 0.330313 5 -147 0 0 0.320051 0.330313 203 211 770 207 271 314 706 314 494 96 3.5776 400 510 3.12909
19.0653 0.200566 0.330313 5 -147 0 0 0.320566 0.330313 203 211 770 207 271 314 707 314 493 97 3.56906 399 510 3.14159
19.1319 0.200566 0.330313 5 -147 0 0 0.320566 0.330313 262 176 770 207 305 289 706 313 493 98 3.55459 399 510 3.14159
19.1986 0.200566 0.357818 0 -7 0 0 0.320566 0.330313 260 177 770 208 305 289 707 313 493 98 3.54111 400 510 3.15409
19.2652 0.200566 0.357818 0 -7 0 0 0.320566 0.357818 260 178 770 208 304 290 707 313 492 97 3.54648 399 511 3.18053
19.3319 0.200566 0.357818 0 -7 0 0 0.320566 0.357818 259 177 770 208 304 291 706 314 493 97 3.5505 399 510 3.14159
19.3986 0.200308 0.355247 0 2 0 0 0.320566 0.357818 259 177 770 207 290 299 707 314 493 97 3.5505 400 510 3.14159
19.4652 0.200308 0.355247 0 2 0 0 0.320308 0.355247 206 209 770 208 290 299 706 314 492 98 3.53559 399 511 3.16723
19.5319 0.200308 0.330827 4 3 0 0 0.320308 0.355247 205 210 770 208 272 313 707 314 493 98 3.52597 399 511 3.19155
19.5986 0.200308 0.330827 4 3 0 0 0.320308 0.355247 205 210 770 208 272 313 707 314 492 98 3.53164 399 510 3.15425
19.6653 0.200308 0.330827 4 3 0 0 0.320308 0.330827 205 210 770 208 272 313 707 314 493 98 3.53716 399 511 3.14159
19.7319 0.200308 0.353448 3 -5 0 0 0.320308 0.330827 205 210 770 208 302 292 707 313 493 98 3.52397 399 511 3.12909
19.7986 0.200308 0.353448 3 -5 0 0 0.320308 0.330827 258 178 770 208 304 291 707 313 492 98 3.53164 399 511 3.17955
19.8653 0.200308 0.353448 3 -5 0 0 0.320308 0.353448 259 177 770 208 304 291 707 314 492 98 3.5183 399 511 3.19155
19.9319 0.200308 0.357304 0 10 0 0 0.320308 0.353448 258 177 770 208 304 291 707 314 493 98 3.51458 399 511 3.18004
19.9986 0.200308 0.357304 0 10 0 0 0.320308 0.353448 259 177 770 208 303 292 707 314 493 98 3.51458 399 510 3.12925
20.0653 0.200308 0.357304 0 10 0 0 0.320308 0.357304 254 179 770 208 301 293 707 314 493 98 3.52777 400 510 3.16723
20.1319 0.200308 0.355504 0 2 0 0 0.320308 0.357304 254 180 770 207 301 293 706 314 492 99 3.5183 400 510 3.14159
20.1986 0.200308 0.355504 0 2 0 0 0.320308 0.357304 253 179 770 207 301 293 707 314 493 99 3.51458 400 510 3.12909
20.2653 0.200308 0.355504 0 2 0 0 0.320308 0.355504 254 180 770 207 301 293 707 314 493 98 3.50512 400 510 3.12909
20.3319 0.200308 0.355247 0 1 0 0 0.320308 0.355504 253 180 770 207 299 294 706 314 493 98 3.52777 400 510 3.14159
20.3986 0.200308 0.355247 0 1 0 0 0.320308 0.355504 250 181 770 208 299 294 707 314 493 98 3.52777 399 511 3.16723
20.4652 0.200308 0.355247 0 1 0 0 0.320308 0.355247 250 182 770 207 298 294 707 314 493 98 3.52777 400 510 3.14159
20.5319 0.200308 0.353962 0 3 0 0 0.320308 0.355247 250 181 770 208 298 294 707 314 493 98 3.52777 399 510 3.12909
20.5986 0.200308 0.353962 0 3 0 0 0.320308 0.353962 250 181 770 207 298 294 707 314 493 98 3.52777 400 510 3.14159
20.6652 0.200308 0.353962 0 3 0 0 0.320308 0.353962 252 180 770 207 300 293 707 314 493 98 3.52777 399 510 3.12925
20.7319 0.200308 0.356789 0 0 0 0 0.320308 0.353962 253 179 770 207 301 293 707 314 493 98 3.52777 400 510 3.18004
20.7986 0.200308 0.356789 0 0 0 0 0.320308 0.356789 254 179 770 207 301 293 707 314 493 98 3.52777 399 510 3.12925
20.8653 0.200308 0.356789 0 0 0 0 0.320308 0.356789 254 179 770 207 301 293 707 314 493 98 3.52777 399 510 3.12925
20.9319 0.200308 0.357046 0 5 0 0 0.320308 0.356789 254 180 770 207 301 293 707 314 493 98 3.51458 400 510 3.14159
20.9986 0.200308 0.357046 0 5 0 0 0.320308 0.357046 252 180 770 207 300 294 707 314 493 98 3.52777 400 510 3.16723
21.0653 0.200308 0.355504 0 3 0 0 0.320308 0.357046 251 180 770 207 300 294 707 314 493 98 3.52777 400 510 3.16723
21.1319 0.200308 0.355504 0 3 0 0 0.320308 0.357046 252 181 770 207 300 294 707 314 493 98 3.52777 400 510 3.12909
21.1986 0.200308 0.355504 0 3 0 0 0.320308 0.355504 252 181 770 207 300 294 707 314 493 98 3.52777 399 510 3.12925
21.2653 0.200308 0.355761 0 -7 0 0 0.320308 0.355504 252 181 770 207 300 294 707 314 493 98 3.52777 400 510 3.12909
21.3319 0.200308 0.355761 0 -7 0 0 0.320308 0.355504 253 180 770 207 301 293 707 314 493 98 3.5221 400 510 3.16723
21.3986 0.200308 0.355761 0 -7 0 0 0.320308 0.355761 254 180 770 207 301 293 707 314 493 98 3.52777 400 510 3.14159
21.4652 0.200308 0.356789 0 -7 0 0 0.320308 0.355761 253 180 770 207 301 293 707 314 493 98 3.52777 399 510 3.12925
21.5319 0.200308 0.356789 0 -7 0 0 0.320308 0.355761 254 180 770 207 301 293 707 314 493 98 3.52777 399 510 3.12925
21.5986 0.200308 0.356789 0 -7 0 0 0.320308 0.356789 253 180 770 207 300 293 707 314 493 98 3.52777 400 510 3.14159
21.6653 0.200308 0.356018 0 3 0 0 0.320308 0.356789 252 180 770 207 300 293 706 314 493 98 3.5221 399 510 3.12909
21.7319 0.200308 0.356018 0 3 0 0 0.320308 0.356789 253 180 770 207 300 293 707 314 493 98 3.5221 399 510 3.12925
21.7986 0.200308 0.356018 0 3 0 0 0.320308 0.356018 252 180 770 207 300 293 707 314 493 98 3.52777 400 510 3.12909
21.8653 0.200308 0.356018 0 3 0 0 0.320308 0.356018 253 180 770 207 300 293 707 314 493 98 3.53329 399 510 3.12925
21.9319 0.200308 0.356018 0 3 0 0 0.320308 0.356018 253 180 770 207 300 293 707 314 493 98 3.52777 400 510 3.16723
21.9986 0.200308 0.356018 0 3 0 0 0.320308 0.356018 253 180 770 207 300 293 707 314 493 98 3.53329 399 510 3.12925
22.0653 0.200308 0.356018 0 3 0 0 0.320308 0.356018 253 180 770 207 300 293 707 314 493 98 3.5221 399 510 3.12925
22.1319 0.200308 0.356018 0 3 0 0 0.320308 0.356018 253 180 770 207 300 293 707 314 493 98 3.52777 400 510 3.14159
22.1986 0.200308 0.356018 0 3 0 0 0.320308 0.356018 253 180 770 208 300 293 707 314 493 98 3.52777 399 510 3.12925
22.2653 0.200308 0.356018 0 3 0 0 0.320308 0.356018 253 180 770 207 300 293 707 314 493 98 3.52777 399 510 3.12925
22.3319 0.200308 0.356018 0 3 0 0 0.320308 0.356018 253 180 770 207 300 293 707 314 493 98 3.5221 400 510 3.14159
22.3986 0.200308 0.356018 0 3 0 0 0.320308 0.356018 253 180 770 207 300 293 707 314 493 98 3.53329 399 510 3.12925
22.4653 0.200308 0.356018 0 3 0 0 0.320308 0.356018 253 180 770 207 300 293 707 314 493 98 3.53329 399 510 3.12925
22.5319 0.200308 0.356018 0 3 0 0 0.320308 0.356018 253 180 770 207 300 293 707 314 493 98 3.53329 400 510 3.14159
22.5986 0.200308 0.356018 0 3 0 0 0.320308 0.356018 253 180 770 207 300 293 707 314 493 98 3.52777 399 510 3.12925
22.6653 0.200308 0.356018 0 4 0 0 0.320308 0.356018 253 180 770 207 300 293 707 314 493 98 3.53329 400 510 3.16723
22.7319 0.200308 0.356018 0 4 0 0 0.320308 0.356018 253 180 770 207 300 293 707 314 493 98 3.52777 400 510 3.14159
22.7986 0.200308 0.356018 0 4 0 0 0.320308 0.356018 253 180 770 207 300 293 707 314 493 98 3.52777 399 510 3.12925
22.8652 0.200308 0.356018 0 4 0 0 0.320308 0.356018 253 180 770 207 300 293 707 314 493 98 3.52777 399 510 3.12925
22.9319 0.200308 0.356018 0 4 0 0 0.320308 0.356018 253 180 770 207 300 293 707 314 493 98 3.52777 399 510 3.12925
22.9986 0.200308 0.356018 0 3 0 0 0.320308 0.356018 253 180 770 207 300 293 707 314 493 98 3.52777 399 510 3.12925
23.0652 0.200308 0.356018 0 3 0 0 0.320308 0.356018 253 180 770 207 300 293 707 314 493 98 3.52777 400 510 3.14159
23.1319 0.200308 0.356018 0 3 0 0 0.320308 0.356018 253 180 770 207 300 293 707 314 493 98 3.52777 399 510 3.12925
23.1986 0.200308 0.356018 0 3 0 0 0.320308 0.356018 253 180 770 207 300 293 707 314 493 98 3.52777 400 510 3.12909
23.2653 0.200308 0.356018 0 3 0 0 0.320308 0.356018 253 180 770 207 300 293 707 314 493 98 3.5221 399 510 3.12925
23.3319 0.200308 0.356018 0 3 0 0 0.320308 0.356018 253 180 770 207 300 293 707 314 493 98 3.52777 399 510 3.12925
23.3986 0.200308 0.356018 0 3 0 0 0.320308 0.356018 253 180 770 207 300 293 707 314 493 98 3.52777 399 510 3.12925
23.4652 0.200308 0.356018 0 3 0 0 0.320308 0.356018 253 180 770 207 300 293 707 314 493 98 3.52777 400 510 3.12909
23.5319 0.200308 0.356018 0 3 0 0 0.320308 0.356018 253 180 770 207 300 293 707 314 493 98 3.52777 399 510 3.12925
23.5986 0.200308 0.356018 0 3 0 0 0.320308 0.356018 253 180 770 207 300 293 707 314 493 98 3.52777 399 510 3.12925
23.6652 0.200308 0.356018 0 3 0 0 0.320308 0.356018 253 180 770 207 300 293 707 314 493 98 3.52777 400 510 3.16723
23.7319 0.200308 0.356018 0 3 0 0 0.320308 0.356018 253 180 770 207 300 293 707 314 493 98 3.53329 399 510 3.12925
23.7986 0.200308 0.356018 0 3 0 0 0.320308 0.356018 253 180 770 207 300 293 707 314 493 98 3.52777 400 510 3.16723
23.8653 0.200308 0.356018 0 3 0 0 0.330308 0.366018 253 180 770 207 300 293 707 314 493 98 3.5221 400 510 3.12909
23.9319 0.200308 0.356018 0 3 0 0 0.330308 0.366018 253 180 770 207 300 293 707 314 493 98 3.52777 399 510 3.12925
23.9986 0.200308 0.356018 0 3 0 0 0.330308 0.366018 253 180 770 207 300 293 707 314 493 98 3.52777 399 510 3.12925
24.0653 0.200308 0.356018 0 3 0 0 0.330308 0.366018 253 180 770 207 300 293 707 314 493 98 3.52777 400 510 3.12909
24.1319 0.200308 0.356018 0 3 0 0 0.330308 0.366018 253 180 770 207 300 293 707 314 493 98 3.52777 399 510 3.12925
24.1986 0.200308 0.356018 0 3 0 0 0.330308 0.366018 252 180 758 198 300 294 698 307 493 98 3.52777 400 510 3.16723
24.2653 0.200308 0.356018 0 3 0 0 0.330308 0.366018 252 180 753 195 300 294 696 306 493 98 3.52024 400 510 3.16723
24.3319 0.208277 0.356018 9 3 0 0 0.340308 0.376018 252 180 752 194 300 294 696 306 493 98 3.51458 400 510 3.16723
24.3986 0.208277 0.356018 9 3 0 0 0.340308 0.376018 252 180 752 194 301 293 696 306 493 98 3.51458 400 510 3.18004
24.4653 0.208277 0.356018 9 3 0 0 0.340308 0.376018 269 172 752 194 310 288 696 306 493 99 3.5183 399 510 3.18053
24.5319 0.208277 0.356018 9 3 0 0 0.340308 0.376018 272 171 752 194 312 287 696 306 492 99 3.52777 399 510 3.19218
24.5986 0.208277 0.356018 9 3 0 0 0.340308 0.376018 273 171 752 194 312 287 696 305 493 99 3.51458 399 510 3.19218
24.6653 0.209819 0.365786 7 -1 0 0 0.340308 0.376018 273 171 747 191 312 287 689 301 492 99 3.5183 399 510 3.14159
24.7319 0.209819 0.365786 7 -1 0 0 0.340308 0.376018 273 171 735 184 312 286 686 298 493 99 3.52397 399 510 3.18053
24.7986 0.209819 0.365786 7 -1 0 0 0.340308 0.376018 273 171 733 183 312 286 684 298 493 99 3.51458 400 510 3.14159
24.8653 0.209819 0.365786 7 -1 0 0 0.350308 0.386018 273 171 733 183 312 287 684 298 493 98 3.52777 399 511 3.14159
24.9319 0.219587 0.365786 7 -8 0 0 0.350308 0.386018 293 164 733 183 325 281 685 297 493 98 3.52777 399 511 3.18053
24.9986 0.219587 0.365786 7 -8 0 0 0.350308 0.386018 296 163 732 183 326 281 684 297 493 98 3.52397 399 511 3.18053
25.0653 0.219587 0.365786 7 -8 0 0 0.350308 0.386018 296 163 732 183 326 281 685 297 493 98 3.52397 399 511 3.18053
25.1319 0.219587 0.365786 7 -8 0 0 0.350308 0.386018 296 162 732 183 327 281 682 297 493 98 3.5183 399 511 3.17955
25.1986 0.219844 0.375811 1 -9 0 0 0.350308 0.386018 296 162 715 174 327 281 674 293 493 98 3.52397 399 511 3.17955
25.2652 0.219844 0.375811 1 -9 0 0 0.350308 0.386018 296 161 715 173 327 282 674 293 493 97 3.51458 399 511 3.17955
25.3319 0.219844 0.375811 1 -9 0 0 0.360308 0.405 296 161 714 173 326 282 674 293 493 97 3.50877 399 510 3.17955
25.3986 0.219844 0.375811 1 -9 0 0 0.360308 0.405 310 157 714 173 338 278 674 293 493 98 3.5221 399 510 3.19218
25.4653 0.22987 0.384294 8 -20 0 0 0.360308 0.405 318 155 714 173 339 277 674 293 493 97 3.50877 400 510 3.18004
25.5319 0.22987 0.384294 8 -20 0 0 0.360308 0.405 319 155 714 173 340 277 674 293 493 98 3.51458 399 510 3.18053
25.5986 0.22987 0.384294 8 -20 0 0 0.360308 0.405 319 155 714 173 340 277 673 292 493 98 3.51458 400 510 3.18004
25.6652 0.22987 0.384294 8 -20 0 0 0.360308 0.405 319 155 695 165 340 277 661 286 493 99 3.51458 399 510 3.14159
25.7319 0.22987 0.384294 8 -20 0 0 0.360308 0.405 319 156 694 165 340 276 662 286 493 99 3.52397 399 510 3.18053
25.7986 0.238095 0.385579 11 -19 0 0 0.370308 0.405 319 156 693 165 340 276 662 285 493 99 3.52397 400 510 3.12909
25.8652 0.238095 0.385579 11 -19 0 0 0.370308 0.405 319 156 693 165 340 276 661 286 493 99 3.52397 400 510 3.18004
25.9319 0.238095 0.385579 11 -19 0 0 0.370308 0.405 365 148 693 165 367 270 661 286 493 99 3.52397 400 510 3.14159
25.9986 0.238095 0.385579 11 -19 0 0 0.370308 0.405 367 148 693 165 369 270 661 286 493 99 3.53716 399 510 3.12909
26.0652 0.239895 0.404601 7 -14 0 0 0.370308 0.405 367 147 693 165 369 270 661 286 493 98 3.52777 399 511 3.16723
26.1319 0.239895 0.404601 7 -14 0 0 0.370308 0.405 367 147 675 159 369 270 648 281 493 98 3.52397 399 511 3.18053
26.1986 0.239895 0.404601 7 -14 0 0 0.370308 0.405 367 147 672 157 369 270 648 281 493 98 3.52397 400 511 3.18004
26.2652 0.239895 0.404601 7 -14 0 0 0.380308 0.405 367 147 671 157 370 271 648 281 492 98 3.5183 400 511 3.18004
26.3319 0.249663 0.404601 12 -6 0 0 0.380308 0.405 367 147 671 157 369 270 648 281 493 98 3.52397 399 511 3.18004
26.3986 0.249663 0.404601 12 -6 0 0 0.380308 0.405 367 147 671 157 369 270 648 281 492 98 3.52777 399 511 3.16723
26.4652 0.249663 0.404601 12 -6 0 0 0.380308 0.405 367 148 671 157 369 270 648 281 493 98 3.52777 400 510 3.12909
26.5319 0.249663 0.404601 12 -6 0 0 0.380308 0.405 367 147 671 157 369 270 648 281 493 98 3.5221 400 510 3.12909
26.5986 0.249663 0.404601 12 -6 0 0 0.380308 0.405 367 147 661 154 369 270 637 278 493 98 3.51458 399 510 3.18004
26.6652 0.24992 0.404858 1 -17 0 0 0.380308 0.405 368 147 649 151 369 270 634 277 493 98 3.51458 399 510 3.1669
26.7319 0.24992 0.404858 1 -17 0 0 0.390308 0.405 367 146 648 151 369 271 634 277 493 98 3.50512 399 510 3.17955
26.7986 0.24992 0.404858 1 -17 0 0 0.390308 0.405 367 147 648 151 369 270 634 277 493 98 3.51458 399 510 3.1669
26.8652 0.24992 0.404858 1 -17 0 0 0.390308 0.405 368 147 648 151 370 270 634 277 493 98 3.50877 400 510 3.16723
26.9319 0.259945 0.404601 8 -10 0 0 0.390308 0.405 367 147 648 151 369 270 634 277 493 98 3.51458 400 510 3.16723
26.9985 0.259945 0.404601 8 -10 0 0 0.390308 0.405 367 147 648 151 369 270 634 277 493 98 3.52777 399 510 3.12909
27.0652 0.259945 0.404601 8 -10 0 0 0.390308 0.405 367 148 644 151 370 270 628 276 493 98 3.5221 399 510 3.12894
27.1319 0.259945 0.404601 8 -10 0 0 0.390308 0.405 367 148 625 148 370 269 621 273 493 99 3.53716 399 510 3.14159
27.1986 0.26817 0.404601 10 -16 0 0 0.390308 0.405 368 148 624 148 370 269 620 273 493 99 3.53716 400 510 3.14159
27.2652 0.26817 0.404601 10 -16 0 0 0.41 0.405 367 148 624 147 369 270 619 273 493 98 3.53164 399 510 3.12894
27.3319 0.26817 0.404601 10 -16 0 0 0.41 0.405 367 148 623 147 370 270 620 273 493 98 3.52777 400 510 3.12909
27.3986 0.26817 0.404601 10 -16 0 0 0.41 0.405 367 148 624 147 370 270 620 273 493 98 3.52777 400 510 3.12909
27.4652 0.26817 0.404601 10 -16 0 0 0.41 0.405 367 148 624 147 370 270 619 273 493 98 3.52777 400 510 3.18004
27.5319 0.26997 0.404601 8 -12 0 0 0.41 0.405 367 147 623 147 370 270 614 274 493 98 3.51458 399 512 3.18004
27.5986 0.26997 0.404601 8 -12 0 0 0.41 0.405 367 148 578 145 370 270 593 270 477 97 3.53638 400 511 3.14159
27.6652 0.26997 0.404601 8 -12 0 0 0.41 0.405 367 148 580 145 370 269 593 271 454 98 3.57329 399 511 3.12925
27.7319 0.26997 0.404601 8 -12 0 0 0.38997 0.404601 367 148 579 145 370 269 593 270 476 103 3.5505 400 510 3.14159
27.7986 0.289249 0.404858 11 -5 0 0 0.38997 0.404601 367 148 579 145 370 269 593 270 455 105 3.48599 400 510 3.14159
27.8652 0.289249 0.404858 11 -5 0 0 0.409249 0.404858 368 148 579 145 370 270 593 271 457 107 3.54648 399 510 3.12894
27.9319 0.289249 0.404858 11 -5 0 0 0.409249 0.404858 368 148 580 145 370 270 593 271 457 107 3.54648 400 510 3.14159
27.9986 0.289249 0.404858 10 -9 0 0 0.409249 0.404858 367 148 580 145 370 270 593 271 457 107 3.54648 400 510 3.12909
28.0652 0.289249 0.404858 10 -9 0 0 0.409249 0.404858 367 147 580 145 370 270 593 271 457 107 3.54648 399 510 3.12925
28.1319 0.289249 0.404858 10 -9 0 0 0.409249 0.404858 367 147 580 145 370 270 593 271 457 107 3.54648 399 510 3.12925
28.1986 0.289506 0.404858 5 -6 0 0 0.409249 0.404858 367 147 580 145 370 270 593 271 457 107 3.54648 399 510 3.12925
28.2652 0.289506 0.404858 5 -6 0 0 0.409506 0.404858 367 147 579 144 370 270 593 271 457 107 3.54648 400 510 3.16723
28.3319 0.288992 0.404858 7 0 0.2 0.2 0.409706 0.405058 367 147 580 145 370 270 593 271 457 107 3.54648 399 510 3.12925
28.3986 0.288992 0.404858 7 0 0.2 0.2 0.409906 0.405258 367 147 580 145 370 270 593 271 457 107 3.54648 399 510 3.12909
28.4653 0.288992 0.404858 7 0 0.2 0.2 0.410106 0.405458 367 147 580 145 370 270 593 271 457 107 3.54648 400 510 3.12909
28.5319 0.288735 0.404601 6 0 0.2 0.2 0.410306 0.405658 367 147 580 145 370 270 593 271 457 107 3.54648 400 510 3.14159
28.5986 0.288735 0.404601 6 0 0.2 0.2 0.410506 0.405858 367 147 580 145 370 270 593 271 457 107 3.54648 400 510 3.14159
28.6652 0.288735 0.404601 6 0 0.2 0.2 0.410706 0.406058 367 147 580 145 370 270 593 271 457 107 3.54648 400 510 3.12909
28.7319 0.288735 0.404601 8 0 0.2 0.2 0.410906 0.406258 367 147 580 145 370 270 593 271 457 107 3.54648 400 510 3.18004
28.7986 0.288735 0.404601 8 0 0.2 0.2 0.411106 0.406458 367 147 580 145 370 270 593 271 457 107 3.54648 400 510 3.12909
28.8652 0.288735 0.404601 8 0 0.2 0.2 0.411306 0.406658 367 147 580 145 370 270 593 271 457 107 3.54648 399 510 3.12925
28.9319 0.289763 0.404601 13 -16 0.2 0.2 0.411506 0.406858 367 147 579 145 370 270 593 271 457 107 3.54648 399 510 3.12925
28.9986 0.289763 0.404601 13 -16 0.2 0.2 0.411706 0.407058 367 147 579 145 370 270 593 271 457 107 3.54648 400 510 3.14159
29.0652 0.289763 0.404601 13 -16 0.2 0.2 0.411906 0.407258 368 147 579 145 370 270 593 271 457 107 3.54648 399 510 3.12925
29.1319 0.29002 0.405372 28 -18 0.2 0.2 0.412106 0.407458 368 147 579 145 370 270 593 271 457 107 3.54111 399 510 3.12925
29.1986 0.29002 0.405372 28 -18 0.2 0.2 0.412306 0.407658 368 147 578 145 370 270 592 272 457 107 3.54648 399 510 3.14159
29.2652 0.29002 0.405372 28 -18 0.2 0.2 0.412506 0.407858 368 147 578 145 370 270 592 271 457 107 3.54648 399 510 3.12909
29.3319 0.290791 0.405629 15 -23 0.2 0.2 0.412706 0.408058 369 147 577 145 371 270 592 271 457 107 3.54648 399 510 3.14159
29.3986 0.290791 0.405629 15 -23 0.2 0.2 0.412906 0.408258 369 147 577 145 372 270 591 271 457 107 3.54648 399 510 3.12925
29.4653 0.290791 0.405629 15 -23 0.2 0.2 0.413106 0.408458 369 147 577 145 372 270 592 271 457 107 3.54648 400 510 3.12909
29.5319 0.290791 0.406658 15 -24 0.2 0.2 0.413306 0.408658 369 147 576 145 372 270 591 271 457 107 3.54648 400 510 3.12909
29.5986 0.290791 0.406658 15 -24 0.2 0.2 0.413506 0.408858 369 147 576 145 372 270 591 271 457 107 3.54648 400 510 3.12909
29.6653 0.290791 0.406658 15 -24 0.2 0.2 0.413706 0.409058 369 147 576 145 373 270 591 271 457 107 3.54648 400 510 3.14159
29.7319 0.291562 0.407172 15 -24 0.2 0.2 0.413906 0.409258 369 147 576 145 373 270 591 271 458 107 3.55459 399 510 3.14159
29.7986 0.291562 0.407172 15 -24 0.2 0.2 0.414106 0.409458 369 147 576 145 373 270 590 271 458 107 3.55459 399 510 3.14159
29.8653 0.29259 0.407172 13 -30 0.2 0.2 0.414306 0.409658 369 147 573 145 373 270 590 271 459 107 3.5505 399 510 3.14159
29.9319 0.29259 0.407172 13 -30 0.2 0.2 0.414506 0.409858 369 147 573 145 373 270 589 271 458 107 3.55459 399 510 3.14159
29.9986 0.29259 0.407172 13 -30 0.2 0.2 0.414706 0.410058 369 147 573 145 374 270 589 271 460 107 3.56906 399 510 3.14159
30.0652 0.29259 0.4082 30 -21 0.2 0.2 0.414906 0.410258 369 147 573 145 374 269 589 271 462 108 3.56906 399 510 3.14159
30.1319 0.29259 0.4082 30 -21 0.2 0.2 0.415106 0.410458 369 147 573 145 374 269 589 271 462 106 3.54111 399 510 3.14159
30.1986 0.29259 0.4082 30 -21 0.2 0.2 0.415306 0.410658 369 147 571 145 374 269 588 271 462 104 3.50877 399 510 3.14159
30.2653 0.293619 0.408457 14 -25 0.2 0.2 0.415506 0.410858 369 147 570 145 374 269 588 271 462 104 3.50877 399 510 3.14159
30.3319 0.293619 0.408457 14 -25 0.2 0.2 0.415706 0.411058 369 147 570 145 375 269 588 271 461 103 3.46334 399 510 3.14159
30.3986 0.293619 0.408457 14 -25 0.2 0.2 0.415906 0.411258 369 147 570 145 375 269 588 271 462 103 3.4666 399 510 3.14159
30.4653 0.293876 0.408971 12 -23 0.2 0.2 0.416106 0.411458 369 147 569 145 376 269 586 271 464 102 3.45052 399 510 3.14159
30.5319 0.293876 0.408971 12 -23 0.2 0.2 0.416306 0.411658 369 147 568 145 376 269 586 271 464 103 3.46334 399 510 3.14159
30.5986 0.293876 0.408971 12 -23 0.2 0.2 0.416506 0.411858 369 147 568 145 376 269 586 271 464 103 3.45363 399 510 3.14159
30.6653 0.294647 0.409999 16 -22 0.2 0.2 0.416706 0.412058 369 147 568 145 376 269 586 271 467 104 3.47299 399 510 3.14159
30.7319 0.294647 0.409999 16 -22 0.2 0.2 0.416906 0.412258 369 147 568 145 376 269 586 271 467 104 3.47299 400 510 3.14159
30.7986 0.294647 0.409999 16 -22 0.2 0.2 0.417106 0.412458 369 147 567 145 377 269 585 271 467 104 3.47299 399 510 3.14159
30.8653 0.295418 0.410256 15 -31 0.2 0.2 0.417306 0.412658 380 146 566 145 377 269 585 271 467 104 3.47299 399 510 3.14159
30.9319 0.295418 0.410256 15 -31 0.2 0.2 0.417506 0.412858 381 146 566 145 378 269 585 271 467 104 3.47299 399 510 3.14159
30.9986 0.295418 0.410256 15 -31 0.2 0.2 0.417706 0.413058 382 146 566 145 379 269 585 271 470 104 3.48599 399 510 3.14159
31.0653 0.295418 0.411028 24 -24 0.2 0.2 0.417906 0.413258 382 146 566 145 379 269 585 271 470 105 3.49209 399 510 3.14159
31.1319 0.295418 0.411028 24 -24 0.2 0.2 0.418106 0.413458 382 146 564 145 378 269 584 271 470 105 3.49209 399 510 3.14159
31.1986 0.295418 0.411028 24 -24 0.2 0.2 0.418306 0.413658 382 146 564 146 379 269 584 271 470 104 3.49209 399 510 3.14159
31.2653 0.296446 0.411028 12 -23 0.2 0.2 0.418506 0.413858 383 146 564 146 379 269 584 271 471 104 3.48599 400 510 3.14159
31.3319 0.296446 0.411028 12 -23 0.2 0.2 0.418706 0.414058 383 146 564 146 379 269 584 271 471 105 3.49559 400 510 3.14159
31.3986 0.296446 0.411028 12 -23 0.2 0.2 0.418906 0.414258 383 146 564 146 379 269 584 271 471 105 3.48257 400 510 3.14159
31.4653 0.296703 0.412056 25 -24 0.2 0.2 0.419106 0.414458 383 146 564 146 379 269 584 271 470 104 3.48948 399 510 3.12894
31.5319 0.296703 0.412056 25 -24 0.2 0.2 0.419306 0.414658 383 146 564 146 379 269 584 271 471 105 3.48257 399 510 3.12909
31.5986 0.297474 0.412827 22 -29 0.2 0.2 0.419506 0.414858 383 146 564 146 379 269 584 271 471 105 3.48257 399 510 3.14159
31.6652 0.297474 0.412827 22 -29 0.2 0.2 0.419706 0.415058 384 146 564 146 379 269 584 271 471 105 3.49559 399 510 3.14159
31.7319 0.297474 0.412827 22 -29 0.2 0.2 0.419906 0.415258 384 146 564 146 379 269 584 271 471 105 3.49559 399 510 3.14159
31.7986 0.297989 0.412827 28 -36 0.2 0.2 0.420106 0.415458 383 146 564 146 379 269 584 271 471 105 3.49209 399 510 3.14159
31.8653 0.297989 0.412827 28 -36 0.2 0.2 0.420306 0.415658 383 146 564 146 379 269 584 271 471 105 3.49209 399 510 3.14159
31.9319 0.297989 0.412827 28 -36 0.2 0.2 0.420506 0.415858 384 147 564 146 380 269 584 271 471 105 3.49916 399 510 3.12909
31.9986 0.298246 0.413855 30 -31 0.2 0.2 0.420706 0.416058 384 147 564 146 380 269 584 271 471 105 3.47299 399 510 3.14159
32.0652 0.298246 0.413855 30 -31 0.2 0.2 0.420906 0.416258 384 147 564 146 380 269 584 271 471 104 3.48948 399 510 3.14159
32.1319 0.298246 0.413855 30 -31 0.2 0.2 0.421106 0.416458 384 147 564 146 379 269 584 271 471 105 3.47633 399 510 3.14159
32.1986 0.299017 0.413855 29 -41 0.2 0.2 0.421306 0.416658 384 147 564 146 380 269 584 271 471 105 3.47633 399 510 3.12909
32.2652 0.299017 0.413855 29 -41 0.2 0.2 0.421506 0.416858 384 147 564 146 380 269 584 272 471 105 3.47299 399 510 3.14159
32.3319 0.299017 0.413855 29 -41 0.2 0.2 0.421706 0.417058 384 147 564 146 380 269 584 272 472 104 3.48599 399 510 3.14159
32.3986 0.299274 0.414369 42 -39 0.2 0.2 0.421906 0.417259 384 147 564 146 380 269 584 272 471 105 3.47299 399 510 3.14159
32.4652 0.299274 0.414369 42 -39 0.2 0.2 0.422106 0.417459 384 147 564 146 380 269 584 272 471 105 3.47299 399 510 3.14159
32.5319 0.299274 0.414369 42 -39 0.2 0.2 0.422306 0.417659 384 147 564 146 380 269 584 272 471 105 3.47299 399 510 3.14159
32.5986 0.299531 0.41514 46 -45 0.2 0.2 0.422506 0.417859 384 147 564 146 380 269 584 272 472 104 3.48599 399 511 3.18004
32.6653 0.299531 0.41514 46 -45 0.2 0.2 0.422706 0.418059 384 146 564 146 380 269 584 272 472 104 3.48599 399 511 3.18004
32.7319 0.299531 0.41514 46 -45 0.2 0.2 0.422906 0.418259 384 146 564 146 380 269 584 272 472 104 3.48599 399 510 3.14159
32.7986 0.300302 0.41514 46 -52 0.2 0.2 0.423106 0.418459 384 147 564 146 380 269 584 272 472 104 3.48599 399 510 3.14159
32.8653 0.300302 0.41514 46 -52 0.2 0.2 0.423306 0.418659 384 146 564 146 380 269 584 271 472 104 3.48599 399 510 3.14159
32.9319 0.300302 0.41514 46 -52 0 0 0.423306 0.418659 384 146 564 146 380 269 584 271 472 105 3.49209 399 510 3.14159
32.9986 0.300559 0.415912 42 -47 0 0 0.423306 0.418659 384 146 564 146 380 269 584 271 472 105 3.47921 399 510 3.14159
33.0652 0.300559 0.415912 42 -47 0 0 0.423306 0.418659 384 146 564 146 380 269 584 271 472 104 3.48599 399 510 3.14159
33.1319 0.301073 0.415912 44 -50 0 0 0.423306 0.418659 384 146 564 146 380 269 584 271 472 104 3.48599 399 510 3.14159
33.1986 0.301073 0.415912 44 -50 0 0 0.423306 0.418659 384 146 565 146 380 269 584 271 472 105 3.48257 399 511 3.18053
33.2652 0.301073 0.415912 44 -50 0 0 0.423306 0.418659 384 146 565 146 380 269 584 271 472 105 3.49916 399 511 3.18004
33.3319 0.30133 0.416683 46 -50 0 0 0.423306 0.418659 384 147 565 146 380 269 584 271 472 105 3.47299 399 511 3.18004
33.3986 0.30133 0.416683 46 -50 0 0 0.423306 0.418659 384 147 565 146 380 269 584 271 472 105 3.49559 399 510 3.14159
33.4652 0.30133 0.416683 46 -50 0 0 0.423306 0.418659 384 147 565 146 380 269 584 271 472 105 3.48257 399 511 3.18004
33.5319 0.30133 0.41694 47 -55 0 0 0.423306 0.418659 385 146 565 146 380 269 584 271 472 105 3.47299 399 511 3.18004
33.5986 0.30133 0.41694 47 -55 0 0 0.423306 0.418659 384 147 565 146 380 269 584 271 472 105 3.48257 399 510 3.14159
33.6652 0.30133 0.41694 47 -55 0 0 0.423306 0.418659 384 146 565 146 380 269 584 271 472 105 3.48599 399 510 3.14159
33.7319 0.30133 0.41694 46 -57 0 0 0.423306 0.418659 384 147 565 146 380 269 584 271 472 105 3.48257 399 511 3.18004
33.7986 0.30133 0.41694 46 -57 0 0 0.423306 0.418659 384 147 565 146 380 269 584 271 472 105 3.48599 399 510 3.14159
33.8652 0.30133 0.41694 46 -57 0 0 0.423306 0.418659 384 146 565 146 380 269 584 271 472 105 3.48257 399 510 3.14159
33.9319 0.30133 0.41694 46 -56 0 0 0.423306 0.418659 384 147 565 146 380 269 584 271 472 105 3.49916 399 511 3.18004
33.9986 0.30133 0.41694 46 -56 0 0 0.423306 0.418659 385 146 565 146 380 269 584 271 472 105 3.48599 399 511 3.18004
34.0652 0.30133 0.41694 46 -56 0.2 0.2 0.423506 0.418859 384 147 565 146 380 269 584 271 472 105 3.47921 399 510 3.14159
34.1319 0.30133 0.41694 47 -57 0.2 0.2 0.423706 0.419059 384 147 565 146 380 269 584 271 472 105 3.48257 399 510 3.14159
34.1986 0.30133 0.41694 47 -57 0.2 0.2 0.423906 0.419259 384 146 565 146 380 269 584 271 472 105 3.48257 399 510 3.14159
34.2652 0.30133 0.41694 47 -57 0.2 0.2 0.424106 0.419459 384 147 565 146 380 269 584 271 472 105 3.48599 399 510 3.14159
34.3319 0.30133 0.41694 47 -57 0.2 0.2 0.424306 0.419659 384 146 565 146 380 269 584 271 472 105 3.47633 399 511 3.18004
34.3986 0.30133 0.41694 47 -57 0.2 0.2 0.424506 0.419859 384 147 565 146 380 269 584 271 472 105 3.48599 399 510 3.14159
34.4653 0.30133 0.41694 47 -57 0.2 0.2 0.424706 0.420059 384 147 565 146 380 269 584 271 472 105 3.48599 399 511 3.18004
34.5319 0.30133 0.41694 46 -55 0.2 0.2 0.424906 0.420259 384 147 565 146 380 269 584 271 472 105 3.48257 399 511 3.18004
34.5986 0.30133 0.41694 46 -55 0.2 0.2 0.425106 0.420459 384 147 565 146 380 269 584 271 472 105 3.49916 399 511 3.18053
34.6653 0.302358 0.41694 47 -63 0.2 0.2 0.425306 0.420659 384 146 565 146 380 269 584 271 472 105 3.49916 399 511 3.18053
34.7319 0.302358 0.41694 47 -63 0.2 0.2 0.425506 0.420859 384 146 564 146 380 269 584 271 472 105 3.47921 399 511 3.18053
34.7986 0.302358 0.41694 47 -63 0.2 0.2 0.425706 0.421059 385 147 565 146 380 269 585 271 472 105 3.48257 399 511 3.18053
34.8653 0.302358 0.417968 58 -55 0.2 0.2 0.425906 0.421259 385 147 565 146 380 269 585 271 472 105 3.47299 399 511 3.18053
34.9319 0.302358 0.417968 58 -55 0.2 0.2 0.426106 0.421459 385 147 565 146 380 269 584 271 472 105 3.47299 399 511 3.18004
34.9986 0.302358 0.417968 58 -55 0.2 0.2 0.426306 0.421659 385 147 565 146 380 269 584 272 472 105 3.47299 399 511 3.18053
35.0652 0.303387 0.417968 50 -59 0.2 0.2 0.426506 0.421859 385 147 565 146 380 269 584 272 472 105 3.47299 399 511 3.1166
35.1319 0.303387 0.417968 50 -59 0.2 0.2 0.426706 0.422059 385 147 565 146 380 269 584 272 472 105 3.47299 399 511 3.1166
35.1986 0.303387 0.417968 50 -59 0.2 0.2 0.426906 0.422259 385 147 565 146 380 269 584 271 472 105 3.47299 399 510 3.14159
35.2652 0.303387 0.418739 47 -60 0.2 0.2 0.427106 0.422459 385 146 565 146 380 269 585 272 472 105 3.47299 399 511 3.18053
35.3319 0.303387 0.418739 47 -60 0.2 0.2 0.427306 0.422659 385 146 565 146 380 269 584 271 472 105 3.47299 399 511 3.18053
35.3986 0.303387 0.418739 47 -60 0.2 0.2 0.427506 0.422859 385 147 565 146 380 269 585 272 472 105 3.47299 399 511 3.18053
35.4652 0.304672 0.41951 54 -68 0.2 0.2 0.427706 0.423059 385 146 565 146 380 269 585 272 472 105 3.47299 399 511 3.18004
35.5319 0.304672 0.41951 54 -68 0.2 0.2 0.427906 0.423259 385 146 565 146 380 269 585 272 473 105 3.47921 399 511 3.18053
35.5986 0.304672 0.41951 54 -68 0.2 0.2 0.428106 0.423459 385 146 565 146 380 269 585 272 473 105 3.47592 399 511 3.18004
35.6652 0.304929 0.41951 60 -71 0.2 0.2 0.428306 0.423659 385 146 565 146 380 269 585 272 473 105 3.47921 399 511 3.18004
35.7319 0.304929 0.41951 60 -71 0.2 0.2 0.428506 0.423859 385 146 565 146 380 269 585 272 473 105 3.47921 399 511 3.18004
35.7986 0.304929 0.41951 60 -71 0.2 0.2 0.428706 0.424059 385 146 565 146 380 269 585 272 473 105 3.47921 399 511 3.18004
35.8653 0.304929 0.420281 64 -68 0.2 0.2 0.428906 0.424259 385 146 565 146 380 269 585 272 473 105 3.47921 399 511 3.18053
35.9319 0.304929 0.420281 64 -68 0.2 0.2 0.429106 0.424459 385 146 565 146 380 269 585 272 473 105 3.48599 399 510 3.12909
35.9986 0.304929 0.420281 64 -68 0.2 0.2 0.429306 0.424659 385 146 565 146 380 269 585 272 473 105 3.47299 399 511 3.19218
36.0652 0.3057 0.420281 57 -72 0.2 0.2 0.429506 0.424859 385 146 565 146 380 269 585 272 473 105 3.47299 399 511 3.18004
36.1319 0.3057 0.420281 57 -72 0.2 0.2 0.429706 0.425059 385 147 566 146 380 269 585 272 473 105 3.46334 399 511 3.18004
36.1986 0.3057 0.420281 57 -72 0.2 0.2 0.429906 0.425259 385 147 566 146 380 269 585 272 473 105 3.46334 399 511 3.18053
36.2652 0.305957 0.421053 71 -75 0.2 0.2 0.430106 0.425459 385 147 566 146 380 269 585 272 473 105 3.47633 399 511 3.18004
36.3319 0.305957 0.421053 71 -75 0.2 0.2 0.430306 0.425659 385 147 566 146 380 269 585 271 473 105 3.46334 399 510 3.12909
36.3986 0.306471 0.422081 72 -75 0.2 0.2 0.430506 0.425859 386 147 566 146 380 269 585 272 473 105 3.46334 399 511 3.18053
36.4652 0.306471 0.422081 72 -75 0.2 0.2 0.430706 0.426059 386 147 566 146 380 269 585 272 473 105 3.46334 399 511 3.19218
36.5319 0.306471 0.422081 72 -75 0.2 0.2 0.430906 0.426259 386 147 566 146 380 269 585 272 474 105 3.46971 399 511 3.18004
36.5986 0.3075 0.422081 72 -82 0.2 0.2 0.431106 0.426459 386 147 566 146 380 269 585 272 474 105 3.46015 399 511 3.18004
36.6652 0.3075 0.422081 72 -82 0.2 0.2 0.431306 0.426659 386 146 566 146 380 269 586 272 474 105 3.46971 399 511 3.19283
36.7319 0.3075 0.422081 72 -82 0.2 0.2 0.431506 0.426859 386 147 566 146 380 269 585 272 474 105 3.46334 399 511 3.18053
36.7986 0.3075 0.422852 79 -80 0.2 0.2 0.431706 0.427059 386 147 566 146 380 269 585 272 474 105 3.46334 399 511 3.18004
36.8653 0.3075 0.422852 79 -80 0.2 0.2 0.431906 0.427259 386 147 566 146 380 269 585 272 474 105 3.47299 399 511 3.18004
36.9319 0.3075 0.422852 79 -80 0.2 0.2 0.432106 0.427459 386 147 566 146 380 269 585 272 474 105 3.48257 399 511 3.18053
36.9986 0.308271 0.422852 74 -84 0.2 0.2 0.432306 0.427659 386 147 566 146 380 269 586 272 474 105 3.4666 399 510 3.12909
37.0652 0.308271 0.422852 74 -84 0.2 0.2 0.432506 0.427859 386 147 566 146 380 269 585 272 474 105 3.47299 399 511 3.19283
37.1319 0.308271 0.422852 74 -84 0.2 0.2 0.432706 0.428059 386 147 566 146 380 269 586 272 474 105 3.47299 399 511 3.18053
37.1986 0.308528 0.42388 78 -80 0.2 0.2 0.432906 0.428259 386 147 566 146 380 269 586 272 474 105 3.47299 399 511 3.14159
37.2652 0.308528 0.42388 78 -80 0.2 0.2 0.433106 0.428459 386 146 566 146 380 270 585 272 474 105 3.47299 399 510 3.12909
37.3319 0.308528 0.42388 78 -80 0.2 0.2 0.433306 0.428659 386 147 566 146 380 269 586 272 474 105 3.47299 399 511 3.18053
37.3986 0.309042 0.424137 79 -88 0.2 0.2 0.433506 0.428859 386 147 566 146 380 269 586 272 474 105 3.47299 399 511 3.18053
37.4653 0.309042 0.424137 79 -88 0.2 0.2 0.433706 0.429059 386 147 566 146 380 269 585 272 474 105 3.48257 399 511 3.18053
37.5319 0.309042 0.424137 79 -88 0.2 0.2 0.433906 0.429259 386 147 566 146 380 269 586 272 474 105 3.48257 399 510 3.12909
37.5986 0.309813 0.424394 82 -96 0.2 0.2 0.434106 0.429459 386 147 567 146 380 269 586 272 474 105 3.48257 399 510 3.12909
37.6652 0.309813 0.424394 82 -96 0.2 0.2 0.434306 0.429659 386 147 566 146 380 269 586 272 474 106 3.46971 399 511 3.18053
37.7319 0.309813 0.424394 82 -96 0.2 0.2 0.434506 0.429859 386 147 566 146 380 269 586 272 475 105 3.46971 399 511 3.19283
37.7986 0.31007 0.425165 89 -87 0.2 0.2 0.434706 0.430059 386 146 567 146 380 269 586 272 475 105 3.46334 399 510 3.12909
37.8652 0.31007 0.425165 89 -87 0.2 0.2 0.434906 0.430259 386 147 566 146 380 269 586 272 474 106 3.47299 399 510 3.12909
37.9319 0.310327 0.425423 86 -92 0.2 0.2 0.435106 0.430459 386 146 566 146 380 269 586 272 474 106 3.47299 399 511 3.18053
37.9986 0.310327 0.425423 86 -92 0.2 0.2 0.435306 0.430659 386 147 566 146 380 269 586 272 474 105 3.46334 399 511 3.18053
38.0653 0.310327 0.425423 86 -92 0.2 0.2 0.435506 0.430859 386 147 567 146 380 270 586 272 474 105 3.46334 399 511 3.18053
38.1319 0.310584 0.425937 80 -93 0.2 0.2 0.435706 0.431059 386 147 567 146 380 269 586 272 474 105 3.46334 399 511 3.18053
38.1986 0.310584 0.425937 80 -93 0.2 0.2 0.435906 0.431259 386 147 567 146 380 270 586 272 475 105 3.46015 399 511 3.18053
38.2653 0.310584 0.425937 80 -93 0.2 0.2 0.436106 0.431459 386 147 567 146 380 270 586 272 474 105 3.46334 399 511 3.18053
38.3319 0.311612 0.426965 83 -94 0.2 0.2 0.436306 0.431659 386 147 567 146 380 270 586 272 475 106 3.45363 399 511 3.19283
38.3986 0.311612 0.426965 83 -94 0.2 0.2 0.436506 0.431859 386 147 567 146 380 270 586 272 475 106 3.45363 399 511 3.18053
38.4653 0.311612 0.426965 83 -94 0.2 0.2 0.436706 0.432059 386 147 567 146 380 270 586 272 475 106 3.45363 399 511 3.14159
38.5319 0.312384 0.426965 85 -101 0.2 0.2 0.436906 0.432259 386 147 567 146 380 270 586 272 475 106 3.45363 399 511 3.14159
38.5986 0.312384 0.426965 85 -101 0.2 0.2 0.437106 0.432459 386 147 567 146 380 270 586 272 475 106 3.45363 399 511 3.14159
38.6652 0.312384 0.426965 85 -101 0.2 0.2 0.437306 0.432659 386 147 567 146 380 270 586 272 475 106 3.46015 399 511 3.19283
38.7319 0.312641 0.427993 97 -95 0.2 0.2 0.437506 0.432859 386 147 567 146 380 270 586 272 475 106 3.46015 399 511 3.14159
38.7986 0.312641 0.427993 97 -95 0.2 0.2 0.437706 0.433059 386 147 567 146 379 270 586 272 475 106 3.46015 399 511 3.18053
38.8652 0.312641 0.427993 97 -95 0.2 0.2 0.437906 0.433259 386 147 567 146 380 270 586 272 475 106 3.46015 399 511 3.19283
38.9319 0.312898 0.427993 96 -100 0.2 0.2 0.438106 0.433459 386 147 567 146 379 270 586 272 475 106 3.46015 399 511 3.19283
38.9986 0.312898 0.427993 96 -100 0.2 0.2 0.438306 0.433659 386 147 567 146 379 270 586 272 475 106 3.46015 399 511 3.14159
39.0652 0.312898 0.427993 96 -100 0.2 0.2 0.438506 0.433859 386 147 567 146 379 270 586 272 475 106 3.46015 399 511 3.19283
39.1319 0.312898 0.42825 108 -106 0.2 0.2 0.438706 0.434059 386 147 568 146 379 270 586 272 475 106 3.46015 399 511 3.14159
39.1986 0.312898 0.42825 108 -106 0.2 0.2 0.438906 0.434259 386 147 567 146 379 270 586 272 475 106 3.46015 399 511 3.14159
39.2653 0.312898 0.42825 108 -106 0.2 0.2 0.439106 0.434459 386 147 567 146 379 270 586 272 475 106 3.46015 399 511 3.14159
39.3319 0.313412 0.429278 110 -103 0.2 0.2 0.439306 0.434659 386 147 567 146 380 270 586 272 476 106 3.46015 399 511 3.14159
39.3986 0.313412 0.429278 110 -103 0.2 0.2 0.439506 0.434859 387 147 567 146 379 270 586 272 476 106 3.46015 399 511 3.18053
39.4653 0.314697 0.429278 106 -117 0.2 0.2 0.439706 0.435059 387 147 568 146 379 270 586 272 476 106 3.46015 399 511 3.14159
39.5319 0.314697 0.429278 106 -117 0 -0.4 0.439706 0.434659 387 147 568 146 379 270 586 272 475 106 3.46015 399 511 3.19283
39.5986 0.314697 0.429278 106 -117 0 -0.4 0.439706 0.434259 387 147 568 146 380 270 587 272 476 106 3.46015 399 511 3.18053
39.6653 0.314954 0.430307 117 -107 0 -0.4 0.439706 0.433859 386 147 567 146 380 270 586 272 476 106 3.46015 399 511 3.19283
39.7319 0.314954 0.430307 117 -107 0 -0.4 0.439706 0.433459 387 147 568 146 379 270 587 272 476 106 3.46015 399 511 3.19283
39.7986 0.314954 0.430307 117 -107 0 -0.4 0.439706 0.433059 387 147 568 146 379 270 586 272 476 106 3.46015 399 511 3.19283
39.8652 0.315982 0.430307 107 -104 0 -0.4 0.439706 0.432659 387 147 568 146 379 269 587 272 476 106 3.46015 399 511 3.18053
39.9319 0.315982 0.430307 107 -104 0 -0.4 0.439706 0.432259 387 147 568 146 379 270 587 272 476 106 3.46015 399 511 3.18053
39.9986 0.315982 0.430307 107 -104 0 -0.4 0.439706 0.431859 387 147 568 146 379 269 587 272 476 106 3.44084 399 511 3.18053
40.0652 0.315725 0.431078 106 -113 0 -0.4 0.439706 0.431459 387 147 568 146 379 269 587 272 476 106 3.45363 399 511 3.14159
40.1319 0.315725 0.431078 106 -113 0 -0.4 0.439706 0.431059 387 147 568 146 379 269 586 272 476 106 3.45363 399 511 3.14159
40.1986 0.315725 0.431078 106 -113 0 -0.4 0.439706 0.430659 387 147 568 146 379 270 586 272 476 106 3.44084 399 511 3.18053
40.2652 0.315982 0.431078 106 -61 0 -0.4 0.439706 0.430259 387 147 568 146 379 269 587 272 476 106 3.44084 399 511 3.18053
40.3319 0.315982 0.431078 106 -61 0 -0.4 0.439706 0.429859 387 147 568 146 379 269 587 272 476 106 3.45363 399 511 3.19283
40.3986 0.315982 0.431078 106 -61 0 -0.4 0.439706 0.429459 387 147 568 146 379 269 587 272 476 106 3.44084 399 511 3.19283
40.4652 0.315982 0.431078 106 -44 0 -0.4 0.439706 0.429059 387 147 568 146 379 270 587 272 476 106 3.45363 399 511 3.18053
40.5319 0.315982 0.431078 106 -44 0 -0.4 0.439706 0.428659 387 147 568 146 379 269 587 272 476 106 3.45363 399 511 3.19283
40.5986 0.315982 0.431078 106 -44 0 -0.4 0.439706 0.428259 387 147 568 146 379 269 586 272 476 106 3.45363 399 511 3.14159
40.6653 0.315982 0.430564 108 -33 0 -0.4 0.439706 0.427859 387 147 568 146 379 269 587 272 476 106 3.45363 399 511 3.18053
40.7319 0.315982 0.430564 108 -33 0 -0.4 0.439706 0.427459 387 147 568 146 379 269 587 272 476 106 3.45363 400 511 3.12909
40.7986 0.315982 0.430564 108 -33 0 -0.4 0.439706 0.427059 387 147 568 146 379 269 587 272 476 106 3.44084 399 511 3.14159
40.8652 0.315982 0.430307 105 -33 0 -0.4 0.439706 0.426659 387 147 568 146 379 269 587 272 475 106 3.44747 399 510 3.12909
40.9319 0.315982 0.430307 105 -33 0 -0.4 0.439706 0.426259 386 147 567 146 379 270 587 272 475 106 3.45363 399 511 3.18053
40.9986 0.315982 0.430307 105 -33 0 -0.4 0.439706 0.425859 386 147 568 146 378 270 586 272 475 106 3.45363 399 511 3.19283
41.0652 0.315982 0.428764 108 -30 0 -0.4 0.439706 0.425459 386 147 567 146 378 270 586 272 475 106 3.44387 399 511 3.18053
41.1319 0.315982 0.428764 108 -30 0 -0.4 0.439706 0.425059 386 147 567 146 378 270 586 272 475 106 3.44387 399 511 3.18053
41.1986 0.315725 0.426965 106 -28 0 -0.4 0.439706 0.424659 386 147 567 146 378 269 586 272 475 106 3.44084 399 510 3.12909
41.2652 0.315725 0.426965 106 -28 0 -0.4 0.439706 0.424259 386 147 567 146 378 269 586 272 474 106 3.43787 399 511 3.18004
41.3319 0.315725 0.426965 106 -28 0 -0.4 0.439706 0.423859 386 147 567 146 378 269 586 272 474 106 3.43787 399 511 3.19283
41.3986 0.315725 0.426965 106 1 0 -0.4 0.439706 0.423459 386 147 567 146 378 270 586 272 474 106 3.44747 399 510 3.12909
41.4653 0.315725 0.426965 106 1 0 -0.4 0.439706 0.423059 386 147 567 146 378 269 586 272 474 106 3.43787 399 511 3.19218
41.5319 0.315725 0.426965 106 1 0 -0.4 0.439706 0.422659 385 147 566 146 377 270 586 272 474 106 3.46015 399 511 3.18004
41.5986 0.315725 0.425165 104 -21 0 -0.4 0.439706 0.422259 384 146 566 146 377 269 585 272 473 106 3.46334 399 511 3.18053
41.6652 0.315725 0.425165 104 -21 0 -0.4 0.439706 0.421859 384 147 565 146 377 269 585 272 473 106 3.46334 399 511 3.18004
41.7319 0.315725 0.425165 104 -21 0 -0.4 0.439706 0.421459 384 147 565 146 377 269 585 272 473 106 3.46015 399 511 3.18004
41.7986 0.315725 0.424908 105 -5 0 -0.4 0.439706 0.421059 384 147 565 146 377 269 585 272 473 106 3.46334 399 510 3.12909
41.8652 0.315725 0.424908 105 -5 0 -0.4 0.439706 0.420659 382 147 563 146 375 270 584 271 470 106 3.48599 399 511 3.18004
41.9319 0.315725 0.424908 105 -5 0 -0.4 0.439706 0.420259 380 148 562 146 375 270 583 272 469 106 3.48599 399 511 3.18004
41.9986 0.316753 0.423109 81 -24 0 -0.4 0.439706 0.419859 380 147 562 146 375 270 583 272 468 106 3.48599 399 510 3.12909
42.0652 0.316753 0.423109 81 -24 0 -0.4 0.439706 0.419459 380 147 561 146 375 270 583 272 468 107 3.47299 399 511 3.18004
42.1319 0.316753 0.423109 81 -24 0 -0.4 0.439706 0.419059 380 147 561 146 374 270 582 272 468 107 3.49559 399 510 3.14159
42.1986 0.316753 0.421824 77 -14 0 -0.4 0.439706 0.418659 377 148 559 146 373 270 581 272 466 106 3.48599 399 511 3.18004
42.2652 0.316753 0.421824 77 -14 0 -0.4 0.439706 0.418259 377 148 559 147 373 270 581 272 465 107 3.49916 399 510 3.12909
42.3319 0.316753 0.421824 77 -14 0 -0.4 0.439706 0.417859 377 148 559 146 373 270 581 272 465 107 3.49559 399 511 3.19218
42.3986 0.31701 0.421567 80 1 0 -0.4 0.439706 0.417459 378 147 559 146 373 270 581 272 465 107 3.49559 399 510 3.12909
42.4652 0.31701 0.421567 80 1 0 -0.4 0.439706 0.417058 376 148 557 146 372 270 580 271 464 107 3.50877 399 511 3.18004
42.5319 0.31701 0.421567 80 1 0 -0.4 0.439706 0.416658 374 148 556 147 371 270 580 271 462 107 3.50877 399 511 3.19218
42.5986 0.317268 0.419767 63 -21 0 -0.4 0.439706 0.416258 374 148 555 147 371 270 579 272 461 107 3.50877 399 511 3.18004
42.6652 0.317268 0.419767 63 -21 0 -0.4 0.439706 0.415858 374 148 555 147 371 270 579 272 461 107 3.5183 399 510 3.12909
42.7319 0.317268 0.419253 59 -2 0 -0.4 0.439706 0.415458 374 148 555 147 371 270 579 272 461 107 3.50512 399 510 3.14159
42.7986 0.317268 0.419253 59 -2 0 -0.4 0.439706 0.415058 371 148 553 147 369 271 578 272 458 107 3.52777 399 510 3.12909
42.8653 0.317268 0.419253 59 -2 0 -0.4 0.439706 0.414658 371 148 552 147 369 270 577 271 457 108 3.51093 399 510 3.14159
42.9319 0.317525 0.417711 58 -20 0 -0.4 0.439706 0.414258 370 148 552 147 369 270 577 271 457 108 3.51093 399 510 3.12909
42.9986 0.317525 0.417711 58 -20 0 -0.4 0.439706 0.413858 370 148 552 147 369 270 577 271 457 107 3.50877 399 510 3.12909
43.0652 0.317525 0.417711 58 -20 0 -0.4 0.439706 0.413458 370 148 552 147 369 270 577 271 457 108 3.5221 399 510 3.12909
43.1319 0.317525 0.415912 44 -3 0 -0.4 0.439706 0.413058 368 148 549 147 367 271 576 272 454 108 3.52777 399 511 3.18004
43.1986 0.317525 0.415912 44 -3 0 -0.4 0.439706 0.412658 367 148 548 147 367 271 575 272 453 108 3.54111 399 510 3.12909
43.2653 0.317525 0.415912 44 -3 0 -0.4 0.439706 0.412258 367 148 548 147 366 271 574 272 452 108 3.53716 399 511 3.18004
43.3319 0.317782 0.415655 45 1 0 -0.4 0.439706 0.411858 367 148 548 147 366 271 574 272 452 108 3.53716 399 511 3.18004
43.3986 0.317782 0.415655 45 1 0 -0.4 0.439706 0.411458 367 148 548 148 366 271 574 272 452 108 3.53716 399 510 3.12909
43.4653 0.317782 0.415655 45 1 0 -0.4 0.439706 0.411058 364 148 546 148 365 271 573 272 450 108 3.55573 399 511 3.18004
43.5319 0.317782 0.413855 44 -12 0 -0.4 0.439706 0.410658 364 148 545 148 365 271 573 272 449 108 3.55982 399 511 3.18004
43.5986 0.317782 0.413855 44 -12 0 -0.4 0.439706 0.410258 364 148 545 148 365 271 573 272 449 108 3.55982 399 511 3.18004
43.6653 0.317782 0.413855 44 -12 0 -0.4 0.439706 0.409858 364 148 545 148 365 271 573 272 449 108 3.55573 399 511 3.18004
43.7319 0.317782 0.413341 42 0 0 -0.4 0.439706 0.409458 363 148 545 147 365 271 572 272 449 108 3.55982 399 510 3.14159
43.7986 0.317782 0.413341 42 0 0 -0.4 0.439706 0.409058 362 149 543 148 363 271 572 272 446 108 3.56398 399 510 3.12909
43.8653 0.317782 0.413341 42 0 0 -0.4 0.439706 0.408658 361 149 543 148 363 271 571 272 446 108 3.56906 399 510 3.12925
43.9319 0.318039 0.411799 43 -11 0 -0.4 0.439706 0.408258 361 149 542 148 363 271 571 272 446 108 3.56906 399 510 3.12909
43.9986 0.318039 0.411799 43 -11 0 -0.4 0.439706 0.407858 361 149 542 148 363 271 571 272 446 108 3.56906 399 510 3.14159
44.0652 0.318039 0.411799 43 -11 0 -0.4 0.439706 0.407458 359 149 541 148 362 271 570 272 445 108 3.57329 399 510 3.12909
44.1319 0.318039 0.410771 42 1 0 -0.4 0.439706 0.407058 358 149 540 148 362 271 570 272 443 108 3.57329 399 510 3.12909
44.1986 0.318039 0.410771 42 1 0 -0.4 0.439706 0.406658 358 149 539 148 361 272 570 272 443 109 3.59167 399 511 3.18004
44.2653 0.318553 0.410256 28 3 0 -0.4 0.439706 0.406258 358 149 539 148 361 272 569 272 443 109 3.59167 399 510 3.12909
44.3319 0.318553 0.410256 28 3 0 -0.4 0.439706 0.405858 358 149 539 148 361 272 569 272 443 109 3.58252 399 510 3.12909
44.3986 0.318553 0.410256 28 3 0 -0.4 0.439706 0.405458 355 149 537 149 360 272 568 272 440 109 3.60063 400 510 3.14159
44.4652 0.318553 0.408457 30 0 0 -0.4 0.439706 0.405058 355 150 537 149 360 272 568 272 440 109 3.59167 400 510 3.12909
44.5319 0.318553 0.408457 30 0 0 -0.4 0.439706 0.404658 355 149 537 149 360 272 568 272 439 109 3.59167 400 510 3.12909
44.5986 0.318553 0.408457 30 0 0 -0.4 0.439706 0.404258 355 150 536 149 360 272 567 272 439 109 3.58689 400 510 3.12909
44.6652 0.318553 0.407943 28 1 0 -0.4 0.439706 0.403858 355 150 536 149 360 272 568 272 439 109 3.58252 399 510 3.12925
44.7319 0.318553 0.407943 28 1 0 -0.4 0.439706 0.403458 352 150 534 149 358 272 566 272 436 110 3.60983 400 510 3.16723
44.7986 0.318553 0.407943 28 1 0 -0.4 0.439706 0.403058 352 150 534 149 358 272 566 272 436 110 3.60983 399 510 3.12925
44.8652 0.318553 0.406401 28 3 0 -0.4 0.439706 0.402658 352 150 534 149 358 272 566 272 436 110 3.60983 399 510 3.12925
44.9319 0.318553 0.406401 28 3 0 -0.4 0.439706 0.402258 352 150 534 149 358 272 566 272 436 110 3.60983 399 510 3.14159
44.9986 0.318553 0.406401 28 3 0 -0.4 0.439706 0.401858 352 150 534 149 358 272 565 272 436 109 3.60063 399 510 3.14159
45.0653 0.318553 0.404601 29 3 0 -0.4 0.439706 0.401458 350 150 531 149 357 272 564 272 433 110 3.62796 399 510 3.14159
45.1319 0.318553 0.404601 29 3 0 -0.4 0.439706 0.401058 350 150 531 149 357 272 564 272 433 110 3.62796 399 510 3.12909
45.1986 0.318553 0.404601 29 3 0 -0.4 0.439706 0.400658 350 150 531 149 357 272 564 272 433 110 3.61894 399 510 3.12909
45.2652 0.31881 0.404344 30 8 0 -0.4 0.439706 0.400258 350 150 531 149 357 272 564 272 433 110 3.61894 399 510 3.14159
45.3319 0.31881 0.404344 30 8 0 -0.4 0.439706 0.399858 349 150 531 149 356 272 564 272 433 110 3.61894 400 510 3.16723
45.3986 0.31881 0.404344 30 8 0 -0.4 0.439706 0.399458 348 150 530 150 356 272 564 272 431 110 3.64175 399 510 3.19218
45.4653 0.31881 0.403059 30 3 0 -0.4 0.439706 0.399058 348 150 529 150 356 272 564 272 431 110 3.64094 400 510 3.12909
45.5319 0.31881 0.403059 30 3 0 -0.4 0.439706 0.398658 348 150 529 150 356 272 564 272 431 110 3.62796 399 510 3.12925
45.5986 0.31881 0.403059 30 3 0 -0.4 0.439706 0.398258 348 150 530 150 356 272 564 272 431 110 3.65066 400 510 3.14159
45.6653 0.31881 0.402545 30 2 0 -0.4 0.439706 0.397858 347 150 529 150 355 273 564 272 430 110 3.65566 399 510 3.12909
45.7319 0.31881 0.402545 30 2 0 -0.4 0.439706 0.397458 347 151 528 150 355 272 562 272 429 112 3.64669 399 510 3.14159
45.7986 0.319067 0.401002 16 3 0 -0.4 0.439706 0.397058 346 151 527 150 355 272 562 272 428 112 3.66453 399 511 3.1166
45.8653 0.319067 0.401002 16 3 0 -0.4 0.439706 0.396658 346 151 527 150 355 272 562 272 429 112 3.65066 399 510 3.14159
45.9319 0.319067 0.401002 16 3 0 -0.4 0.439706 0.396258 347 151 527 150 355 273 562 272 429 112 3.65066 399 510 3.12894
45.9986 0.319067 0.398946 21 2 0 -0.4 0.439706 0.395858 345 151 526 150 353 273 562 272 427 113 3.65172 399 510 3.12894
46.0652 0.319067 0.398946 21 2 0 -0.4 0.439706 0.395458 344 151 526 150 353 273 562 272 432 129 3.69638 399 511 3.14159
46.1319 0.319067 0.398946 21 2 0 -0.4 0.439706 0.395058 344 151 525 150 354 273 561 273 432 129 3.69638 399 512 3.12877
46.1986 0.31881 0.398946 16 12 0 -0.4 0.439706 0.394658 344 151 525 151 354 273 561 273 432 129 3.69638 399 512 3.18053
46.2652 0.31881 0.398946 16 12 0 -0.4 0.439706 0.394258 343 152 525 151 354 273 561 273 432 129 3.69638 399 512 3.18053
46.3319 0.31881 0.398946 16 12 0 -0.4 0.439706 0.393858 340 151 525 151 352 274 561 273 432 129 3.69638 399 511 3.14159
46.3986 0.319067 0.397147 15 3 0 -0.4 0.439706 0.393458 340 151 525 151 352 274 560 273 432 129 3.69638 399 511 3.18053
46.4652 0.319067 0.397147 15 3 0 -0.4 0.439706 0.393058 340 151 525 150 352 274 560 273 432 129 3.69638 399 510 3.12925
46.5319 0.319067 0.397147 15 3 0 -0.4 0.439706 0.392658 340 151 524 150 352 274 560 273 432 129 3.69638 399 510 3.19218
46.5986 0.319067 0.39689 16 0 0 -0.4 0.439706 0.392258 340 151 524 150 352 273 560 273 432 129 3.69638 399 510 3.18053
46.6653 0.319067 0.39689 16 0 0 -0.4 0.439706 0.391858 336 152 525 151 350 274 561 272 432 129 3.69638 399 510 3.19283
46.7319 0.319067 0.39689 16 0 0 -0.4 0.439706 0.391458 336 152 524 151 349 273 560 272 432 129 3.69638 399 510 3.18053
46.7986 0.319067 0.39509 15 3 0 -0.4 0.439706 0.391058 336 152 524 151 350 274 560 272 432 129 3.69638 399 510 3.19283
46.8653 0.319067 0.39509 15 3 0 -0.4 0.439706 0.390658 336 152 524 151 349 274 560 272 432 129 3.69638 400 510 3.12909
46.9319 0.319067 0.39509 15 3 0 -0.4 0.439706 0.390258 336 152 524 150 348 274 560 273 432 129 3.69638 400 510 3.16723
46.9986 0.319067 0.393548 17 4 0 -0.4 0.439706 0.389858 334 152 524 150 348 274 560 273 432 129 3.69638 399 510 3.12925
47.0653 0.319067 0.393548 17 4 0 -0.4 0.439706 0.389458 333 152 524 150 348 274 560 273 432 129 3.69638 399 510 3.12925
47.1319 0.319067 0.393548 17 4 0 -0.4 0.439706 0.389458 333 152 524 150 348 274 560 273 432 129 3.69638 399 510 3.12925
47.1986 0.319067 0.393548 17 4 0 -0.4 0.439706 0.389458 333 152 524 150 348 274 560 273 432 129 3.69638 399 510 3.12925
47.2653 0.319067 0.393548 17 4 0 -0.4 0.439706 0.389458 333 152 524 150 348 274 560 273 432 129 3.69638 399 510 3.12925
47.3319 0.319067 0.393548 17 4 0 -0.4 0.439706 0.389458 333 152 524 150 348 274 560 273 432 129 3.69638 399 510 3.12925
47.3986 0.319067 0.393548 17 4 0 -0.4 0.439706 0.389458 333 152 524 150 348 274 560 273 432 129 3.69638 399 510 3.12925
