0.0650147 0.293105 0.409742 0 3 -0.2 -0.2 0.411849 0.407201 379 147 571 146 376 270 588 271 471 117 3.06765 400 511 3.14159
0.131683 0.293105 0.409742 0 3 -0.2 -0.2 0.411849 0.407201 379 147 571 146 376 270 588 271 471 117 3.06765 400 511 3.14159
0.198347 0.293105 0.409742 0 3 -0.2 -0.2 0.411849 0.407201 379 147 571 146 376 270 588 271 471 117 3.06765 400 511 3.14159
0.265015 0.293105 0.409742 0 3 -0.2 -0.2 0.411849 0.407201 379 147 571 146 376 270 588 271 471 117 3.06765 400 511 3.14159
0.331651 0.293105 0.409742 0 3 -0.2 -0.2 0.411849 0.407201 379 147 571 146 376 270 588 271 471 117 3.06765 400 511 3.14159
0.398342 0.293105 0.409742 0 3 -0.2 -0.2 0.411849 0.407201 379 147 571 146 376 270 588 271 471 117 3.06765 400 511 3.14159
0.464983 0.293105 0.409742 0 3 -0.2 -0.2 0.411849 0.407201 379 147 571 146 376 270 588 271 471 117 3.06765 400 511 3.14159
0.531685 0.293105 0.409742 0 3 -0.2 -0.2 0.411849 0.407201 379 147 571 146 376 270 588 271 471 117 3.06765 400 511 3.14159
0.598345 0.293105 0.409742 0 3 -0.2 -0.2 0.411849 0.407201 379 147 571 146 376 270 588 271 471 117 3.06765 400 511 3.14159
0.66501 0.293105 0.409742 0 3 -0.2 -0.2 0.411849 0.407201 379 147 571 146 376 270 588 271 471 117 3.06765 400 511 3.14159
0.731673 0.293105 0.409742 0 3 -0.2 -0.2 0.411849 0.407201 379 147 571 146 376 270 588 271 471 117 3.06765 400 511 3.14159
0.798326 0.293105 0.409742 0 3 -0.2 -0.2 0.411849 0.407201 379 147 571 146 376 270 588 271 471 117 3.06765 400 511 3.14159
0.865005 0.293105 0.409742 0 3 -0.2 -0.2 0.411849 0.407201 379 147 571 146 376 270 588 271 471 117 3.06765 400 511 3.14159
0.931676 0.293105 0.409742 0 3 -0.2 -0.2 0.411849 0.407201 379 147 571 146 376 270 588 271 471 117 3.06765 400 511 3.14159
0.998356 0.293105 0.409742 0 3 -0.2 -0.2 0.411849 0.407201 379 147 571 146 376 270 588 271 471 117 3.06765 400 511 3.14159
1.06501 0.293105 0.409742 0 3 -0.2 -0.2 0.411849 0.407201 379 147 571 146 376 270 588 271 471 117 3.06765 400 511 3.14159
1.13167 0.293105 0.409742 0 3 -0.2 -0.2 0.411849 0.407201 379 147 571 146 376 270 588 271 471 117 3.06765 400 511 3.14159
1.19836 0.293105 0.409742 0 3 -0.2 -0.2 0.411849 0.407201 379 147 571 146 376 270 588 271 471 117 3.06765 400 511 3.14159
1.26501 0.293105 0.409742 0 3 -0.2 -0.2 0.411849 0.407201 379 147 571 146 376 270 588 271 471 117 3.06765 400 511 3.14159
1.33167 0.293105 0.409742 0 3 -0.2 -0.2 0.411849 0.407201 379 147 571 146 376 270 588 271 471 117 3.06765 400 511 3.14159
1.39837 0.293105 0.409742 0 3 -0.2 -0.2 0.411849 0.407201 379 147 571 146 376 270 588 271 471 117 3.06765 400 511 3.14159
1.46498 0.293105 0.409742 0 3 -0.2 -0.2 0.411849 0.407201 379 147 571 146 376 270 588 271 471 117 3.06765 400 511 3.14159
1.53167 0.293105 0.409742 0 3 -0.2 -0.2 0.411849 0.407201 379 147 571 146 376 270 588 271 471 117 3.06765 400 511 3.14159
1.59831 0.293105 0.409742 0 3 -0.2 -0.2 0.411849 0.407201 379 147 571 146 376 270 588 271 471 117 3.06765 400 511 3.14159
1.66499 0.293105 0.409742 0 3 -0.2 -0.2 0.411849 0.407201 379 147 571 146 376 270 588 271 471 117 3.06765 400 511 3.14159
1.73168 0.293105 0.409742 0 3 -0.2 -0.2 0.411849 0.407201 379 147 571 146 376 270 588 271 471 117 3.06765 400 511 3.14159
1.79837 0.293105 0.409742 0 3 -0.2 -0.2 0.411849 0.407201 379 147 571 146 376 270 588 271 471 117 3.06765 400 511 3.14159
1.86502 0.293105 0.409742 0 3 -0.2 -0.2 0.411849 0.407201 379 147 571 146 376 270 588 271 471 117 3.06765 400 511 3.14159
1.93169 0.293105 0.409742 0 3 -0.2 -0.2 0.411849 0.407201 379 147 571 146 376 270 588 271 471 117 3.06765 400 511 3.14159
1.99833 0.293105 0.409742 0 3 -0.2 -0.2 0.411849 0.407201 379 147 571 146 376 270 588 271 471 117 3.06765 400 511 3.14159
2.06502 0.293105 0.409742 0 3 -0.2 -0.2 0.411849 0.407201 379 147 571 146 376 270 588 271 471 117 3.06765 400 511 3.14159
2.13168 0.293105 0.409742 0 3 -0.2 -0.2 0.411849 0.407201 379 147 571 146 376 270 588 271 471 117 3.06765 400 511 3.14159
2.19835 0.293105 0.409742 0 3 -0.2 -0.2 0.411849 0.407201 379 147 571 146 376 270 588 271 471 117 3.06765 400 511 3.14159
2.26501 0.293105 0.409742 0 3 -0.2 -0.2 0.411849 0.407201 379 147 571 146 376 270 588 271 471 117 3.06765 400 511 3.14159
2.33165 0.293105 0.409742 0 3 -0.2 -0.2 0.411849 0.407201 379 147 571 146 376 270 588 271 471 117 3.06765 400 511 3.14159
2.39834 0.293105 0.409742 0 3 -0.2 -0.2 0.411849 0.407201 379 147 571 146 376 270 588 271 471 117 3.06765 400 511 3.14159
2.46501 0.293105 0.409742 0 3 -0.2 -0.2 0.411849 0.407201 379 147 571 146 376 270 588 271 471 117 3.06765 400 511 3.14159
2.53168 0.293105 0.409742 0 3 -0.2 -0.2 0.411849 0.407201 379 147 571 146 376 270 588 271 471 117 3.06765 400 511 3.14159
2.59837 0.293105 0.409742 0 3 -0.2 -0.2 0.411849 0.407201 379 147 571 146 376 270 588 271 471 117 3.06765 400 511 3.14159
2.66501 0.293105 0.409742 0 3 -0.2 -0.2 0.411849 0.407201 379 147 571 146 376 270 588 271 471 117 3.06765 400 511 3.14159
2.73168 0.293105 0.409742 0 3 -0.2 -0.2 0.411849 0.407201 379 147 571 146 376 270 588 271 471 117 3.06765 400 511 3.14159
2.79834 0.293105 0.409742 0 3 -0.2 -0.2 0.411849 0.407201 379 147 571 146 376 270 588 271 471 117 3.06765 400 511 3.14159
2.865 0.293105 0.409742 0 3 -0.2 -0.2 0.411849 0.407201 379 147 571 146 376 270 588 271 471 117 3.06765 400 511 3.14159
2.93169 0.293105 0.409742 0 3 -0.2 -0.2 0.411849 0.407201 379 147 571 146 376 270 588 271 471 117 3.06765 400 511 3.14159
2.99836 0.293105 0.409742 0 3 -0.2 -0.2 0.411849 0.407201 379 147 571 146 376 270 588 271 471 117 3.06765 400 511 3.14159
3.06496 0.293105 0.409742 0 3 -0.2 -0.2 0.411849 0.407201 379 147 571 146 376 270 588 271 471 117 3.06765 400 511 3.14159
3.13166 0.293105 0.409742 0 3 -0.2 -0.2 0.411849 0.407201 379 147 571 146 376 270 588 271 471 117 3.06765 400 511 3.14159
3.19834 0.293105 0.409742 0 3 -0.2 -0.2 0.411849 0.407201 379 147 571 146 376 270 588 271 471 117 3.06765 400 511 3.14159
3.26501 0.293105 0.409742 0 3 -0.2 -0.2 0.411849 0.407201 379 147 571 146 376 270 588 271 471 117 3.06765 400 511 3.14159
3.33164 0.293105 0.409742 0 3 -0.2 -0.2 0.411849 0.407201 379 147 571 146 376 270 588 271 471 117 3.06765 400 511 3.14159
3.39836 0.293105 0.409742 0 3 -0.2 -0.2 0.411849 0.407201 379 147 571 146 376 270 588 271 471 117 3.06765 400 511 3.14159
3.46501 0.293105 0.409742 0 3 -0.2 -0.2 0.411849 0.407201 379 147 571 146 376 270 588 271 471 117 3.06765 400 511 3.14159
3.53168 0.293105 0.409742 0 3 -0.2 -0.2 0.411849 0.407201 379 147 571 146 376 270 588 271 471 117 3.06765 400 511 3.14159
3.59833 0.293105 0.409742 0 3 -0.2 -0.2 0.411849 0.407201 379 147 571 146 376 270 588 271 471 117 3.06765 400 511 3.14159
3.66503 0.293105 0.409742 0 3 -0.2 -0.2 0.411849 0.407201 379 147 571 146 376 270 588 271 471 117 3.06765 400 511 3.14159
3.73171 0.293105 0.409742 0 3 -0.2 -0.2 0.411849 0.407201 379 147 571 146 376 270 588 271 471 117 3.06765 400 511 3.14159
3.79834 0.293105 0.409742 0 3 -0.2 -0.2 0.411849 0.407201 379 147 571 146 376 270 588 271 471 117 3.06765 400 511 3.14159
3.86501 0.293105 0.409742 0 3 -0.2 -0.2 0.411849 0.407201 379 147 571 146 376 270 588 271 471 117 3.06765 400 511 3.14159
3.9317 0.293105 0.409742 0 3 -0.2 -0.2 0.411849 0.407201 379 147 571 146 376 270 588 271 471 117 3.06765 400 511 3.14159
3.99834 0.293105 0.409742 0 3 -0.2 -0.2 0.411849 0.407201 379 147 571 146 376 270 588 271 471 117 3.06765 400 511 3.14159
4.06503 0.293105 0.409742 0 3 -0.2 -0.2 0.411849 0.407201 379 147 571 146 376 270 588 271 471 117 3.06765 400 511 3.14159
4.13168 0.293105 0.409742 0 3 -0.2 -0.2 0.411849 0.407201 379 147 571 146 376 270 588 271 471 117 3.06765 400 511 3.14159
4.19834 0.293105 0.409742 0 3 -0.2 -0.2 0.411849 0.407201 379 147 571 146 376 270 588 271 471 117 3.06765 400 511 3.14159
4.26501 0.293105 0.409742 0 3 -0.2 -0.2 0.411849 0.407201 379 147 571 146 376 270 588 271 471 117 3.06765 400 511 3.14159
4.33168 0.293105 0.409742 0 3 -0.2 -0.2 0.411849 0.407201 379 147 571 146 376 270 588 271 471 117 3.06765 400 511 3.14159
4.39832 0.293105 0.409742 0 3 -0.2 -0.2 0.411849 0.407201 379 147 571 146 376 270 588 271 471 117 3.06765 400 511 3.14159
4.46503 0.293105 0.409742 0 3 -0.2 -0.2 0.411849 0.407201 379 147 571 146 376 270 588 271 471 117 3.06765 400 511 3.14159
4.53166 0.293105 0.409742 0 3 -0.2 -0.2 0.411849 0.407201 379 147 571 146 376 270 588 271 471 117 3.06765 400 511 3.14159
4.59833 0.293105 0.409742 0 3 -0.2 -0.2 0.411849 0.407201 379 147 571 146 376 270 588 271 471 117 3.06765 400 511 3.14159
4.66497 0.293105 0.409742 0 3 -0.2 -0.2 0.411849 0.407201 379 147 571 146 376 270 588 271 471 117 3.06765 400 511 3.14159
4.73164 0.293105 0.409742 0 3 -0.2 -0.2 0.411849 0.407201 379 147 571 146 376 270 588 271 471 117 3.06765 400 511 3.14159
4.79832 0.293105 0.409742 0 3 -0.2 -0.2 0.411849 0.407201 379 147 571 146 376 270 588 271 471 117 3.06765 400 511 3.14159
4.86501 0.293105 0.409742 0 3 -0.2 -0.2 0.411849 0.407201 379 147 571 146 376 270 588 271 471 117 3.06765 400 511 3.14159
4.93169 0.293105 0.409742 0 3 -0.2 -0.2 0.411849 0.407201 379 147 571 146 376 270 588 271 471 117 3.06765 400 511 3.14159
4.99833 0.293105 0.409742 0 3 -0.2 -0.2 0.411849 0.407201 379 147 571 146 376 270 588 271 471 117 3.06765 400 511 3.14159
5.06501 0.293105 0.409742 0 3 -0.2 -0.2 0.411849 0.407201 379 147 571 146 376 270 588 271 471 117 3.06765 400 511 3.14159
5.13168 0.293105 0.409742 0 3 -0.2 -0.2 0.411849 0.407201 379 147 571 146 376 270 588 271 471 117 3.06765 400 511 3.14159
5.19831 0.293105 0.409742 0 3 -0.2 -0.2 0.411849 0.407201 379 147 571 146 376 270 588 271 471 117 3.06765 400 511 3.14159
5.26505 0.293105 0.409742 0 3 -0.2 -0.2 0.411849 0.407201 379 147 571 146 376 270 588 271 471 117 3.06765 400 511 3.14159
5.33168 0.293105 0.409742 0 3 -0.2 -0.2 0.411849 0.407201 379 147 571 146 376 270 588 271 471 117 3.06765 400 511 3.14159
5.39834 0.293105 0.409742 0 3 -0.2 -0.2 0.411849 0.407201 379 147 571 146 376 270 588 271 471 117 3.06765 400 511 3.14159
5.46497 0.293105 0.409742 0 3 -0.2 -0.2 0.411849 0.407201 379 147 571 146 376 270 588 271 471 117 3.06765 400 511 3.14159
5.53168 0.293105 0.409742 0 3 -0.2 -0.2 0.411849 0.407201 379 147 571 146 376 270 588 271 471 117 3.06765 400 511 3.14159
5.59833 0.293105 0.409742 0 3 -0.2 -0.2 0.411849 0.407201 379 147 571 146 376 270 588 271 471 117 3.06765 400 511 3.14159
5.66502 0.293105 0.409742 0 3 -0.2 -0.2 0.411849 0.407201 379 147 571 146 376 270 588 271 471 117 3.06765 400 511 3.14159
5.73168 0.293105 0.409742 0 3 -0.2 -0.2 0.411849 0.407201 379 147 571 146 376 270 588 271 471 117 3.06765 400 511 3.14159
5.79833 0.293105 0.409742 0 3 -0.2 -0.2 0.411849 0.407201 379 147 571 146 376 270 588 271 471 117 3.06765 400 511 3.14159
5.86501 0.293105 0.409742 0 3 -0.2 -0.2 0.411849 0.407201 379 147 571 146 376 270 588 271 471 117 3.06765 400 511 3.14159
5.93168 0.293105 0.409742 0 3 -0.2 -0.2 0.411849 0.407201 379 147 571 146 376 270 588 271 471 117 3.06765 400 511 3.14159
5.99833 0.293105 0.409742 0 3 -0.2 -0.2 0.411849 0.407201 379 147 571 146 376 270 588 271 471 117 3.06765 400 511 3.14159
6.06501 0.293105 0.409742 0 3 -0.2 -0.2 0.411849 0.407201 379 147 571 146 376 270 588 271 471 117 3.06765 400 511 3.14159
6.13168 0.293105 0.409742 0 3 -0.2 -0.2 0.411849 0.407201 379 147 571 146 376 270 588 271 471 117 3.06765 400 511 3.14159
6.19832 0.293105 0.409742 0 3 -0.2 -0.2 0.411849 0.407201 379 147 571 146 376 270 588 271 471 117 3.06765 400 511 3.14159
6.26502 0.293105 0.409742 0 3 -0.2 -0.2 0.411849 0.407201 379 147 571 146 376 270 588 271 471 117 3.06765 400 511 3.14159
6.33165 0.293105 0.409742 0 3 -0.2 -0.2 0.411849 0.407201 379 147 571 146 376 270 588 271 471 117 3.06765 400 511 3.14159
6.39833 0.293105 0.409742 0 3 -0.2 -0.2 0.411849 0.407201 379 147 571 146 376 270 588 271 471 117 3.06765 400 511 3.14159
6.46501 0.293105 0.409742 0 3 -0.2 -0.2 0.411849 0.407201 379 147 571 146 376 270 588 271 471 117 3.06765 400 511 3.14159
6.53168 0.293105 0.409742 0 3 -0.2 -0.2 0.411849 0.407201 379 147 571 146 376 270 588 271 471 117 3.06765 400 511 3.14159
6.59834 0.293105 0.409742 0 3 -0.2 -0.2 0.411849 0.407201 379 147 571 146 376 270 588 271 471 117 3.06765 400 511 3.14159
6.66501 0.293105 0.409742 0 3 -0.2 -0.2 0.411849 0.407201 379 147 571 146 376 270 588 271 471 117 3.06765 400 511 3.14159
6.7317 0.293105 0.409742 0 3 -0.2 -0.2 0.411849 0.407201 379 147 571 146 376 270 588 271 471 117 3.06765 400 511 3.14159
6.79836 0.293105 0.409742 0 3 -0.2 -0.2 0.411849 0.407201 379 147 571 146 376 270 588 271 471 117 3.06765 400 511 3.14159
6.86503 0.293105 0.409742 0 3 -0.2 -0.2 0.411849 0.407201 379 147 571 146 376 270 588 271 471 117 3.06765 400 511 3.14159
6.93168 0.293105 0.409742 0 3 -0.2 -0.2 0.411849 0.407201 379 147 571 146 376 270 588 271 471 117 3.06765 400 511 3.14159
6.99834 0.293105 0.409742 0 3 -0.2 -0.2 0.411849 0.407201 379 147 571 146 376 270 588 271 471 117 3.06765 400 511 3.14159
7.06502 0.293105 0.409742 0 3 -0.2 -0.2 0.411849 0.407201 379 147 571 146 376 270 588 271 471 117 3.06765 400 511 3.14159
7.13168 0.293105 0.409742 0 3 -0.2 -0.2 0.411849 0.407201 379 147 571 146 376 270 588 271 471 117 3.06765 400 511 3.14159
7.19836 0.293105 0.409742 0 3 -0.2 -0.2 0.411849 0.407201 379 147 571 146 376 270 588 271 471 117 3.06765 400 511 3.14159
7.26501 0.293105 0.409742 0 3 -0.2 -0.2 0.411849 0.407201 379 147 571 146 376 270 588 271 471 117 3.06765 400 511 3.14159
7.33168 0.293105 0.409742 0 3 -0.2 -0.2 0.411849 0.407201 379 147 571 146 376 270 588 271 471 117 3.06765 400 511 3.14159
7.39833 0.293105 0.409742 0 3 -0.2 -0.2 0.411849 0.407201 379 147 571 146 376 270 588 271 471 117 3.06765 400 511 3.14159
7.46502 0.293105 0.409742 0 3 -0.2 -0.2 0.411849 0.407201 379 147 571 146 376 270 588 271 471 117 3.06765 400 511 3.14159
7.53171 0.293105 0.409742 0 3 -0.2 -0.2 0.411849 0.407201 379 147 571 146 376 270 588 271 471 117 3.06765 400 511 3.14159
7.59831 0.293105 0.409742 0 3 -0.2 -0.2 0.411849 0.407201 379 147 571 146 376 270 588 271 471 117 3.06765 400 511 3.14159
7.66501 0.293105 0.409742 0 3 -0.2 -0.2 0.411849 0.407201 379 147 571 146 376 270 588 271 471 117 3.06765 400 511 3.14159
7.73168 0.293105 0.409742 0 3 -0.2 -0.2 0.411849 0.407201 379 147 571 146 376 270 588 271 471 117 3.06765 400 511 3.14159
7.79832 0.293105 0.409742 0 3 -0.2 -0.2 0.411849 0.407201 379 147 571 146 376 270 588 271 471 117 3.06765 400 511 3.14159
7.86501 0.293105 0.409742 0 3 -0.2 -0.2 0.411849 0.407201 379 147 571 146 376 270 588 271 471 117 3.06765 400 511 3.14159
7.93169 0.293105 0.409742 0 3 -0.2 -0.2 0.411849 0.407201 379 147 571 146 376 270 588 271 471 117 3.06765 400 511 3.14159
7.99836 0.293105 0.409742 0 3 -0.2 -0.2 0.411849 0.407201 379 147 571 146 376 270 588 271 471 117 3.06765 400 511 3.14159
8.06503 0.293105 0.409742 0 3 -0.2 -0.2 0.411849 0.407201 379 147 571 146 376 270 588 271 471 117 3.06765 400 511 3.14159
8.13166 0.293105 0.409742 0 3 -0.2 -0.2 0.411849 0.407201 379 147 571 146 376 270 588 271 471 117 3.06765 400 511 3.14159
8.19839 0.293105 0.409742 0 3 -0.2 -0.2 0.411849 0.407201 379 147 571 146 376 270 588 271 471 117 3.06765 400 511 3.14159
8.26501 0.293105 0.409742 0 3 -0.2 -0.2 0.411849 0.407201 379 147 571 146 376 270 588 271 471 117 3.06765 400 511 3.14159
8.33165 0.293105 0.409742 0 3 -0.2 -0.2 0.411849 0.407201 379 147 571 146 376 270 588 271 471 117 3.06765 400 511 3.14159
8.39836 0.293105 0.409742 0 3 -0.2 -0.2 0.411849 0.407201 379 147 571 146 376 270 588 271 471 117 3.06765 400 511 3.14159
8.46499 0.293105 0.409742 0 3 -0.2 -0.2 0.411849 0.407201 379 147 571 146 376 270 588 271 471 117 3.06765 400 511 3.14159
8.53165 0.293105 0.409742 0 3 -0.2 -0.2 0.411849 0.407201 379 147 571 146 376 270 588 271 471 117 3.06765 400 511 3.14159
8.59835 0.293105 0.409742 0 3 -0.2 -0.2 0.411849 0.407201 379 147 571 146 376 270 588 271 471 117 3.06765 400 511 3.14159
8.665 0.293105 0.409742 0 3 -0.2 -0.2 0.411849 0.407201 379 147 571 146 376 270 588 271 471 117 3.06765 400 511 3.14159
8.73167 0.293105 0.409742 0 3 -0.2 -0.2 0.411849 0.407201 379 147 571 146 376 270 588 271 471 117 3.06765 400 511 3.14159
8.79833 0.293105 0.409742 0 3 -0.2 -0.2 0.411849 0.407201 379 147 571 146 376 270 588 271 471 117 3.06765 400 511 3.14159
8.865 0.293105 0.409742 0 3 -0.2 -0.2 0.411849 0.407201 379 147 571 146 376 270 588 271 471 117 3.06765 400 511 3.14159
8.93168 0.293105 0.409742 0 3 -0.2 -0.2 0.411849 0.407201 379 147 571 146 376 270 588 271 471 117 3.06765 400 511 3.14159
8.99834 0.293105 0.409742 0 3 -0.2 -0.2 0.411849 0.407201 379 147 571 146 376 270 588 271 471 117 3.06765 400 511 3.14159
9.06502 0.293105 0.409742 0 3 -0.2 -0.2 0.411849 0.407201 379 147 571 146 376 270 588 271 471 117 3.06765 400 511 3.14159
9.13165 0.293105 0.409742 0 3 -0.2 -0.2 0.411849 0.407201 379 147 571 146 376 270 588 271 471 117 3.06765 400 511 3.14159
9.19831 0.293105 0.409742 0 3 -0.2 -0.2 0.411849 0.407201 379 147 571 146 376 270 588 271 471 117 3.06765 400 511 3.14159
9.26502 0.293105 0.409742 0 3 -0.2 -0.2 0.411849 0.407201 379 147 571 146 376 270 588 271 471 117 3.06765 400 511 3.14159
9.33168 0.293105 0.409742 0 3 -0.2 -0.2 0.411849 0.407201 379 147 571 146 376 270 588 271 471 117 3.06765 400 511 3.14159
9.39835 0.293105 0.409742 0 3 -0.2 -0.2 0.411849 0.407201 379 147 571 146 376 270 588 271 471 117 3.06765 400 511 3.14159
9.46501 0.293105 0.409742 0 3 -0.2 -0.2 0.411849 0.407201 379 147 571 146 376 270 588 271 471 117 3.06765 400 511 3.14159
9.53169 0.293105 0.409742 0 3 -0.2 -0.2 0.411849 0.407201 379 147 571 146 376 270 588 271 471 117 3.06765 400 511 3.14159
9.59836 0.293105 0.409742 0 3 -0.2 -0.2 0.411849 0.407201 379 147 571 146 376 270 588 271 471 117 3.06765 400 511 3.14159
9.66498 0.293105 0.409742 0 3 -0.2 -0.2 0.411849 0.407201 379 147 571 146 376 270 588 271 471 117 3.06765 400 511 3.14159
9.73168 0.293105 0.409742 0 3 -0.2 -0.2 0.411849 0.407201 379 147 571 146 376 270 588 271 471 117 3.06765 400 511 3.14159
9.79833 0.293105 0.409742 0 3 -0.2 -0.2 0.411849 0.407201 379 147 571 146 376 270 588 271 471 117 3.06765 400 511 3.14159
9.865 0.293105 0.409742 0 3 -0.2 -0.2 0.411849 0.407201 379 147 571 146 376 270 588 271 471 117 3.06765 400 511 3.14159
9.93167 0.293105 0.409742 0 3 -0.2 -0.2 0.411849 0.407201 379 147 571 146 376 270 588 271 471 117 3.06765 400 511 3.14159
9.99835 0.293105 0.409742 0 3 -0.2 -0.2 0.411849 0.407201 379 147 571 146 376 270 588 271 471 117 3.06765 400 511 3.14159
10.065 0.293105 0.409742 0 3 -0.2 -0.2 0.411849 0.407201 379 147 571 146 376 270 588 271 471 117 3.06765 400 511 3.14159
10.1317 0.293105 0.409742 0 3 -0.2 -0.2 0.411849 0.407201 379 147 571 146 376 270 588 271 471 117 3.06765 400 511 3.14159
10.1983 0.293105 0.409742 0 3 -0.2 -0.2 0.411849 0.407201 379 147 571 146 376 270 588 271 471 117 3.06765 400 511 3.14159
10.265 0.293105 0.409742 0 3 -0.2 -0.2 0.411849 0.407201 379 147 571 146 376 270 588 271 471 117 3.06765 400 511 3.14159
10.3317 0.293105 0.409742 0 3 -0.2 -0.2 0.411849 0.407201 379 147 571 146 376 270 588 271 471 117 3.06765 400 511 3.14159
10.3983 0.293105 0.409742 0 3 -0.2 -0.2 0.411849 0.407201 379 147 571 146 376 270 588 271 471 117 3.06765 400 511 3.14159
10.465 0.293105 0.409742 0 3 -0.2 -0.2 0.411849 0.407201 379 147 571 146 376 270 588 271 471 117 3.06765 400 511 3.14159
10.5316 0.293105 0.409742 0 3 -0.2 -0.2 0.411849 0.407201 379 147 571 146 376 270 588 271 471 117 3.06765 400 511 3.14159
10.5983 0.293105 0.409742 0 3 -0.2 -0.2 0.411849 0.407201 379 147 571 146 376 270 588 271 471 117 3.06765 400 511 3.14159
10.665 0.293105 0.409742 0 3 -0.2 -0.2 0.411849 0.407201 379 147 571 146 376 270 588 271 471 117 3.06765 400 511 3.14159
10.7317 0.293105 0.409742 0 3 -0.2 -0.2 0.411849 0.407201 379 147 571 146 376 270 588 271 471 117 3.06765 400 511 3.14159
10.7983 0.293105 0.409742 0 3 -0.2 -0.2 0.411849 0.407201 379 147 571 146 376 270 588 271 471 117 3.06765 400 511 3.14159
10.865 0.293105 0.409742 0 3 -0.2 -0.2 0.411849 0.407201 379 147 571 146 376 270 588 271 471 117 3.06765 400 511 3.14159
10.9318 0.293105 0.409742 0 3 -0.2 -0.2 0.411849 0.407201 379 147 571 146 376 270 588 271 471 117 3.06765 400 511 3.14159
10.9983 0.293105 0.409742 0 3 -0.2 -0.2 0.411849 0.407201 379 147 571 146 376 270 588 271 471 117 3.06765 400 511 3.14159
11.065 0.293105 0.409742 0 3 -0.2 -0.2 0.411849 0.407201 379 147 571 146 376 270 588 271 471 117 3.06765 400 511 3.14159
11.1317 0.293105 0.409742 0 3 -0.2 -0.2 0.411849 0.407201 379 147 571 146 376 270 588 271 471 117 3.06765 400 511 3.14159
11.1984 0.293105 0.409742 0 3 -0.2 -0.2 0.411849 0.407201 379 147 571 146 376 270 588 271 471 117 3.06765 400 511 3.14159
11.265 0.293105 0.409742 0 3 -0.2 -0.2 0.411849 0.407201 379 147 571 146 376 270 588 271 471 117 3.06765 400 511 3.14159
11.3317 0.293105 0.409742 0 3 -0.2 -0.2 0.411849 0.407201 379 147 571 146 376 270 588 271 471 117 3.06765 400 511 3.14159
11.3984 0.293105 0.409742 0 3 -0.2 -0.2 0.411849 0.407201 379 147 571 146 376 270 588 271 471 117 3.06765 400 511 3.14159
11.465 0.293105 0.409742 0 3 -0.2 -0.2 0.411849 0.407201 379 147 571 146 376 270 588 271 471 117 3.06765 400 511 3.14159
11.5317 0.293105 0.409742 0 3 -0.2 -0.2 0.411849 0.407201 379 147 571 146 376 270 588 271 471 117 3.06765 400 511 3.14159
11.5983 0.293105 0.409742 0 3 -0.2 -0.2 0.411849 0.407201 379 147 571 146 376 270 588 271 471 117 3.06765 400 511 3.14159
11.665 0.293105 0.409742 0 3 -0.2 -0.2 0.411849 0.407201 379 147 571 146 376 270 588 271 471 117 3.06765 400 511 3.14159
11.7317 0.293105 0.409742 0 3 -0.2 -0.2 0.411849 0.407201 379 147 571 146 376 270 588 271 471 117 3.06765 400 511 3.14159
11.7983 0.293105 0.409742 0 3 -0.2 -0.2 0.411849 0.407201 379 147 571 146 376 270 588 271 471 117 3.06765 400 511 3.14159
11.865 0.293105 0.409742 0 3 -0.2 -0.2 0.411849 0.407201 379 147 571 146 376 270 588 271 471 117 3.06765 400 511 3.14159
11.9317 0.293105 0.409742 0 3 -0.2 -0.2 0.411849 0.407201 379 147 571 146 376 270 588 271 471 117 3.06765 400 511 3.14159
11.9983 0.293105 0.409742 0 3 -0.2 -0.2 0.411849 0.407201 379 147 571 146 376 270 588 271 471 117 3.06765 400 511 3.14159
12.065 0.293105 0.409742 0 3 -0.2 -0.2 0.411849 0.407201 379 147 571 146 376 270 588 271 471 117 3.06765 400 511 3.14159
12.1317 0.293105 0.409742 0 3 -0.2 -0.2 0.411849 0.407201 379 147 571 146 376 270 588 271 471 117 3.06765 400 511 3.14159
12.1983 0.293105 0.409742 0 3 -0.2 -0.2 0.411849 0.407201 379 147 571 146 376 270 588 271 471 117 3.06765 400 511 3.14159
12.265 0.293105 0.409742 0 3 -0.2 -0.2 0.411849 0.407201 379 147 571 146 376 270 588 271 471 117 3.06765 400 511 3.14159
12.3317 0.293105 0.409742 0 3 -0.2 -0.2 0.411849 0.407201 379 147 571 146 376 270 588 271 471 117 3.06765 400 511 3.14159
12.3983 0.293105 0.409742 0 3 -0.2 -0.2 0.411849 0.407201 379 147 571 146 376 270 588 271 471 117 3.06765 400 511 3.14159
12.465 0.293105 0.409742 0 3 -0.2 -0.2 0.411849 0.407201 379 147 571 146 376 270 588 271 471 117 3.06765 400 511 3.14159
12.5317 0.293105 0.409742 0 3 -0.2 -0.2 0.411849 0.407201 379 147 571 146 376 270 588 271 471 117 3.06765 400 511 3.14159
12.5983 0.293105 0.409742 0 3 -0.2 -0.2 0.411849 0.407201 379 147 571 146 376 270 588 271 471 117 3.06765 400 511 3.14159
12.665 0.293105 0.409742 0 3 -0.2 -0.2 0.411849 0.407201 379 147 571 146 376 270 588 271 471 117 3.06765 400 511 3.14159
12.7317 0.293105 0.409742 0 3 -0.2 -0.2 0.411849 0.407201 379 147 571 146 376 270 588 271 471 117 3.06765 400 511 3.14159
12.7983 0.293105 0.409742 0 3 -0.2 -0.2 0.411849 0.407201 379 147 571 146 376 270 588 271 471 117 3.06765 400 511 3.14159
12.865 0.293105 0.409742 0 3 -0.2 -0.2 0.411849 0.407201 379 147 571 146 376 270 588 271 471 117 3.06765 400 511 3.14159
12.9317 0.293105 0.409742 0 3 -0.2 -0.2 0.411849 0.407201 379 147 571 146 376 270 588 271 471 117 3.06765 400 511 3.14159
12.9983 0.293105 0.409742 0 3 -0.2 -0.2 0.411849 0.407201 379 147 571 146 376 270 588 271 471 117 3.06765 400 511 3.14159
13.065 0.293105 0.409742 0 3 -0.2 -0.2 0.411849 0.407201 379 147 571 146 376 270 588 271 471 117 3.06765 400 511 3.14159
13.1317 0.293105 0.409742 0 3 -0.2 -0.2 0.411849 0.407201 379 147 571 146 376 270 588 271 471 117 3.06765 400 511 3.14159
13.1984 0.293105 0.409742 0 3 -0.2 -0.2 0.411849 0.407201 379 147 571 146 376 270 588 271 471 117 3.06765 400 511 3.14159
13.265 0.293105 0.409742 0 3 -0.2 -0.2 0.411849 0.407201 379 147 571 146 376 270 588 271 471 117 3.06765 400 511 3.14159
13.3317 0.293105 0.409742 0 3 -0.2 -0.2 0.411849 0.407201 379 147 571 146 376 270 588 271 471 117 3.06765 400 511 3.14159
13.3983 0.293105 0.409742 0 3 -0.2 -0.2 0.411849 0.407201 379 147 571 146 376 270 588 271 471 117 3.06765 400 511 3.14159
13.465 0.293105 0.409742 0 3 -0.2 -0.2 0.411849 0.407201 379 147 571 146 376 270 588 271 471 117 3.06765 400 511 3.14159
13.5317 0.293105 0.409742 0 3 -0.2 -0.2 0.411849 0.407201 379 147 571 146 376 270 588 271 471 117 3.06765 400 511 3.14159
13.5983 0.293105 0.409742 0 3 -0.2 -0.2 0.411849 0.407201 379 147 571 146 376 270 588 271 471 117 3.06765 400 511 3.14159
13.665 0.293105 0.409742 0 3 -0.2 -0.2 0.411849 0.407201 379 147 571 146 376 270 588 271 471 117 3.06765 400 511 3.14159
13.7317 0.293105 0.409742 0 3 -0.2 -0.2 0.411849 0.407201 379 147 571 146 376 270 588 271 471 117 3.06765 400 511 3.14159
13.7984 0.293105 0.409742 0 3 -0.2 -0.2 0.411849 0.407201 379 147 571 146 376 270 588 271 471 117 3.06765 400 511 3.14159
13.865 0.293105 0.409742 0 3 -0.2 -0.2 0.411849 0.407201 379 147 571 146 376 270 588 271 471 117 3.06765 400 511 3.14159
13.9317 0.293105 0.409742 0 3 -0.2 -0.2 0.411849 0.407201 379 147 571 146 376 270 588 271 471 117 3.06765 400 511 3.14159
13.9984 0.293105 0.409742 0 3 -0.2 -0.2 0.411849 0.407201 379 147 571 146 376 270 588 271 471 117 3.06765 400 511 3.14159
14.065 0.293105 0.409742 0 3 -0.2 -0.2 0.411849 0.407201 379 147 571 146 376 270 588 271 471 117 3.06765 400 511 3.14159
14.1317 0.293105 0.409742 0 3 -0.2 -0.2 0.411849 0.407201 379 147 571 146 376 270 588 271 471 117 3.06765 400 511 3.14159
14.1983 0.293105 0.409742 0 3 -0.2 -0.2 0.411849 0.407201 379 147 571 146 376 270 588 271 471 117 3.06765 400 511 3.14159
14.265 0.293105 0.409742 0 3 -0.2 -0.2 0.411849 0.407201 379 147 571 146 376 270 588 271 471 117 3.06765 400 511 3.14159
14.3317 0.293105 0.409742 0 3 -0.2 -0.2 0.411849 0.407201 379 147 571 146 376 270 588 271 471 117 3.06765 400 511 3.14159
14.3983 0.293105 0.409742 0 3 -0.2 -0.2 0.411849 0.407201 379 147 571 146 376 270 588 271 471 117 3.06765 400 511 3.14159
14.465 0.293105 0.409742 0 3 -0.2 -0.2 0.411849 0.407201 379 147 571 146 376 270 588 271 471 117 3.06765 400 511 3.14159
14.5317 0.293105 0.409742 0 3 -0.2 -0.2 0.411849 0.407201 379 147 571 146 376 270 588 271 471 117 3.06765 400 511 3.14159
14.5983 0.293105 0.409742 0 3 -0.2 -0.2 0.411849 0.407201 379 147 571 146 376 270 588 271 471 117 3.06765 400 511 3.14159
14.665 0.293105 0.409742 0 3 -0.2 -0.2 0.411849 0.407201 379 147 571 146 376 270 588 271 471 117 3.06765 400 511 3.14159
14.7317 0.293105 0.409742 0 3 -0.2 -0.2 0.411849 0.407201 379 147 571 146 376 270 588 271 471 117 3.06765 400 511 3.14159
14.7983 0.293105 0.409742 0 3 -0.2 -0.2 0.411849 0.407201 379 147 571 146 376 270 588 271 471 117 3.06765 400 511 3.14159
14.865 0.293105 0.409742 0 3 -0.2 -0.2 0.411849 0.407201 379 147 571 146 376 270 588 271 471 117 3.06765 400 511 3.14159
14.9317 0.293105 0.409742 0 3 -0.2 -0.2 0.411849 0.407201 379 147 571 146 376 270 588 271 471 117 3.06765 400 511 3.14159
14.9983 0.293105 0.409742 0 3 -0.2 -0.2 0.411849 0.407201 379 147 571 146 376 270 588 271 471 117 3.06765 400 511 3.14159
15.065 0.293105 0.409742 0 3 -0.2 -0.2 0.411849 0.407201 379 147 571 146 376 270 588 271 471 117 3.06765 400 511 3.14159
15.1317 0.293105 0.409742 0 3 -0.2 -0.2 0.411849 0.407201 379 147 571 146 376 270 588 271 471 117 3.06765 400 511 3.14159
15.1983 0.293105 0.409742 0 3 -0.2 -0.2 0.411849 0.407201 379 147 571 146 376 270 588 271 471 117 3.06765 400 511 3.14159
15.265 0.293105 0.409742 0 3 -0.2 -0.2 0.411849 0.407201 379 147 571 146 376 270 588 271 471 117 3.06765 400 511 3.14159
15.3317 0.293105 0.409742 0 3 -0.2 -0.2 0.411849 0.407201 379 147 571 146 376 270 588 271 471 117 3.06765 400 511 3.14159
15.3983 0.293105 0.409742 0 3 -0.2 -0.2 0.411849 0.407201 379 147 571 146 376 270 588 271 471 117 3.06765 400 511 3.14159
15.465 0.293105 0.409742 0 3 -0.2 -0.2 0.411849 0.407201 379 147 571 146 376 270 588 271 471 117 3.06765 400 511 3.14159
15.5317 0.293105 0.409742 0 3 -0.2 -0.2 0.411849 0.407201 379 147 571 146 376 270 588 271 471 117 3.06765 400 511 3.14159
15.5983 0.293105 0.409742 0 3 0 0 0.411849 0.407201 379 147 571 146 376 270 588 271 471 117 3.06765 400 511 3.14159
15.665 0 0 0 3 0 0 0.411849 0.407201 379 147 571 146 376 270 588 271 471 117 3.06765 400 511 3.14159
15.7317 0 0 0 3 0 0 0.411849 0.407201 379 147 571 146 376 270 588 271 471 117 3.06765 400 511 3.14159
15.7983 0 0 0 3 0 0 0 0 379 147 571 146 376 270 588 271 471 117 3.06765 400 511 3.14159
15.865 0 0 0 0 0 0 0 0 379 147 571 146 376 270 588 271 471 117 3.06765 400 511 3.14159
15.9317 0 0 0 0 0 0 0 0 379 147 571 146 376 270 588 271 471 117 3.06765 400 511 3.14159
15.9983 0 0 0 0 0 0 0 0 379 147 571 146 376 270 588 271 471 117 3.06765 400 511 3.14159
16.065 0 0 0 0 0 0 0 0 379 147 571 146 376 270 588 271 471 117 3.06765 400 511 3.14159
16.1317 0 0 0 0 0 0 0 0 379 147 571 146 376 270 588 271 471 117 3.06765 400 511 3.14159
16.1983 0 0 0 0 0 0 0 0 379 147 571 146 376 270 588 271 471 117 3.06765 400 511 3.14159
16.265 0 0 0 0 0 0 0 0 374 148 574 146 373 270 590 272 471 117 3.06765 400 511 3.18004
16.3316 0 0 0 0 0 0 0 0 374 148 574 145 373 270 590 272 471 117 3.06765 400 511 3.19218
16.3983 0 0 0 0 0 0 0 0 374 148 574 145 373 270 590 272 471 117 3.06765 400 511 3.19218
16.465 0 0 0 0 0 0 0 0 374 148 574 146 373 270 590 272 471 117 3.06765 400 511 3.19218
16.5317 0 0 0 0 0 0 0 0 374 148 574 146 373 270 590 272 471 117 3.06765 400 511 3.18004
16.5983 0 0 0 0 0 0 0 0 374 148 574 146 373 270 590 272 471 117 3.06765 400 511 3.19218
16.665 0 0 0 0 0 0 0 0 374 148 574 146 373 270 590 272 471 117 3.06765 400 511 3.19218
16.7316 0 0 0 0 0 0 0 0 374 148 574 145 373 270 590 272 471 117 3.06765 400 511 3.19218
16.7983 0 0 0 0 0 0 0 0 374 148 574 146 373 270 590 272 471 117 3.06765 399 511 3.14159
16.865 0 0 0 0 0 0 0 0 374 148 574 145 373 270 590 272 471 117 3.06765 400 511 3.19218
16.9317 0 0 0 0 0 0 0 0 374 148 574 145 373 270 590 272 471 117 3.06765 400 511 3.19218
16.9983 0 0 0 0 0 0 0 0 374 148 574 146 373 270 590 272 471 117 3.06765 400 511 3.18004
17.065 0 0 0 0 0 0 0 0 374 148 574 145 373 270 590 272 471 117 3.06765 400 511 3.19218
17.1317 0 0 0 0 0 0 0 0 374 148 574 146 373 270 590 272 471 117 3.06765 400 511 3.19218
17.1983 0 0 0 0 0 0 0 0 374 148 574 145 373 270 590 272 471 117 3.06765 400 511 3.19218
17.265 0 0 0 0 0 0 0 0 374 148 574 146 373 270 590 272 471 117 3.06765 400 511 3.19218
17.3317 0 0 0 0 0 0 0 0 374 148 574 146 373 270 590 272 471 117 3.06765 399 511 3.14159
17.3983 0 0 0 0 0 0 0 0 374 148 574 146 373 270 590 272 471 117 3.06765 400 511 3.19218
17.465 0 0 0 0 0 0 0 0 374 148 574 146 373 270 590 272 471 117 3.06765 400 511 3.18004
17.5317 0 0 0 0 0 0 0 0 374 148 574 145 373 270 590 272 471 117 3.06765 400 511 3.19218
17.5983 0 0 0 0 0 0 0 0 374 148 574 146 373 270 590 272 471 117 3.06765 400 511 3.19218
17.665 0 0 0 0 0 0 0 0 374 148 574 146 373 270 590 272 471 117 3.06765 400 511 3.18004
17.7316 0 0 0 0 0 0 0 0 374 148 574 146 373 270 590 272 471 117 3.06765 400 511 3.19218
17.7983 0 0 0 0 0 0 0 0 374 148 574 146 373 270 590 272 471 117 3.06765 399 511 3.14159
17.865 0 0 0 0 0 0 0 0 374 148 574 146 373 270 590 272 471 117 3.06765 399 511 3.14159
17.9317 0 0 0 0 0 0 0 0 374 148 574 146 373 270 590 272 471 117 3.06765 400 511 3.18004
17.9983 0 0 0 0 0 0 0 0 374 148 574 146 373 270 590 272 471 117 3.06765 400 511 3.19218
18.065 0 0 0 0 0 0 0 0 374 148 574 146 373 270 590 272 471 117 3.06765 400 511 3.19218
18.1317 0 0 0 0 0 0 0 0 374 148 574 146 373 270 590 272 471 117 3.06765 400 511 3.19218
18.1983 0 0 0 0 0 0 0 0 374 148 574 146 373 270 590 272 471 117 3.06765 400 511 3.18004
18.265 0 0 0 0 0 0 0 0 374 148 574 146 373 270 590 272 471 117 3.06765 400 511 3.19218
18.3317 0 0 0 0 0 0 0 0 374 148 574 146 373 270 590 272 471 117 3.06765 400 511 3.19218
18.3983 0 0 0 0 0 0 0 0 374 148 574 145 373 270 590 272 471 117 3.06765 400 511 3.19218
18.465 0 0 0 0 0 0 0 0 374 148 574 146 373 270 590 272 471 117 3.06765 400 511 3.19218
18.5317 0 0 0 0 0 0 0 0 374 149 574 146 374 269 590 272 471 117 3.06765 400 512 3.19218
18.5983 0 0 0 0 0 0 0 0 370 149 574 146 374 269 590 272 471 117 3.06765 400 511 3.15409
18.665 0.200308 0.332112 0 1 0 0 0 0 370 149 761 202 374 269 703 310 471 117 3.06765 400 512 3.19218
18.7317 0.200051 0.330313 0 0 0 0 0.320308 0.332112 370 149 767 208 271 312 706 311 471 117 3.06765 400 512 3.19218
18.7983 0.200051 0.330313 0 0 0 0 0.320308 0.332112 204 214 768 209 272 311 706 311 471 117 3.06765 400 512 3.19218
18.865 0.200051 0.330313 0 0 0 0 0.320051 0.330313 203 215 768 209 271 312 706 312 471 117 3.06765 400 513 3.14159
18.9316 0.200051 0.330313 0 0 0 0 0.320051 0.330313 204 213 768 209 272 313 706 313 471 117 3.06765 400 512 3.14159
18.9983 0.200051 0.330313 0 0 0 0 0.320051 0.330313 204 213 768 208 272 313 706 313 471 117 3.06765 400 511 3.14159
19.065 0.200051 0.330313 1 1 0 0 0.320051 0.330313 204 212 768 207 272 314 706 314 471 117 3.06765 400 511 3.15409
19.1317 0.200051 0.330313 1 1 0 0 0.320051 0.330313 204 212 768 207 272 314 706 313 471 117 3.06765 400 511 3.15409
19.1983 0.200051 0.330313 1 1 0 0 0.320051 0.330313 204 212 768 207 272 314 706 314 471 117 3.06765 399 511 3.14159
19.265 0.200051 0.331598 1 0 0 0 0.320051 0.330313 205 211 768 207 272 313 706 314 471 117 3.06765 399 511 3.14159
19.3317 0.200051 0.331598 1 0 0 0 0.320051 0.331598 205 210 768 207 272 313 706 314 471 117 3.06765 400 511 3.19218
19.3983 0.200051 0.331598 1 0 0 0 0.320051 0.331598 206 210 768 207 273 313 706 314 471 117 3.06765 400 511 3.18004
19.465 0.200051 0.332112 1 0 0 0 0.320051 0.331598 206 210 768 207 273 313 706 314 471 117 3.06765 400 511 3.19218
19.5317 0.200051 0.332112 1 0 0 0 0.320051 0.332112 206 210 768 207 272 313 706 314 471 117 3.06765 400 511 3.18004
19.5983 0.200051 0.332112 1 0 0 0 0.320051 0.332112 204 211 768 207 272 314 706 314 471 117 3.06765 400 511 3.18004
19.665 0.200051 0.330827 1 0 0 0 0.320051 0.332112 205 211 768 207 272 314 706 314 471 117 3.06765 400 511 3.19218
19.7317 0.200051 0.330827 1 0 0 0 0.320051 0.330827 205 211 768 207 272 314 706 314 471 117 3.06765 399 511 3.14159
19.7983 0.200051 0.330827 1 -1 0 0 0.320051 0.330827 205 211 768 207 272 314 706 314 471 117 3.06765 400 511 3.19218
19.865 0.200051 0.330827 1 -1 0 0 0.320051 0.330827 205 211 768 207 272 314 706 314 471 117 3.06765 399 511 3.14159
19.9317 0.200051 0.330827 1 -1 0 0 0.320051 0.330827 205 211 768 207 272 314 706 314 471 117 3.06765 400 511 3.19218
19.9983 0.200051 0.331341 1 -14 0 0 0.320051 0.330827 205 211 768 207 272 314 706 314 471 117 3.06765 400 511 3.18004
20.065 0.200051 0.331341 1 -14 0 0 0.320051 0.330827 205 211 768 207 272 314 706 314 471 117 3.06765 400 511 3.18004
20.1317 0.200051 0.331341 1 -14 0 0 0.320051 0.331341 205 211 768 207 272 314 706 314 471 117 3.06765 400 511 3.19218
20.1983 0.199794 0.331084 1 0 0 0 0.320051 0.331341 205 211 768 207 272 314 706 314 471 117 3.06765 399 511 3.14159
20.265 0.199794 0.331084 1 0 0 0 0.319794 0.331084 205 211 768 207 272 314 706 314 471 117 3.06765 400 511 3.19218
20.3317 0.199794 0.331084 1 0 0 0 0.319794 0.331084 205 211 768 207 272 314 706 314 471 117 3.06765 400 511 3.19218
20.3983 0.200051 0.331084 1 0 0 0 0.319794 0.331084 205 211 768 207 272 314 706 314 471 117 3.06765 399 511 3.14159
20.465 0.200051 0.331084 1 0 0 0 0.320051 0.331084 205 211 768 207 272 314 706 314 471 117 3.06765 400 511 3.19218
20.5317 0.200051 0.331084 1 0 0 0 0.320051 0.331084 205 211 768 207 272 314 706 314 471 117 3.06765 399 511 3.14159
20.5983 0.200051 0.331084 1 0 0 0 0.320051 0.331084 205 211 768 207 272 314 706 314 471 117 3.06765 400 511 3.19218
20.665 0.200051 0.331084 1 0 0 0 0.320051 0.331084 205 211 768 207 272 314 706 314 471 117 3.06765 400 511 3.18004
20.7317 0.200051 0.331084 1 0 0 0 0.320051 0.331084 205 211 768 207 272 314 706 314 471 117 3.06765 400 511 3.19218
20.7983 0.199794 0.331084 0 0 0 0 0.320051 0.331084 205 211 768 207 272 314 706 314 471 117 3.06765 400 511 3.19218
20.865 0.199794 0.331084 0 0 0 0 0.319794 0.331084 205 211 768 207 272 314 706 314 471 117 3.06765 400 511 3.19218
20.9317 0.199794 0.331084 0 0 0 0 0.319794 0.331084 205 211 768 207 272 314 706 314 471 117 3.06765 400 511 3.19218
20.9983 0.199794 0.331084 1 0 0 0 0.319794 0.331084 205 211 768 207 272 314 706 314 471 117 3.06765 399 511 3.14159
21.065 0.199794 0.331084 1 0 0 0 0.319794 0.331084 205 211 768 207 272 314 706 314 471 117 3.06765 400 511 3.18004
21.1316 0.199794 0.331084 1 0 0 0 0.319794 0.331084 205 211 768 207 272 314 706 314 471 117 3.06765 400 511 3.19218
21.1983 0.199794 0.331084 1 0 0 0 0.319794 0.331084 205 211 768 207 272 314 706 314 471 117 3.06765 400 511 3.19218
21.265 0.199794 0.331084 1 0 0 0 0.319794 0.331084 205 211 768 207 272 314 706 314 471 117 3.06765 400 511 3.19218
21.3317 0.199794 0.331084 1 0 0 0 0.319794 0.331084 205 211 768 207 272 314 706 314 471 117 3.06765 400 511 3.19218
21.3983 0.199794 0.331084 0 0 0 0 0.319794 0.331084 205 211 768 207 272 314 706 314 471 117 3.06765 400 511 3.19218
21.465 0.199794 0.331084 0 0 0 0 0.319794 0.331084 205 211 768 207 272 314 706 314 471 117 3.06765 400 511 3.19218
21.5317 0.199794 0.331084 0 0 0 0 0.319794 0.331084 205 211 768 207 272 314 706 314 471 117 3.06765 400 511 3.19218
21.5983 0.199794 0.331084 0 0 0 0 0.319794 0.331084 205 211 768 207 272 314 706 314 471 117 3.06765 399 511 3.14159
21.665 0.199794 0.331084 0 0 0 0 0.319794 0.331084 205 211 768 207 272 314 706 314 471 117 3.06765 399 511 3.14159
21.7317 0.199794 0.331084 0 0 0 0 0.319794 0.331084 205 211 768 207 272 314 706 314 471 117 3.06765 400 511 3.18004
21.7983 0.199794 0.331084 0 0 0 0 0.319794 0.331084 205 211 768 207 272 314 706 314 471 117 3.06765 400 511 3.19218
21.865 0.199794 0.331084 0 0 0 0 0.319794 0.331084 205 211 768 207 272 314 706 314 471 117 3.06765 400 511 3.19218
21.9317 0.199794 0.331084 0 0 0 0 0.319794 0.331084 205 211 768 207 272 314 706 314 471 117 3.06765 400 511 3.19218
21.9983 0.199794 0.331084 0 0 0 0 0.319794 0.331084 205 211 768 207 272 314 706 314 471 117 3.06765 400 511 3.19218
22.065 0.199794 0.331084 0 0 0 0 0.319794 0.331084 205 211 768 207 272 314 706 314 471 117 3.06765 400 511 3.19218
22.1317 0.199794 0.331084 0 0 0 0 0.319794 0.331084 205 211 768 207 272 314 706 314 471 117 3.06765 399 511 3.14159
22.1983 0.199794 0.331084 0 0 0 0 0.319794 0.331084 205 211 768 207 272 314 706 314 471 117 3.06765 400 511 3.18004
22.265 0.199794 0.331084 0 0 0 0 0.319794 0.331084 205 211 768 207 272 314 706 314 471 117 3.06765 400 511 3.19218
22.3317 0.199794 0.331084 0 0 0 0 0.319794 0.331084 205 211 768 207 272 314 706 314 471 117 3.06765 400 511 3.19218
22.3983 0.199794 0.331084 0 0 0 0 0.319794 0.331084 205 211 768 207 272 314 706 314 471 117 3.06765 400 511 3.19218
22.465 0.199794 0.331084 0 0 0 0 0.319794 0.331084 205 211 768 207 272 314 706 314 471 117 3.06765 400 511 3.19218
22.5317 0.199794 0.331084 0 0 0 0 0.319794 0.331084 205 211 768 207 272 314 706 314 471 117 3.06765 399 511 3.14159
22.5983 0.199794 0.331084 0 0 0 0 0.319794 0.331084 205 211 768 207 272 314 706 314 471 117 3.06765 400 511 3.19218
22.665 0.199794 0.331084 0 0 0 0 0.319794 0.331084 205 211 768 207 272 314 706 314 471 117 3.06765 400 511 3.18004
22.7317 0.199794 0.331084 0 0 0 0 0.319794 0.331084 205 211 768 207 272 314 706 314 471 117 3.06765 400 511 3.19218
22.7983 0.199794 0.331084 0 0 0 0 0.319794 0.331084 205 211 768 207 272 314 706 314 471 117 3.06765 400 511 3.19218
22.865 0.199794 0.331084 0 0 0 0 0.319794 0.331084 205 211 768 207 272 314 706 314 471 117 3.06765 400 511 3.19218
22.9317 0.199794 0.331084 0 0 0 0 0.319794 0.331084 205 211 768 207 272 314 706 314 471 117 3.06765 400 511 3.18004
22.9983 0.199794 0.331084 0 0 0 0 0.319794 0.331084 205 211 768 207 272 314 706 314 471 117 3.06765 399 511 3.14159
23.065 0.199794 0.331084 0 0 0 0 0.319794 0.331084 205 211 768 207 272 314 706 314 471 117 3.06765 400 511 3.19218
23.1317 0.199794 0.331084 0 0 0 0 0.319794 0.331084 205 211 768 207 272 314 706 314 471 117 3.06765 400 511 3.18004
23.1983 0.199794 0.331084 0 0 0 0 0.329794 0.341084 205 211 768 207 272 314 706 314 471 117 3.06765 399 511 3.14159
23.265 0.199794 0.331084 0 0 0 0 0.329794 0.341084 205 211 768 207 272 314 706 314 471 117 3.06765 399 511 3.14159
23.3317 0.199794 0.331084 0 0 0 0 0.329794 0.341084 205 211 768 207 272 314 706 314 471 117 3.06765 399 511 3.14159
23.3983 0.199794 0.331084 0 0 0 0 0.329794 0.341084 205 211 768 207 272 314 706 314 471 117 3.06765 399 511 3.14159
23.465 0.199794 0.331084 0 0 0 0 0.329794 0.341084 205 211 768 207 272 313 706 314 471 117 3.06765 399 511 3.14159
23.5317 0.199794 0.331084 0 0 0 0 0.329794 0.341084 204 211 753 196 272 313 697 306 477 58 5.89701 400 511 3.15409
23.5983 0.199794 0.331084 0 0 0 0 0.329794 0.341084 204 211 751 195 272 313 696 305 486 76 5.79681 400 511 3.14159
23.665 0.208791 0.331084 10 -46 0 0 0.339794 0.351084 204 211 751 195 272 313 696 305 486 83 5.77411 400 511 3.15409
23.7317 0.208791 0.331084 10 -46 0 0 0.339794 0.351084 208 208 751 195 276 310 696 306 484 89 5.72888 400 511 3.15409
23.7983 0.208791 0.331084 10 -46 0 0 0.339794 0.351084 218 202 751 195 280 307 696 306 486 91 5.68944 400 511 3.15409
23.865 0.208791 0.331084 10 -46 0 0 0.339794 0.351084 220 200 751 195 281 307 696 306 490 92 5.66903 400 511 3.14159
23.9317 0.209305 0.340595 62 -13 0 0 0.339794 0.351084 220 201 751 195 281 307 696 306 493 91 5.62938 400 511 3.14159
23.9983 0.209305 0.340595 62 -13 0 0 0.339794 0.351084 220 200 738 187 281 307 686 299 495 93 5.60684 400 511 3.14159
24.065 0.209305 0.340595 62 -13 0 0 0.339794 0.351084 220 201 733 184 281 307 685 298 496 96 5.58453 400 511 3.18004
24.1317 0.209305 0.340595 62 -13 0 0 0.349794 0.361084 220 201 732 183 281 307 684 298 496 98 5.58453 400 511 3.19218
24.1983 0.209305 0.340595 62 -13 0 0 0.349794 0.361084 220 200 732 183 283 305 684 299 496 98 5.58453 400 511 3.19218
24.265 0.21933 0.34188 8 -19 0 0 0.349794 0.361084 238 189 732 183 292 299 684 299 497 98 5.58579 400 511 3.14159
24.3317 0.21933 0.34188 8 -19 0 0 0.349794 0.361084 240 188 732 183 292 299 684 298 496 98 5.59889 400 511 3.18004
24.3983 0.21933 0.34188 8 -19 0 0 0.349794 0.361084 240 188 731 183 293 298 684 298 496 98 5.59889 400 511 3.18004
24.465 0.21933 0.34188 8 -19 0 0 0.349794 0.361084 240 188 726 180 293 298 677 295 496 99 5.58453 400 510 3.14159
24.5317 0.220359 0.350877 4 -1 0 0 0.349794 0.361084 240 187 714 174 293 298 674 292 496 99 5.58453 400 510 3.15409
24.5983 0.220359 0.350877 4 -1 0 0 0.359794 0.371084 240 187 713 173 293 298 673 292 496 99 5.59104 400 510 3.14159
24.665 0.220359 0.350877 4 -1 0 0 0.359794 0.371084 240 188 713 173 293 298 673 292 496 99 5.59104 400 510 3.14159
24.7317 0.220359 0.350877 4 -1 0 0 0.359794 0.371084 259 178 713 174 304 291 673 292 496 99 5.58453 400 511 3.19218
24.7983 0.229098 0.360131 7 -8 0 0 0.359794 0.371084 262 177 713 174 306 291 673 292 496 99 5.59104 400 511 3.19218
24.865 0.229098 0.360131 7 -8 0 0 0.359794 0.371084 262 176 713 174 306 291 673 292 496 99 5.59104 400 511 3.19283
24.9317 0.229098 0.360131 7 -8 0 0 0.359794 0.371084 262 176 711 173 306 291 669 290 497 99 5.58579 400 511 3.14159
24.9983 0.229098 0.360131 7 -8 0 0 0.359794 0.371084 262 177 693 166 306 291 661 287 496 98 5.59104 400 511 3.14159
25.065 0.229098 0.360131 7 -8 0 0 0.369794 0.381084 262 176 692 165 306 291 660 287 496 99 5.57676 400 511 3.14159
25.1317 0.238609 0.360645 9 -62 0 0 0.369794 0.381084 262 176 692 165 306 291 661 287 497 98 5.58031 400 511 3.16723
25.1983 0.238609 0.360645 9 -62 0 0 0.369794 0.381084 279 169 692 165 318 286 661 287 497 98 5.58579 399 511 3.18053
25.265 0.238609 0.360645 9 -62 0 0 0.369794 0.381084 285 166 692 164 320 285 661 287 496 98 5.59239 399 511 3.19349
25.3317 0.238609 0.360645 9 -62 0 0 0.369794 0.381084 286 166 692 165 320 285 661 287 496 98 5.58453 400 511 3.18004
25.3983 0.239123 0.370927 72 -26 0 0 0.369794 0.381084 286 166 692 165 320 284 659 287 496 98 5.59104 400 511 3.19155
25.465 0.239123 0.370927 72 -26 0 0 0.369794 0.381084 286 166 671 157 320 284 648 282 496 98 5.59889 399 510 3.18004
25.5316 0.239123 0.370927 72 -26 0 0 0.369794 0.381084 286 166 670 157 320 284 648 281 496 99 5.59239 400 510 3.14159
25.5983 0.239123 0.370927 72 -26 0 0 0.379794 0.391084 286 166 670 157 320 284 647 281 496 99 5.59889 400 510 3.14159
25.665 0.249149 0.371956 7 -14 0 0 0.379794 0.391084 295 163 670 157 330 280 648 281 496 99 5.5871 400 510 3.19218
25.7317 0.249149 0.371956 7 -14 0 0 0.379794 0.391084 307 159 670 157 333 279 647 281 496 100 5.59239 400 510 3.14159
25.7983 0.249149 0.371956 7 -14 0 0 0.379794 0.391084 308 159 670 158 334 279 647 281 496 99 5.58453 400 510 3.14159
25.865 0.249149 0.371956 7 -14 0 0 0.379794 0.391084 308 159 670 158 334 279 647 281 496 99 5.59889 400 511 3.14159
25.9317 0.249149 0.371956 7 -14 0 0 0.379794 0.391084 308 160 651 153 334 278 634 277 496 100 5.57676 400 511 3.19218
25.9983 0.250434 0.380695 7 -17 0 0 0.379794 0.391084 309 159 647 152 334 278 634 277 496 99 5.5871 400 511 3.20561
26.065 0.250434 0.380695 7 -17 0 0 0.389794 0.405 309 160 647 153 334 278 633 277 496 99 5.56909 400 511 3.19283
26.1317 0.250434 0.380695 7 -17 0 0 0.389794 0.405 310 159 646 152 340 277 633 277 496 99 5.58453 400 511 3.15409
26.1983 0.250434 0.380695 7 -17 0 0 0.389794 0.405 330 154 646 152 347 275 633 277 496 99 5.59104 400 511 3.15409
26.265 0.259431 0.390206 4 -5 0 0 0.389794 0.405 332 154 646 152 348 274 633 277 497 99 5.57012 400 511 3.18004
26.3317 0.259431 0.390206 4 -5 0 0 0.389794 0.405 332 154 646 152 348 275 634 277 496 99 5.58329 400 511 3.15409
26.3983 0.259431 0.390206 4 -5 0 0 0.389794 0.405 333 153 635 149 348 275 622 275 496 98 5.59104 399 511 3.18053
26.465 0.259431 0.390206 4 -5 0 0 0.389794 0.405 332 153 624 147 348 275 620 275 496 98 5.59239 399 511 3.18053
26.5317 0.268685 0.390977 11 -76 0 0 0.399794 0.405 332 153 623 147 349 275 619 274 496 98 5.59104 400 511 3.18004
26.5983 0.268685 0.390977 11 -76 0 0 0.399794 0.405 333 153 623 147 351 275 619 274 496 98 5.59104 400 511 3.19218
26.665 0.268685 0.390977 11 -76 0 0 0.399794 0.405 365 148 623 147 367 271 619 274 496 98 5.59889 400 511 3.18004
26.7317 0.268685 0.390977 11 -76 0 0 0.399794 0.405 367 148 623 147 369 271 619 274 496 99 5.57676 400 511 3.19218
26.7983 0.268685 0.390977 11 -76 0 0 0.399794 0.405 367 148 622 147 369 271 619 274 496 98 5.59889 400 511 3.18004
26.865 0.269199 0.404601 67 -18 0 0 0.399794 0.405 367 148 617 147 370 270 611 273 496 98 5.59104 400 510 3.18004
26.9317 0.269199 0.404601 67 -18 0 0 0.399794 0.405 367 148 601 146 370 271 606 272 496 99 5.59889 400 510 3.18004
26.9983 0.269199 0.404601 67 -18 0 0 0.41 0.405 367 148 600 146 370 270 606 272 496 100 5.59889 400 510 3.14159
27.065 0.269199 0.404601 67 -18 0 0 0.41 0.405 368 148 600 146 370 270 605 272 496 100 5.59889 399 510 3.14159
27.1317 0.279224 0.404601 8 -8 0 0 0.41 0.405 367 148 600 146 370 270 605 272 496 99 5.59889 399 511 3.14159
27.1983 0.279224 0.404601 8 -8 0 0 0.41 0.405 367 148 600 146 370 271 605 272 496 99 5.59889 400 511 3.18004
27.265 0.279224 0.404601 8 -8 0 0 0.41 0.405 367 148 600 146 370 271 606 272 496 99 5.59239 400 511 3.19218
27.3317 0.279224 0.404601 8 -8 0 0 0.41 0.405 367 148 598 146 370 271 601 272 496 98 5.59104 400 511 3.15409
27.3983 0.280509 0.404858 6 -6 0 0 0.41 0.405 368 148 579 146 370 270 593 272 473 99 5.63173 400 511 3.15409
27.465 0.280509 0.404858 6 -6 0 0 0.389199 0.404601 368 148 578 146 370 270 592 272 458 101 5.58329 400 511 3.15409
27.5317 0.280509 0.404858 6 -6 0 0 0.400509 0.404858 368 148 578 146 370 270 592 272 463 102 5.53481 400 511 3.15409
27.5983 0.280509 0.404858 6 -6 0 0 0.400509 0.404858 367 148 578 146 370 270 592 272 463 103 5.52635 400 511 3.15409
27.665 0.289249 0.404601 10 -16 0 0 0.400509 0.404858 367 148 578 146 370 271 592 272 463 101 5.52808 400 511 3.18004
27.7317 0.289249 0.404601 10 -16 0 0 0.409249 0.404601 367 148 578 146 370 270 592 272 463 101 5.5481 400 511 3.18004
27.7983 0.289506 0.404858 8 -7 0 0 0.409249 0.404601 368 148 578 146 370 270 592 272 462 102 5.54062 400 511 3.19218
27.865 0.289506 0.404858 8 -7 0 0 0.409249 0.404601 368 148 578 146 370 271 592 272 463 102 5.51937 400 511 3.18004
27.9317 0.289506 0.404858 8 -7 0 0 0.409506 0.404858 368 148 578 145 370 271 593 271 462 102 5.52676 400 511 3.18004
27.9983 0.281023 0.404601 0 0 0 0 0.409506 0.404858 367 148 587 144 369 272 598 271 462 101 5.54884 399 511 3.17955
28.065 0.281023 0.404601 0 0 0 0 0.409506 0.404858 367 147 589 144 370 271 598 271 463 101 5.53481 399 511 3.1669
28.1317 0.281023 0.404601 0 0 0 0 0.409506 0.404858 368 147 588 144 370 271 598 271 462 101 5.54124 400 511 3.19155
28.1983 0.280766 0.404601 1 0 0 0 0.409506 0.404858 368 148 589 144 370 271 598 271 463 101 5.52676 400 511 3.18004
28.265 0.280766 0.404601 1 0 0 0 0.409506 0.404858 368 148 588 145 370 270 597 272 463 102 5.54124 400 510 3.19218
28.3317 0.280766 0.404601 1 0 0 0 0.409506 0.404858 368 148 579 145 370 270 593 271 462 102 5.54124 400 510 3.18004
28.3983 0.288992 0.404601 11 0 0 0 0.409506 0.404858 368 148 579 145 370 270 593 271 462 102 5.54124 400 510 3.14159
28.465 0.288992 0.404601 11 0 0 0 0.409506 0.404858 368 148 578 145 370 271 593 271 462 102 5.54124 400 510 3.14159
28.5317 0.288992 0.404601 11 0 0 0 0.409506 0.404858 368 148 578 145 370 270 592 272 462 102 5.54124 399 511 3.18053
28.5983 0.288735 0.404601 11 0 0 0 0.409506 0.404858 368 148 578 145 370 270 593 271 462 102 5.54124 400 511 3.19218
28.665 0.288735 0.404601 11 0 0 0 0.409506 0.404858 368 148 579 146 370 271 592 272 462 102 5.51937 400 511 3.18004
28.7317 0.288735 0.404601 11 0 0 0 0.409506 0.404858 368 148 578 145 370 271 592 272 462 102 5.54124 400 511 3.18004
28.7984 0.288992 0.404601 8 0 0 0 0.409506 0.404858 368 148 578 145 370 271 592 272 462 102 5.51937 400 511 3.18004
28.865 0.288992 0.404601 8 0 0 0 0.409506 0.404858 368 148 578 145 370 271 593 271 462 101 5.52763 400 511 3.19218
28.9317 0.288992 0.404601 8 0 0 0 0.409506 0.404858 367 148 578 145 370 271 592 272 462 102 5.54062 400 511 3.19218
28.9983 0.288735 0.404601 9 0 0 0 0.409506 0.404858 367 148 578 145 370 271 592 272 462 102 5.54124 399 511 3.14159
29.065 0.288735 0.404601 9 0 0 0 0.409506 0.404858 368 148 578 145 370 271 592 272 462 102 5.54124 400 511 3.18004
29.1317 0.288735 0.404601 9 0 0 0 0.409506 0.404858 368 148 578 145 370 271 592 272 462 102 5.54124 399 510 3.15425
29.1983 0.288735 0.404601 12 -1 0 0 0.409506 0.404858 368 148 578 145 370 271 592 272 462 101 5.54062 400 511 3.18004
29.265 0.288735 0.404601 12 -1 0 0 0.409506 0.404858 368 148 578 145 370 271 592 272 462 101 5.54062 400 511 3.18004
29.3317 0.288735 0.404601 12 -1 0 0 0.409506 0.404858 368 148 578 145 370 271 593 272 463 101 5.54124 400 511 3.18004
29.3983 0.288992 0.404601 8 -14 0 0 0.409506 0.404858 368 148 578 145 370 271 593 272 462 102 5.51937 400 511 3.19218
29.465 0.288992 0.404601 8 -14 0 0 0.409506 0.404858 368 148 578 145 370 271 592 272 463 101 5.54739 400 511 3.18004
29.5317 0.288992 0.404601 9 -4 0 0 0.409506 0.404858 368 148 578 145 370 271 593 272 462 102 5.54124 399 511 3.14159
29.5983 0.288992 0.404601 9 -4 0 0 0.409506 0.404858 368 148 578 145 370 270 592 272 462 102 5.54124 400 511 3.18004
29.665 0.288992 0.404601 9 -4 0 0 0.409506 0.404858 368 148 578 145 370 271 592 272 463 101 5.52034 400 511 3.18004
29.7317 0.288992 0.404601 9 -4 0 0 0.409506 0.404858 368 148 578 145 370 270 593 271 462 102 5.52635 400 511 3.19218
29.7983 0.288992 0.404601 9 -4 0 0 0.409506 0.404858 367 148 578 145 370 271 592 272 462 102 5.54124 399 511 3.14159
29.865 0.288992 0.404601 9 -4 0 0 0.409506 0.404858 368 148 578 145 370 270 593 271 462 102 5.54124 399 511 3.14159
29.9317 0.288735 0.404601 9 0 0 0 0.409506 0.404858 368 148 578 145 370 271 592 272 463 102 5.54124 400 511 3.19218
29.9983 0.288735 0.404601 9 0 0 0 0.409506 0.404858 368 148 578 145 370 271 592 272 462 102 5.53536 399 511 3.14159
30.065 0.288735 0.404601 9 0 0 0 0.409506 0.404858 368 148 578 145 370 271 592 272 463 102 5.53374 399 511 3.14159
30.1317 0.288992 0.404601 7 -8 0 0 0.409506 0.404858 368 148 578 145 370 270 592 272 463 101 5.52808 399 511 3.14159
30.1983 0.288992 0.404601 7 -8 0 0 0.409506 0.404858 368 148 578 145 370 270 592 272 462 102 5.54124 400 511 3.19218
30.265 0.288992 0.404601 7 -8 0 0 0.409506 0.404858 368 148 578 145 370 271 592 272 462 102 5.54124 399 511 3.14159
30.3317 0.288735 0.404601 11 0 0 0 0.409506 0.404858 368 148 578 145 370 270 592 272 462 102 5.54124 400 511 3.18004
30.3983 0.288735 0.404601 11 0 0 0 0.409506 0.404858 368 148 578 145 370 270 592 272 462 102 5.51937 400 511 3.18004
30.465 0.288735 0.404601 11 0 0 0 0.409506 0.404858 368 148 578 145 370 270 592 272 462 102 5.53374 400 511 3.19218
30.5317 0.288992 0.404601 10 -8 0 0 0.409506 0.404858 368 148 578 145 370 271 592 272 462 102 5.52676 400 511 3.19218
30.5983 0.288992 0.404601 10 -8 0 0 0.409506 0.404858 368 148 578 145 370 271 592 272 462 102 5.54124 400 511 3.19218
30.665 0.288992 0.404601 10 -8 0 0 0.409506 0.404858 368 148 578 145 370 271 592 272 463 102 5.52635 399 511 3.14159
30.7317 0.288735 0.404601 7 -1 0 0 0.409506 0.404858 368 148 578 145 370 271 592 272 462 102 5.53323 400 511 3.18004
30.7983 0.288735 0.404601 7 -1 0 0 0.409506 0.404858 368 148 578 145 370 270 592 272 462 102 5.54124 400 511 3.18004
30.865 0.288735 0.404601 7 -1 0.2 0.2 0.409706 0.405058 368 148 578 145 370 271 592 272 462 102 5.51937 400 511 3.18004
30.9317 0.288735 0.404601 9 -4 0.2 0.2 0.409906 0.405258 368 148 578 145 370 270 592 272 462 102 5.54124 399 511 3.14159
30.9983 0.288735 0.404601 9 -4 0.2 0.2 0.410106 0.405458 368 148 578 145 370 270 592 272 463 102 5.54062 399 511 3.14159
31.065 0.288992 0.404601 10 -1 0.2 0.2 0.410306 0.405658 367 148 578 145 370 271 592 272 462 102 5.51937 400 511 3.18004
31.1317 0.288992 0.404601 10 -1 0.2 0.2 0.410506 0.405858 368 148 578 145 370 271 592 272 462 102 5.52719 399 511 3.14159
31.1983 0.288992 0.404601 10 -1 0.2 0.2 0.410706 0.406058 368 148 578 145 370 271 592 272 462 102 5.54124 399 511 3.14159
31.265 0.288735 0.404344 8 -4 0.2 0.2 0.410906 0.406258 368 148 578 145 370 271 592 272 462 102 5.51937 399 511 3.14159
31.3317 0.288735 0.404344 8 -4 0.2 0.2 0.411106 0.406458 368 148 578 145 370 271 592 272 462 102 5.54124 399 511 3.14159
31.3983 0.288735 0.404344 8 -4 0.2 0.2 0.411306 0.406658 368 148 578 145 370 271 593 271 462 102 5.52676 399 511 3.14159
31.465 0.289506 0.404601 11 -6 0.2 0.2 0.411506 0.406858 368 148 577 145 370 271 592 272 462 102 5.54124 399 511 3.14159
31.5317 0.289506 0.404601 11 -6 0.2 0.2 0.411706 0.407058 368 148 576 145 370 271 592 272 462 102 5.54124 399 511 3.14159
31.5983 0.289506 0.404601 11 -6 0.2 0.2 0.411906 0.407258 368 148 576 145 370 271 591 272 462 102 5.54124 400 511 3.18004
31.665 0.289763 0.405372 10 -25 0.2 0.2 0.412106 0.407458 369 148 576 146 371 271 591 272 463 102 5.54124 400 511 3.18004
31.7317 0.289763 0.405372 10 -25 0.2 0.2 0.412306 0.407658 369 148 576 146 371 271 591 272 462 102 5.54124 400 511 3.19218
31.7983 0.289763 0.405372 10 -25 0.2 0.2 0.412506 0.407858 369 148 575 145 371 270 590 272 462 102 5.51937 400 511 3.19218
31.865 0.290791 0.405372 10 -17 0.2 0.2 0.412706 0.408058 369 148 574 146 370 270 590 272 462 102 5.51937 399 511 3.14159
31.9317 0.290791 0.405372 10 -17 0.2 0.2 0.412906 0.408258 370 148 574 145 372 270 590 272 462 102 5.54124 399 511 3.14159
31.9983 0.290791 0.405372 10 -17 0.2 0.2 0.413106 0.408458 372 148 574 145 372 270 590 272 462 102 5.51937 400 511 3.19218
32.065 0.291048 0.406658 15 -25 0.2 0.2 0.413306 0.408658 372 148 574 145 372 270 590 272 463 102 5.52635 399 511 3.14159
32.1317 0.291048 0.406658 15 -25 0.2 0.2 0.413506 0.408858 372 148 572 146 372 270 589 272 462 102 5.53536 400 511 3.18004
32.1983 0.291048 0.406658 15 -25 0.2 0.2 0.413706 0.409058 372 148 572 146 372 270 589 272 463 102 5.53374 400 511 3.18004
32.265 0.291562 0.406915 14 -28 0.2 0.2 0.413906 0.409258 373 147 572 146 373 270 589 272 463 102 5.52635 399 511 3.14159
32.3317 0.291562 0.406915 14 -28 0.2 0.2 0.414106 0.409458 374 147 572 146 373 270 589 272 462 102 5.53323 400 511 3.18004
32.3983 0.291562 0.406915 14 -28 0.2 0.2 0.414306 0.409658 374 147 572 145 373 270 589 272 462 102 5.51937 400 511 3.18004
32.465 0.292333 0.407172 12 -24 0.2 0.2 0.414506 0.409858 374 147 570 146 373 270 588 272 462 102 5.51937 400 511 3.18004
32.5317 0.292333 0.407172 12 -24 0.2 0.2 0.414706 0.410058 374 147 570 146 373 270 588 272 462 102 5.51937 400 511 3.18004
32.5983 0.292848 0.4082 11 -21 0.2 0.2 0.414906 0.410258 376 147 569 146 375 270 588 272 462 101 5.54188 400 511 3.18004
32.665 0.292848 0.4082 11 -21 0.2 0.2 0.415106 0.410458 376 148 569 146 375 270 588 272 462 102 5.52676 400 511 3.15409
32.7316 0.292848 0.4082 11 -21 0.2 0.2 0.415306 0.410658 376 147 569 146 375 270 587 272 462 102 5.53323 400 511 3.19218
32.7984 0.293619 0.4082 10 -16 0.2 0.2 0.415506 0.410858 376 147 567 146 375 270 586 272 462 101 5.54188 399 511 3.14159
32.865 0.293619 0.4082 10 -16 0.2 0.2 0.415706 0.411058 376 147 567 146 375 270 585 272 462 102 5.52676 400 511 3.19218
32.9317 0.293619 0.4082 10 -16 0.2 0.2 0.415906 0.411258 378 147 567 146 376 270 585 272 464 102 5.53374 400 511 3.18004
32.9983 0.293619 0.409228 16 -24 0.2 0.2 0.416106 0.411458 379 147 567 146 376 270 585 272 465 102 5.54062 400 511 3.18004
33.065 0.293619 0.409228 16 -24 0.2 0.2 0.416306 0.411658 378 147 566 146 376 270 584 272 465 102 5.54062 400 511 3.18004
33.1317 0.293619 0.409228 16 -24 0.2 0.2 0.416506 0.411858 379 147 564 146 376 270 584 272 465 101 5.54124 400 511 3.19218
33.1983 0.294647 0.409742 15 -27 0.2 0.2 0.416706 0.412058 379 147 564 146 377 270 584 271 465 102 5.52635 400 511 3.18004
33.265 0.294647 0.409742 15 -27 0.2 0.2 0.416906 0.412258 381 147 564 146 378 270 584 272 468 101 5.51968 400 511 3.18004
33.3316 0.294647 0.409742 15 -27 0.2 0.2 0.417106 0.412458 381 147 565 146 378 269 584 271 468 102 5.52676 400 511 3.18004
33.3983 0.295161 0.410256 15 -28 0.2 0.2 0.417306 0.412658 381 147 563 146 378 269 583 271 468 101 5.53374 400 511 3.18004
33.465 0.295161 0.410256 15 -28 0.2 0.2 0.417506 0.412858 381 147 563 146 378 269 583 272 468 101 5.52676 400 511 3.18004
33.5316 0.295161 0.410256 15 -28 0.2 0.2 0.417706 0.413058 381 147 563 146 378 270 583 271 469 101 5.52719 400 511 3.15409
33.5983 0.295418 0.411028 11 -23 0.2 0.2 0.417906 0.413258 382 147 563 146 379 270 583 271 470 102 5.51937 400 511 3.18004
33.665 0.295418 0.411028 11 -23 0.2 0.2 0.418106 0.413458 383 147 563 146 379 269 583 272 470 102 5.51228 400 511 3.18004
33.7316 0.295418 0.411028 11 -23 0.2 0.2 0.418306 0.413658 383 147 562 146 379 270 583 271 470 102 5.51937 400 511 3.18004
33.7984 0.296189 0.411028 21 -24 0.2 0.2 0.418506 0.413858 383 147 562 146 379 270 583 271 469 102 5.53536 400 511 3.18004
33.865 0.296189 0.411028 21 -24 0.2 0.2 0.418706 0.414058 383 147 562 146 379 269 583 271 470 102 5.51937 400 511 3.18004
33.9317 0.296189 0.411028 21 -24 0.2 0.2 0.418906 0.414258 383 147 563 146 379 269 583 271 470 102 5.52808 400 511 3.18004
33.9983 0.296446 0.411799 29 -29 0.2 0.2 0.419106 0.414458 383 147 562 146 379 269 583 271 470 102 5.51937 400 511 3.19218
34.065 0.296446 0.411799 29 -29 0.2 0.2 0.419306 0.414658 383 147 562 146 379 269 583 271 470 101 5.51968 400 511 3.18004
34.1317 0.296446 0.411799 29 -29 0.2 0.2 0.419506 0.414858 383 147 562 146 379 269 583 271 470 101 5.52719 400 511 3.18004
34.1984 0.297217 0.412313 27 -41 0 0 0.419506 0.414858 383 147 562 146 379 269 583 271 470 102 5.51937 400 511 3.18004
34.265 0.297217 0.412313 27 -41 0 0 0.419506 0.414858 383 147 562 146 379 269 583 272 469 102 5.53427 399 511 3.14159
34.3317 0.297732 0.41257 27 -32 0 0 0.419506 0.414858 383 147 562 146 379 269 583 271 470 102 5.53374 400 511 3.18004
34.3983 0.297732 0.41257 27 -32 0 0 0.419506 0.414858 383 147 562 146 379 269 583 272 470 102 5.55037 400 511 3.18004
34.465 0.297732 0.41257 27 -32 0 0 0.419506 0.414858 383 147 562 146 379 269 583 272 470 102 5.51968 400 511 3.19218
34.5317 0.297989 0.413598 28 -37 0 0 0.419506 0.414858 383 147 563 146 379 269 583 272 470 102 5.53374 400 511 3.18004
34.5983 0.297989 0.413598 28 -37 0 0 0.419506 0.414858 383 147 563 146 379 269 583 271 470 102 5.52676 400 511 3.18004
34.665 0.297989 0.413598 28 -37 0 0 0.419506 0.414858 383 147 563 146 379 269 583 272 470 102 5.53374 400 511 3.15409
34.7317 0.298246 0.413598 29 -37 0 0 0.419506 0.414858 383 147 562 146 379 269 583 272 470 102 5.53374 400 511 3.18004
34.7983 0.298246 0.413598 29 -37 0 0 0.419506 0.414858 383 147 563 146 379 269 583 271 470 102 5.53374 400 511 3.18004
34.865 0.298246 0.413598 29 -37 0 0 0.419506 0.414858 383 147 563 146 379 269 583 271 470 102 5.54959 400 511 3.18004
34.9316 0.298246 0.413598 29 -36 0 0 0.419506 0.414858 383 147 563 146 379 269 583 271 470 102 5.54124 400 511 3.18004
34.9983 0.298246 0.413598 29 -36 0 0 0.419506 0.414858 383 147 563 146 379 269 583 272 470 102 5.52719 400 511 3.18004
35.065 0.298246 0.413598 29 -36 0 0 0.419506 0.414858 383 147 563 146 379 269 583 271 470 102 5.49779 400 511 3.18004
35.1316 0.298246 0.413855 34 -38 0 0 0.419506 0.414858 383 147 563 146 379 269 583 272 470 102 5.53374 400 511 3.18004
35.1983 0.298246 0.413855 34 -38 0 0 0.419506 0.414858 383 147 563 146 379 269 583 272 470 102 5.54253 400 511 3.18004
35.265 0.298246 0.413855 34 -38 0 0 0.419506 0.414858 382 147 562 146 379 270 583 272 470 102 5.51937 400 511 3.18004
35.3316 0.298246 0.413855 31 -41 0 0 0.419506 0.414858 383 147 563 146 379 270 583 273 470 101 5.52676 400 511 3.1669
35.3983 0.298246 0.413855 31 -41 0 0 0.419506 0.414858 383 147 563 146 379 270 583 272 470 101 5.52676 399 512 3.1669
35.465 0.298246 0.413855 31 -41 0 0 0.419506 0.414858 383 147 563 146 379 270 583 273 470 102 5.51937 400 511 3.14159
35.5317 0.298246 0.413855 29 -42 0 0 0.419506 0.414858 383 147 563 146 379 270 583 273 470 102 5.52676 400 511 3.18004
35.5983 0.298246 0.413855 29 -42 0 0 0.419506 0.414858 383 147 563 146 379 270 583 272 470 102 5.54188 400 511 3.19218
35.665 0.298246 0.413855 29 -42 0 0 0.419506 0.414858 383 147 563 146 379 269 583 272 470 102 5.52808 400 511 3.18004
35.7316 0.298246 0.413855 30 -35 0 0 0.419506 0.414858 383 147 563 146 379 269 583 271 470 102 5.51937 400 511 3.18004
35.7983 0.298246 0.413855 30 -35 0 0 0.419506 0.414858 383 147 563 147 379 269 583 272 470 102 5.54124 400 511 3.19218
35.865 0.298246 0.413855 29 -35 0 0 0.419506 0.414858 383 147 563 147 379 269 583 272 470 102 5.54124 400 511 3.18004
35.9317 0.298246 0.413855 29 -35 0 0 0.419506 0.414858 383 147 563 146 379 269 583 272 470 102 5.52001 400 511 3.15409
35.9983 0.298246 0.413855 29 -35 0 0 0.419506 0.414858 383 147 562 146 379 269 583 272 470 102 5.51294 400 511 3.15409
36.065 0.298246 0.413855 33 -36 0 0 0.419506 0.414858 383 147 563 146 379 270 583 272 470 102 5.52001 400 511 3.18004
36.1317 0.298246 0.413855 33 -36 0 0 0.419506 0.414858 383 147 563 146 379 269 583 272 470 102 5.54124 400 511 3.18004
36.1983 0.298246 0.413855 33 -36 0 0 0.419506 0.414858 383 147 563 146 379 269 583 272 470 102 5.52676 400 511 3.18004
36.265 0.298246 0.413855 31 -38 0 0 0.419506 0.414858 383 146 563 146 379 269 583 272 470 102 5.53374 400 511 3.19218
36.3317 0.298246 0.413855 31 -38 0 0 0.419506 0.414858 383 147 563 146 379 269 583 272 470 102 5.54124 400 511 3.18004
36.3983 0.298246 0.413855 31 -38 0 0 0.419506 0.414858 383 147 563 146 380 270 583 272 470 102 5.53427 400 511 3.15409
36.465 0.298246 0.413855 29 -40 0 0 0.419506 0.414858 383 147 563 146 379 269 583 272 470 102 5.52808 400 511 3.18004
36.5317 0.298246 0.413855 29 -40 0 0 0.419506 0.414858 383 147 563 146 379 269 583 272 470 102 5.53481 400 511 3.18004
36.5983 0.298246 0.413855 29 -40 0 0 0.419506 0.414858 383 147 563 146 379 269 583 272 470 102 5.54124 400 511 3.15409
36.665 0.298246 0.413855 32 -37 0 0 0.419506 0.414858 383 147 563 146 379 269 583 271 470 102 5.52763 400 511 3.18004
36.7316 0.298246 0.413855 32 -37 0 0 0.419506 0.414858 383 147 563 146 379 269 583 271 470 102 5.53374 400 511 3.15409
36.7983 0.298246 0.413855 32 -37 0 0 0.419506 0.414858 383 147 563 146 379 270 583 272 470 102 5.54124 400 511 3.15409
36.865 0.298246 0.413855 29 -35 0 0 0.419506 0.414858 383 147 563 146 379 270 583 272 470 102 5.52763 400 511 3.15409
36.9317 0.298246 0.413855 29 -35 0 0 0.419506 0.414858 383 147 563 146 379 269 583 272 470 102 5.51228 400 511 3.19218
36.9984 0.298246 0.413855 29 -35 0 0 0.419506 0.414858 383 147 563 146 379 269 583 272 470 101 5.54321 400 511 3.15409
37.065 0.298246 0.413855 28 -35 0 0 0.419506 0.414858 383 147 563 146 379 269 583 272 470 102 5.49015 400 511 3.19218
37.1317 0.298246 0.413855 28 -35 0 0 0.419506 0.414858 383 147 563 146 379 269 583 272 470 102 5.52763 400 511 3.18004
37.1983 0.298246 0.413855 28 -35 0 0 0.419506 0.414858 383 147 563 146 380 270 583 272 470 102 5.52001 400 511 3.18004
37.265 0.298246 0.413855 28 -34 0.2 -0.2 0.419706 0.414658 383 147 563 146 379 269 583 272 470 102 5.54124 400 511 3.18004
37.3316 0.298246 0.413855 28 -34 0.2 -0.2 0.419906 0.414458 383 147 563 146 379 269 583 272 470 102 5.54124 400 511 3.15409
37.3983 0.298246 0.413855 28 -34 0.2 -0.2 0.420106 0.414258 383 147 563 146 379 269 583 272 470 102 5.52719 400 511 3.18004
37.465 0.298246 0.413855 28 -34 0.2 -0.2 0.420306 0.414058 383 147 563 146 379 269 583 272 470 102 5.51249 400 511 3.18004
37.5316 0.298246 0.413855 28 -34 0.2 -0.2 0.420506 0.413858 383 147 563 146 379 269 583 272 470 102 5.53481 400 511 3.18004
37.5983 0.298246 0.413855 28 -38 0.2 -0.2 0.420706 0.413658 383 147 563 146 379 269 583 272 470 102 5.54321 400 511 3.18004
37.665 0.298246 0.413855 28 -38 0.2 -0.2 0.420906 0.413458 383 147 563 146 379 269 583 272 470 102 5.54124 400 511 3.15409
37.7317 0.298246 0.413855 28 -38 0.2 -0.2 0.421106 0.413258 383 147 563 146 379 269 583 272 470 102 5.51937 400 511 3.15409
37.7983 0.298246 0.413855 31 -38 0.2 -0.2 0.421306 0.413058 383 147 563 146 379 270 583 272 470 102 5.53374 400 511 3.19218
37.865 0.298246 0.413855 31 -38 0.2 -0.2 0.421506 0.412858 383 147 563 146 379 269 583 272 470 102 5.52763 400 511 3.15409
37.9317 0.298246 0.413855 31 -38 0.2 -0.2 0.421706 0.412658 383 147 563 146 379 269 583 272 470 102 5.54124 400 511 3.15409
37.9984 0.299274 0.413598 30 -9 0.2 -0.2 0.421906 0.412458 383 147 563 146 379 269 583 272 470 102 5.54124 400 511 3.15409
38.065 0.299274 0.413598 30 -9 0.2 -0.2 0.422106 0.412258 383 147 563 146 379 269 583 272 470 102 5.53374 400 511 3.18004
38.1317 0.299274 0.413598 30 -9 0.2 -0.2 0.422306 0.412058 383 147 563 146 379 269 583 272 470 102 5.54321 400 511 3.18004
38.1983 0.299531 0.413598 40 -20 0.2 -0.2 0.422506 0.411858 383 147 563 146 379 269 583 272 470 102 5.54124 399 511 3.14159
38.265 0.299531 0.413598 40 -20 0.2 -0.2 0.422706 0.411658 383 147 562 146 379 269 583 272 470 102 5.54124 400 511 3.18004
38.3317 0.299531 0.413598 40 -20 0.2 -0.2 0.422906 0.411458 383 147 562 146 379 269 583 272 470 102 5.54124 400 511 3.18004
38.3983 0.299788 0.413084 44 -4 0.2 -0.2 0.423106 0.411258 383 147 562 146 379 269 583 272 469 102 5.51937 400 511 3.19218
38.465 0.299788 0.413084 44 -4 0.2 -0.2 0.423306 0.411058 382 147 562 146 379 270 582 272 469 102 5.54124 400 511 3.18004
38.5317 0.299788 0.413084 44 -4 0.2 -0.2 0.423506 0.410858 382 147 561 146 378 270 582 272 469 102 5.52808 399 511 3.14159
38.5983 0.300816 0.41257 49 0 0.2 -0.2 0.423706 0.410658 382 147 561 146 378 270 582 272 468 101 5.54188 400 511 3.18004
38.665 0.300816 0.41257 49 0 0.2 -0.2 0.423906 0.410458 382 147 561 146 378 269 582 272 468 102 5.54124 400 511 3.15409
38.7317 0.300816 0.41257 49 0 0.2 -0.2 0.424106 0.410258 381 147 561 147 378 269 582 272 468 102 5.53536 400 511 3.18004
38.7983 0.300816 0.412056 36 0 0.2 -0.2 0.424306 0.410058 381 147 560 146 377 270 582 272 467 102 5.54124 399 511 3.14159
38.865 0.300816 0.412056 36 0 0.2 -0.2 0.424506 0.409858 380 147 560 147 377 270 581 272 466 103 5.5481 400 511 3.15409
38.9317 0.300816 0.412056 36 0 0.2 -0.2 0.424706 0.409658 380 147 559 147 377 270 581 272 466 102 5.55569 399 511 3.14159
38.9984 0.301587 0.411542 45 0 0.2 -0.2 0.424906 0.409458 379 147 559 147 377 270 581 272 466 102 5.54884 399 511 3.14159
39.065 0.301587 0.411542 45 0 0.2 -0.2 0.425106 0.409258 379 147 558 146 376 270 581 272 465 102 5.5481 400 511 3.18004
39.1317 0.302358 0.410771 43 -13 0.2 -0.2 0.425306 0.409058 379 147 558 147 376 270 580 272 465 102 5.55569 399 511 3.12909
39.1983 0.302358 0.410771 43 -13 0.2 -0.2 0.425506 0.408858 378 147 557 147 376 270 580 272 464 102 5.55654 400 511 3.18004
39.265 0.302358 0.410771 43 -13 0.2 -0.2 0.425706 0.408658 378 147 557 147 376 270 580 272 463 102 5.56245 400 511 3.18004
39.3317 0.302616 0.410256 43 0 0.2 -0.2 0.425906 0.408458 377 147 557 147 375 270 580 272 463 102 5.56339 400 511 3.15409
39.3983 0.302616 0.410256 43 0 0.2 -0.2 0.426106 0.408258 377 148 556 147 375 270 579 272 462 103 5.5481 399 511 3.14159
39.465 0.302616 0.410256 43 0 0.2 -0.2 0.426306 0.408058 376 147 555 147 374 270 579 272 462 103 5.55654 399 511 3.14159
39.5317 0.303901 0.409999 47 0 0.2 -0.2 0.426506 0.407858 375 148 555 147 374 270 578 272 461 102 5.57791 399 511 3.14159
39.5984 0.303901 0.409999 47 0 0.2 -0.2 0.426706 0.407658 375 147 554 147 374 270 578 272 460 103 5.56245 399 511 3.14159
39.665 0.303901 0.409999 47 0 0.2 -0.2 0.426906 0.407458 374 148 553 147 373 270 578 272 459 103 5.57676 399 511 3.14159
39.7317 0.303901 0.408971 27 0 0.2 -0.2 0.427106 0.407258 374 148 553 147 373 270 577 272 459 103 5.57012 399 511 3.14159
39.7983 0.303901 0.408971 27 0 0.2 -0.2 0.427306 0.407058 373 148 552 147 373 271 577 272 458 103 5.58453 400 511 3.18004
39.865 0.303901 0.408971 27 0 0.2 -0.2 0.427506 0.406858 373 148 552 147 373 270 576 272 457 102 5.58453 400 511 3.18004
39.9317 0.304929 0.408714 45 0 -0.2 -0.2 0.427306 0.406658 372 148 551 147 373 270 576 272 457 103 5.59889 400 511 3.18004
39.9983 0.304929 0.408714 45 0 -0.2 -0.2 0.427106 0.406458 372 148 551 147 372 271 576 272 456 103 5.59239 400 511 3.18004
40.065 0.304929 0.408714 45 0 -0.2 -0.2 0.426906 0.406258 372 148 551 147 372 271 576 272 457 103 5.59239 399 511 3.14159
40.1317 0.305186 0.4082 44 0 -0.2 -0.2 0.426706 0.406058 370 147 550 148 372 271 575 272 455 103 5.59239 399 511 3.14159
40.1984 0.305186 0.4082 44 0 -0.2 -0.2 0.426506 0.405858 371 148 549 148 372 271 575 272 455 103 5.60684 400 511 3.18004
40.265 0.305186 0.4082 44 0 -0.2 -0.2 0.426306 0.405658 369 148 549 148 371 270 574 272 454 103 5.59746 399 511 3.14159
40.3316 0.3057 0.407429 49 0 -0.2 -0.2 0.426106 0.405458 369 148 548 148 371 271 574 272 454 103 5.60684 400 511 3.15409
40.3983 0.3057 0.407429 49 0 -0.2 -0.2 0.425906 0.405258 369 148 548 148 370 271 574 272 454 103 5.59889 400 511 3.15409
40.465 0.3057 0.407429 49 0 -0.2 -0.2 0.425706 0.405058 368 148 548 148 370 271 574 272 454 103 5.60684 400 511 3.18004
40.5317 0.305957 0.407172 29 0 -0.2 -0.2 0.425506 0.404858 368 148 548 148 370 271 574 272 453 103 5.60037 400 511 3.18004
40.5984 0.305957 0.407172 29 0 -0.2 -0.2 0.425306 0.404658 367 148 546 148 370 271 573 272 452 103 5.60684 399 511 3.14159
40.665 0.3057 0.406401 14 2 -0.2 -0.2 0.425106 0.404458 367 148 546 148 370 271 574 272 452 103 5.60684 399 511 3.14159
40.7316 0.3057 0.406401 14 2 -0.2 -0.2 0.424906 0.404258 367 148 546 148 370 271 574 272 451 104 5.61321 400 511 3.18004
40.7984 0.3057 0.406401 14 2 -0.2 -0.2 0.424706 0.404058 367 148 546 148 369 271 573 272 452 103 5.60684 399 511 3.14159
40.865 0.305186 0.405629 8 0 -0.2 -0.2 0.424506 0.403858 367 148 546 148 369 271 573 272 452 103 5.6149 399 511 3.14159
40.9317 0.305186 0.405629 8 0 -0.2 -0.2 0.424306 0.403658 366 148 546 148 369 271 573 272 451 103 5.6149 400 511 3.15409
40.9983 0.305186 0.405629 8 0 -0.2 -0.2 0.424106 0.403458 366 148 546 148 369 271 573 272 451 103 5.6149 399 511 3.14159
41.065 0.304929 0.405372 7 2 -0.2 -0.2 0.423906 0.403258 366 148 546 148 369 271 573 272 451 103 5.6149 399 511 3.14159
41.1317 0.304929 0.405372 7 2 -0.2 -0.2 0.423706 0.403058 366 148 546 148 369 271 573 272 451 103 5.6149 399 511 3.14159
41.1983 0.304929 0.405372 7 2 -0.2 -0.2 0.423506 0.402858 366 148 546 148 369 271 573 272 451 103 5.6149 399 511 3.14159
41.265 0.304415 0.404601 7 1 -0.2 -0.2 0.423306 0.402658 366 149 545 148 369 271 573 272 450 103 5.60684 399 511 3.18053
41.3316 0.304415 0.404601 7 1 -0.2 -0.2 0.423106 0.402458 366 148 545 148 368 271 573 272 449 104 5.61663 400 511 3.15409
41.3983 0.304415 0.404601 7 1 -0.2 -0.2 0.422906 0.402258 366 148 545 148 368 271 573 272 450 105 5.61663 400 511 3.15409
41.465 0.303901 0.404601 1 0 -0.2 -0.2 0.422706 0.402058 366 149 545 149 368 270 573 271 450 106 5.59522 400 511 3.14159
41.5316 0.303901 0.404601 1 0 -0.2 -0.2 0.422506 0.401858 365 149 545 149 368 270 573 271 449 105 5.61663 400 511 3.15409
41.5984 0.303901 0.404601 1 0 -0.2 -0.2 0.422306 0.401658 364 149 545 149 368 271 573 271 451 116 5.57826 400 511 3.14159
41.665 0.303901 0.40383 -1 1 -0.2 -0.2 0.422106 0.401458 364 149 545 148 367 271 573 271 454 142 5.59948 400 510 3.18004
41.7316 0.303901 0.40383 -1 1 -0.2 -0.2 0.421906 0.401258 364 148 546 147 368 271 573 272 454 142 5.59948 400 509 3.18004
41.7983 0.303901 0.40383 -1 1 -0.2 -0.2 0.421706 0.401058 364 147 546 147 368 271 573 272 454 142 5.59948 400 510 3.18004
41.865 0.30313 0.402802 0 0 -0.2 -0.2 0.421506 0.400858 363 149 546 148 366 270 573 271 454 142 5.59948 400 510 3.18004
41.9316 0.30313 0.402802 0 0 -0.2 -0.2 0.421306 0.400658 362 149 546 148 366 271 573 271 454 142 5.59948 400 511 3.15409
41.9983 0.30313 0.402802 0 0 -0.2 -0.2 0.421106 0.400458 362 149 546 148 366 271 573 272 454 142 5.59948 400 511 3.14159
42.065 0.302358 0.402802 0 1 -0.2 -0.2 0.420906 0.400258 362 149 548 148 366 271 574 271 454 142 5.59948 400 511 3.16723
42.1316 0.302358 0.402802 0 1 -0.2 -0.2 0.420706 0.400058 362 149 547 148 366 270 574 271 454 142 5.59948 400 511 3.19283
42.1984 0.302358 0.401774 0 1 -0.2 -0.2 0.420506 0.399858 360 149 548 148 365 271 574 271 454 142 5.59948 400 511 3.15409
42.265 0.302358 0.401774 0 1 -0.2 -0.2 0.420306 0.399658 360 149 548 148 365 271 574 272 454 142 5.59948 400 511 3.14159
42.3317 0.302358 0.401774 0 1 -0.2 -0.2 0.420106 0.399458 359 149 548 148 365 271 575 271 454 142 5.59948 399 511 3.18053
42.3983 0.30133 0.401774 0 0 -0.2 -0.2 0.419906 0.399258 360 149 550 147 365 271 575 271 454 142 5.59948 399 511 3.18053
42.465 0.30133 0.401774 0 0 -0.2 -0.2 0.419706 0.399058 360 149 550 147 364 272 575 271 454 142 5.59948 399 511 3.14159
42.5316 0.30133 0.401774 0 0 -0.2 -0.2 0.419506 0.398858 357 149 550 147 363 272 575 271 454 142 5.59948 399 511 3.18053
42.5984 0.30133 0.400745 0 1 -0.2 -0.2 0.419306 0.398658 357 149 550 147 363 272 575 272 454 142 5.59948 399 511 3.18053
42.665 0.30133 0.400745 0 1 -0.2 -0.2 0.419106 0.398458 357 149 551 147 363 272 576 271 454 142 5.59948 400 511 3.15409
42.7317 0.30133 0.400745 0 1 -0.2 -0.2 0.419106 0.398458 357 149 552 147 363 272 577 272 454 142 5.59948 399 511 3.14159
42.7983 0.30133 0.400745 0 1 -0.2 -0.2 0.419106 0.398458 357 149 552 147 363 272 577 272 454 142 5.59948 399 511 3.14159
42.865 0.30133 0.400745 0 1 -0.2 -0.2 0.419106 0.398458 357 149 552 147 363 272 577 272 454 142 5.59948 399 511 3.14159
42.9317 0.30133 0.400745 0 1 -0.2 -0.2 0.419106 0.398458 357 149 552 147 363 272 577 272 454 142 5.59948 399 511 3.14159
42.9983 0.30133 0.400745 0 1 -0.2 -0.2 0.419106 0.398458 357 149 552 147 363 272 577 272 454 142 5.59948 399 511 3.14159
43.065 0.30133 0.400745 0 1 -0.2 -0.2 0.419106 0.398458 357 149 552 147 363 272 577 272 454 142 5.59948 399 511 3.14159
