0.0652257 0 0 0 0 0 0 0 0 0 0 0 0 0 0 0 0 0 0 0 0 0 0
0.131861 0 0 0 0 0 0 0 0 0 0 0 0 0 0 0 0 0 0 0 0 0 0
0.198533 0 0 0 0 0 0 0 0 0 0 0 0 0 0 0 0 0 0 0 0 0 0
0.265196 0 0 0 0 0 0 0 0 0 0 0 0 0 0 0 0 0 0 0 0 0 0
0.331863 0 0 0 0 0 0 0 0 0 0 0 0 0 0 0 0 0 0 0 0 0 0
0.398527 0 0 0 0 0 0 0 0 0 0 0 0 0 0 0 0 0 0 0 0 0 0
0.465208 0 0 0 0 0 0 0 0 0 0 0 0 0 0 0 0 0 0 0 0 0 0
0.531867 0 0 0 0 0 0 0 0 0 0 0 0 0 0 0 0 0 0 0 0 0 0
0.598564 0 0 0 0 0 0 0 0 0 0 0 0 0 0 0 0 0 0 0 0 0 0
0.66521 0 0 0 0 0 0 0 0 0 0 0 0 0 0 0 0 0 0 0 0 0 0
0.731903 0 0 0 0 0 0 0 0 0 0 0 0 0 0 0 0 0 0 0 0 0 0
0.79857 0 0 0 0 0 0 0 0 0 0 0 0 0 0 0 0 0 0 0 0 0 0
0.865209 0 0 0 0 0 0 0 0 0 0 0 0 0 0 0 0 0 0 0 0 0 0
0.931888 0 0 0 0 0 0 0 0 0 0 0 0 0 0 0 0 0 0 0 0 0 0
0.998554 0 0 0 0 0 0 0 0 0 0 0 0 0 0 0 0 0 0 0 0 0 0
1.0652 0 0 0 0 0 0 0 0 0 0 0 0 0 0 0 0 0 0 0 0 0 0
1.1319 0 0 0 0 0 0 0 0 0 0 0 0 0 0 0 0 0 0 0 0 0 0
1.19856 0 0 0 0 0 0 0 0 0 0 0 0 0 0 0 0 0 0 0 0 0 0
1.26521 0 0 0 0 0 0 0 0 0 0 0 0 0 0 0 0 0 0 0 0 0 0
1.33187 0 0 0 0 0 0 0 0 0 0 0 0 0 0 0 0 0 0 0 0 0 0
1.39855 0 0 0 0 0 0 0 0 0 0 0 0 0 0 0 0 0 0 0 0 0 0
1.46523 0 0 0 0 0 0 0 0 0 0 0 0 0 0 0 0 0 0 0 0 0 0
1.53187 0 0 0 0 0 0 0 0 0 0 0 0 0 0 0 0 0 0 0 0 0 0
1.59855 0 0 0 0 0 0 0 0 0 0 0 0 0 0 0 0 0 0 0 0 0 0
1.66522 0 0 0 0 0 0 0 0 0 0 0 0 0 0 0 0 0 0 0 0 0 0
1.73188 0 0 0 0 0 0 0 0 0 0 0 0 0 0 0 0 0 0 0 0 0 0
1.79856 0 0 0 0 0 0 0 0 0 0 0 0 0 0 0 0 0 0 0 0 0 0
1.86521 0 0 0 0 0 0 0 0 0 0 0 0 0 0 0 0 0 0 0 0 0 0
1.93188 0 0 0 0 0 0 0 0 0 0 0 0 0 0 0 0 0 0 0 0 0 0
1.99857 0 0 0 0 0 0 0 0 0 0 0 0 0 0 0 0 0 0 0 0 0 0
2.0652 0 0 0 0 0 0 0 0 0 0 0 0 0 0 0 0 0 0 0 0 0 0
2.13187 0 0 0 0 0 0 0 0 0 0 0 0 0 0 0 0 0 0 0 0 0 0
2.19855 0 0 0 0 0 0 0 0 0 0 0 0 0 0 0 0 0 0 0 0 0 0
2.26522 0 0 0 0 0 0 0 0 0 0 0 0 0 0 0 0 0 0 0 0 0 0
2.3319 0 0 0 0 0 0 0 0 0 0 0 0 0 0 0 0 0 0 0 0 0 0
2.39857 0 0 0 0 0 0 0 0 0 0 0 0 0 0 0 0 0 0 0 0 0 0
2.46523 0 0 0 0 0 0 0 0 0 0 0 0 0 0 0 0 0 0 0 0 0 0
2.5319 0 0 0 0 0 0 0 0 0 0 0 0 0 0 0 0 0 0 0 0 0 0
2.59857 0 0 0 0 0 0 0 0 0 0 0 0 0 0 0 0 0 0 0 0 0 0
2.66522 0 0 0 0 0 0 0 0 0 0 0 0 0 0 0 0 0 0 0 0 0 0
2.7319 0 0 0 0 0 0 0 0 0 0 0 0 0 0 0 0 0 0 0 0 0 0
2.7986 0 0 0 0 0 0 0 0 0 0 0 0 0 0 0 0 0 0 0 0 0 0
2.86523 0 0 0 0 0 0 0 0 0 0 0 0 0 0 0 0 0 0 0 0 0 0
2.93192 0 0 0 0 0 0 0 0 0 0 0 0 0 0 0 0 0 0 0 0 0 0
2.99858 0 0 0 0 0 0 0 0 0 0 0 0 0 0 0 0 0 0 0 0 0 0
3.06523 0 0 0 0 0 0 0 0 0 0 0 0 0 0 0 0 0 0 0 0 0 0
3.1319 0 0 0 0 0 0 0 0 0 0 0 0 0 0 0 0 0 0 0 0 0 0
3.19859 0 0 0 0 0 0 0 0 0 0 0 0 0 0 0 0 0 0 0 0 0 0
3.26523 0 0 0 0 0 0 0 0 0 0 0 0 0 0 0 0 0 0 0 0 0 0
3.33192 0 0 0 0 0 0 0 0 0 0 0 0 0 0 0 0 0 0 0 0 0 0
3.39859 0 0 0 0 0 0 0 0 0 0 0 0 0 0 0 0 0 0 0 0 0 0
3.46524 0 0 0 0 0 0 0 0 0 0 0 0 0 0 0 0 0 0 0 0 0 0
3.53192 0 0 0 0 0 0 0 0 0 0 0 0 0 0 0 0 0 0 0 0 0 0
3.59857 0 0 0 0 0 0 0 0 0 0 0 0 0 0 0 0 0 0 0 0 0 0
3.66523 0 0 0 0 0 0 0 0 0 0 0 0 0 0 0 0 0 0 0 0 0 0
3.73192 0 0 0 0 0 0 0 0 0 0 0 0 0 0 0 0 0 0 0 0 0 0
3.79857 0 0 0 0 0 0 0 0 0 0 0 0 0 0 0 0 0 0 0 0 0 0
3.86524 0 0 0 0 0 0 0 0 0 0 0 0 0 0 0 0 0 0 0 0 0 0
3.93191 0 0 0 0 0 0 0 0 0 0 0 0 0 0 0 0 0 0 0 0 0 0
3.99857 0 0 0 0 0 0 0 0 0 0 0 0 0 0 0 0 0 0 0 0 0 0
4.06521 0 0 0 0 0 0 0 0 0 0 0 0 0 0 0 0 0 0 0 0 0 0
4.13191 0 0 0 0 0 0 0 0 0 0 0 0 0 0 0 0 0 0 0 0 0 0
4.19857 0 0 0 0 0 0 0 0 0 0 0 0 0 0 0 0 0 0 0 0 0 0
4.2652 0 0 0 0 0 0 0 0 0 0 0 0 0 0 0 0 0 0 0 0 0 0
4.33188 0 0 0 0 0 0 0 0 0 0 0 0 0 0 0 0 0 0 0 0 0 0
4.39855 0 0 0 0 0 0 0 0 0 0 0 0 0 0 0 0 0 0 0 0 0 0
4.46522 0 0 0 0 0 0 0 0 0 0 0 0 0 0 0 0 0 0 0 0 0 0
4.53189 0 0 0 0 0 0 0 0 0 0 0 0 0 0 0 0 0 0 0 0 0 0
4.59856 0 0 0 0 0 0 0 0 0 0 0 0 0 0 0 0 0 0 0 0 0 0
4.66524 0 0 0 0 0 0 0 0 0 0 0 0 0 0 0 0 0 0 0 0 0 0
4.73187 0 0 0 0 0 0 0 0 0 0 0 0 0 0 0 0 0 0 0 0 0 0
4.79854 0 0 0 0 0 0 0 0 0 0 0 0 0 0 0 0 0 0 0 0 0 0
4.86524 0 0 0 0 0 0 0 0 0 0 0 0 0 0 0 0 0 0 0 0 0 0
4.93191 0 0 0 0 0 0 0 0 0 0 0 0 0 0 0 0 0 0 0 0 0 0
4.99858 0 0 0 0 0 0 0 0 0 0 0 0 0 0 0 0 0 0 0 0 0 0
5.06524 0 0 0 0 0 0 0 0 0 0 0 0 0 0 0 0 0 0 0 0 0 0
5.13189 0 0 0 0 0 0 0 0 0 0 0 0 0 0 0 0 0 0 0 0 0 0
5.19854 0 0 0 0 0 0 0 0 0 0 0 0 0 0 0 0 0 0 0 0 0 0
5.26521 0 0 0 0 0 0 0 0 0 0 0 0 0 0 0 0 0 0 0 0 0 0
5.33189 0 0 0 0 0 0 0 0 0 0 0 0 0 0 0 0 0 0 0 0 0 0
5.39858 0 0 0 0 0 0 0 0 0 0 0 0 0 0 0 0 0 0 0 0 0 0
5.46523 0 0 0 0 0 0 0 0 0 0 0 0 0 0 0 0 0 0 0 0 0 0
5.53188 0 0 0 0 0 0 0 0 0 0 0 0 0 0 0 0 0 0 0 0 0 0
5.59854 0 0 0 0 0 0 0 0 0 0 0 0 0 0 0 0 0 0 0 0 0 0
5.66524 0 0 0 0 0 0 0 0 0 0 0 0 0 0 0 0 0 0 0 0 0 0
5.7319 0 0 0 0 0 0 0 0 0 0 0 0 0 0 0 0 0 0 0 0 0 0
5.79857 0 0 0 0 0 0 0 0 0 0 0 0 0 0 0 0 0 0 0 0 0 0
5.86524 0 0 0 0 0 0 0 0 0 0 0 0 0 0 0 0 0 0 0 0 0 0
5.9319 0 0 0 0 0 0 0 0 0 0 0 0 0 0 0 0 0 0 0 0 0 0
5.99856 0 0 0 0 0 0 0 0 0 0 0 0 0 0 0 0 0 0 0 0 0 0
6.06523 0 0 0 0 0 0 0 0 0 0 0 0 0 0 0 0 0 0 0 0 0 0
6.1319 0 0 0 0 0 0 0 0 0 0 0 0 0 0 0 0 0 0 0 0 0 0
6.19855 0 0 0 0 0 0 0 0 0 0 0 0 0 0 0 0 0 0 0 0 0 0
6.26523 0 0 0 0 0 0 0 0 0 0 0 0 0 0 0 0 0 0 0 0 0 0
6.33188 0 0 0 0 0 0 0 0 0 0 0 0 0 0 0 0 0 0 0 0 0 0
6.39855 0 0 0 0 0 0 0 0 0 0 0 0 0 0 0 0 0 0 0 0 0 0
6.46523 0 0 0 0 0 0 0 0 0 0 0 0 0 0 0 0 0 0 0 0 0 0
6.53187 0 0 0 0 0 0 0 0 0 0 0 0 0 0 0 0 0 0 0 0 0 0
6.59853 0 0 0 0 0 0 0 0 0 0 0 0 0 0 0 0 0 0 0 0 0 0
6.66524 0 0 0 0 0 0 0 0 0 0 0 0 0 0 0 0 0 0 0 0 0 0
6.7319 0 0 0 0 0 0 0 0 0 0 0 0 0 0 0 0 0 0 0 0 0 0
6.79855 0 0 0 0 0 0 0 0 0 0 0 0 0 0 0 0 0 0 0 0 0 0
6.86523 0 0 0 0 0 0 0 0 0 0 0 0 0 0 0 0 0 0 0 0 0 0
6.93186 0 0 0 0 0 0 0 0 0 0 0 0 0 0 0 0 0 0 0 0 0 0
6.99857 0 0 0 0 0 0 0 0 0 0 0 0 0 0 0 0 0 0 0 0 0 0
7.06523 0 0 0 0 0 0 0 0 0 0 0 0 0 0 0 0 0 0 0 0 0 0
7.13188 0 0 0 0 0 0 0 0 0 0 0 0 0 0 0 0 0 0 0 0 0 0
7.19853 0 0 0 0 0 0 0 0 0 0 0 0 0 0 0 0 0 0 0 0 0 0
7.26521 0 0 0 0 0 0 0 0 0 0 0 0 0 0 0 0 0 0 0 0 0 0
7.33191 0 0 0 0 0 0 0 0 0 0 0 0 0 0 0 0 0 0 0 0 0 0
7.39857 0 0 0 0 0 0 0 0 0 0 0 0 0 0 0 0 0 0 0 0 0 0
7.46523 0 0 0 0 0 0 0 0 0 0 0 0 0 0 0 0 0 0 0 0 0 0
7.5319 0 0 0 0 0 0 0 0 0 0 0 0 0 0 0 0 0 0 0 0 0 0
7.59856 0 0 0 0 0 0 0 0 0 0 0 0 0 0 0 0 0 0 0 0 0 0
7.66524 0 0 0 0 0 0 0 0 0 0 0 0 0 0 0 0 0 0 0 0 0 0
7.73191 0 0 0 0 0 0 0 0 0 0 0 0 0 0 0 0 0 0 0 0 0 0
7.79857 0 0 0 0 0 0 0 0 0 0 0 0 0 0 0 0 0 0 0 0 0 0
7.86524 0 0 0 0 0 0 0 0 0 0 0 0 0 0 0 0 0 0 0 0 0 0
7.93188 0 0 0 0 0 0 0 0 0 0 0 0 0 0 0 0 0 0 0 0 0 0
7.99856 0 0 0 0 0 0 0 0 0 0 0 0 0 0 0 0 0 0 0 0 0 0
8.06523 0 0 0 0 0 0 0 0 0 0 0 0 0 0 0 0 0 0 0 0 0 0
8.13188 0 0 0 0 0 0 0 0 0 0 0 0 0 0 0 0 0 0 0 0 0 0
8.19856 0 0 0 0 0 0 0 0 0 0 0 0 0 0 0 0 0 0 0 0 0 0
8.26523 0 0 0 0 0 0 0 0 0 0 0 0 0 0 0 0 0 0 0 0 0 0
8.3319 0 0 0 0 0 0 0 0 0 0 0 0 0 0 0 0 0 0 0 0 0 0
8.39857 0 0 0 0 0 0 0 0 0 0 0 0 0 0 0 0 0 0 0 0 0 0
8.46524 0 0 0 0 0 0 0 0 0 0 0 0 0 0 0 0 0 0 0 0 0 0
8.53189 0 0 0 0 0 0 0 0 0 0 0 0 0 0 0 0 0 0 0 0 0 0
8.59857 0 0 0 0 0 0 0 0 0 0 0 0 0 0 0 0 0 0 0 0 0 0
8.66523 0 0 0 0 0 0 0 0 0 0 0 0 0 0 0 0 0 0 0 0 0 0
8.7319 0 0 0 0 0 0 0 0 0 0 0 0 0 0 0 0 0 0 0 0 0 0
8.79854 0 0 0 0 0 0 0 0 0 0 0 0 0 0 0 0 0 0 0 0 0 0
8.86521 0 0 0 0 0 0 0 0 0 0 0 0 0 0 0 0 0 0 0 0 0 0
8.93188 0 0 0 0 0 0 0 0 0 0 0 0 0 0 0 0 0 0 0 0 0 0
8.99856 0 0 0 0 0 0 0 0 0 0 0 0 0 0 0 0 0 0 0 0 0 0
9.06523 0 0 0 0 0 0 0 0 0 0 0 0 0 0 0 0 0 0 0 0 0 0
9.1319 0 0 0 0 0 0 0 0 0 0 0 0 0 0 0 0 0 0 0 0 0 0
9.19857 0 0 0 0 0 0 0 0 0 0 0 0 0 0 0 0 0 0 0 0 0 0
9.26522 0 0 0 0 0 0 0 0 0 0 0 0 0 0 0 0 0 0 0 0 0 0
9.3319 0 0 0 0 0 0 0 0 0 0 0 0 0 0 0 0 0 0 0 0 0 0
9.39856 0 0 0 0 0 0 0 0 0 0 0 0 0 0 0 0 0 0 0 0 0 0
9.46523 0 0 0 0 0 0 0 0 0 0 0 0 0 0 0 0 0 0 0 0 0 0
9.53188 0 0 0 0 0 0 0 0 0 0 0 0 0 0 0 0 0 0 0 0 0 0
9.59856 0 0 0 0 0 0 0 0 0 0 0 0 0 0 0 0 0 0 0 0 0 0
9.66521 0 0 0 0 0 0 0 0 0 0 0 0 0 0 0 0 0 0 0 0 0 0
9.73191 0 0 0 0 0 0 0 0 0 0 0 0 0 0 0 0 0 0 0 0 0 0
9.79859 0 0 0 0 0 0 0 0 0 0 0 0 0 0 0 0 0 0 0 0 0 0
9.8652 0 0 0 0 0 0 0 0 0 0 0 0 0 0 0 0 0 0 0 0 0 0
9.93187 0 0 0 0 0 0 0 0 0 0 0 0 0 0 0 0 0 0 0 0 0 0
9.99859 0 0 0 0 0 0 0 0 0 0 0 0 0 0 0 0 0 0 0 0 0 0
10.0652 0 0 0 0 0 0 0 0 0 0 0 0 0 0 0 0 0 0 0 0 0 0
10.1319 0 0 0 0 0 0 0 0 0 0 0 0 0 0 0 0 0 0 0 0 0 0
10.1986 0 0 0 0 0 0 0 0 0 0 0 0 0 0 0 0 0 0 0 0 0 0
10.2652 0 0 0 0 0 0 0 0 0 0 0 0 0 0 0 0 0 0 0 0 0 0
10.3319 0 0 0 0 0 0 0 0 0 0 0 0 0 0 0 0 0 0 0 0 0 0
10.3986 0 0 0 0 0 0 0 0 0 0 0 0 0 0 0 0 0 0 0 0 0 0
10.4652 0 0 0 0 0 0 0 0 0 0 0 0 0 0 0 0 0 0 0 0 0 0
10.5319 0 0 0 0 0 0 0 0 0 0 0 0 0 0 0 0 0 0 0 0 0 0
10.5986 0 0 0 0 0 0 0 0 0 0 0 0 0 0 0 0 0 0 0 0 0 0
10.6652 0 0 0 0 0 0 0 0 0 0 0 0 0 0 0 0 0 0 0 0 0 0
10.7319 0 0 0 0 0 0 0 0 0 0 0 0 0 0 0 0 0 0 0 0 0 0
10.7986 0 0 0 0 0 0 0 0 0 0 0 0 0 0 0 0 0 0 0 0 0 0
10.8652 0 0 0 0 0 0 0 0 0 0 0 0 0 0 0 0 0 0 0 0 0 0
10.9319 0 0 0 0 0 0 0 0 0 0 0 0 0 0 0 0 0 0 0 0 0 0
10.9986 0 0 0 0 0 0 0 0 0 0 0 0 0 0 0 0 0 0 0 0 0 0
11.0652 0 0 0 0 0 0 0 0 0 0 0 0 0 0 0 0 0 0 0 0 0 0
11.1319 0 0 0 0 0 0 0 0 0 0 0 0 0 0 0 0 0 0 0 0 0 0
11.1986 0 0 0 0 0 0 0 0 0 0 0 0 0 0 0 0 0 0 0 0 0 0
11.2653 0 0 0 0 0 0 0 0 0 0 0 0 0 0 0 0 0 0 0 0 0 0
11.3319 0 0 0 0 0 0 0 0 0 0 0 0 0 0 0 0 0 0 0 0 0 0
11.3986 0 0 0 0 0 0 0 0 0 0 0 0 0 0 0 0 0 0 0 0 0 0
11.4653 0 0 0 0 0 0 0 0 0 0 0 0 0 0 0 0 0 0 0 0 0 0
11.5319 0 0 0 0 0 0 0 0 0 0 0 0 0 0 0 0 0 0 0 0 0 0
11.5985 0 0 0 0 0 0 0 0 0 0 0 0 0 0 0 0 0 0 0 0 0 0
11.6653 0 0 0 0 0 0 0 0 0 0 0 0 0 0 0 0 0 0 0 0 0 0
11.7319 0 0 0 0 0 0 0 0 0 0 0 0 0 0 0 0 0 0 0 0 0 0
11.7986 0 0 0 0 0 0 0 0 0 0 0 0 0 0 0 0 0 0 0 0 0 0
11.8653 0 0 0 0 0 0 0 0 0 0 0 0 0 0 0 0 0 0 0 0 0 0
11.9319 0 0 0 0 0 0 0 0 0 0 0 0 0 0 0 0 0 0 0 0 0 0
11.9985 0 0 0 0 0 0 0 0 0 0 0 0 0 0 0 0 0 0 0 0 0 0
12.0652 0 0 0 0 0 0 0 0 0 0 0 0 0 0 0 0 0 0 0 0 0 0
12.1319 0 0 0 0 0 0 0 0 0 0 0 0 0 0 0 0 0 0 0 0 0 0
12.1986 0 0 0 0 0 0 0 0 0 0 0 0 0 0 0 0 0 0 0 0 0 0
12.2652 0 0 0 0 0 0 0 0 0 0 0 0 0 0 0 0 0 0 0 0 0 0
12.3319 0 0 0 0 0 0 0 0 0 0 0 0 0 0 0 0 0 0 0 0 0 0
12.3985 0 0 0 0 0 0 0 0 0 0 0 0 0 0 0 0 0 0 0 0 0 0
12.4652 0 0 0 0 0 0 0 0 0 0 0 0 0 0 0 0 0 0 0 0 0 0
12.5319 0 0 0 0 0 0 0 0 0 0 0 0 0 0 0 0 0 0 0 0 0 0
12.5985 0 0 0 0 0 0 0 0 0 0 0 0 0 0 0 0 0 0 0 0 0 0
12.6652 0 0 0 0 0 0 0 0 0 0 0 0 0 0 0 0 0 0 0 0 0 0
12.7319 0 0 0 0 0 0 0 0 0 0 0 0 0 0 0 0 0 0 0 0 0 0
12.7986 0 0 0 0 0 0 0 0 0 0 0 0 0 0 0 0 0 0 0 0 0 0
12.8652 0 0 0 0 0 0 0 0 0 0 0 0 0 0 0 0 0 0 0 0 0 0
12.9319 0 0 0 0 0 0 0 0 0 0 0 0 0 0 0 0 0 0 0 0 0 0
12.9985 0 0 0 0 0 0 0 0 0 0 0 0 0 0 0 0 0 0 0 0 0 0
13.0652 0 0 0 0 0 0 0 0 0 0 0 0 0 0 0 0 0 0 0 0 0 0
13.1319 0 0 0 0 0 0 0 0 0 0 0 0 0 0 0 0 0 0 0 0 0 0
13.1986 0 0 0 0 0 0 0 0 0 0 0 0 0 0 0 0 0 0 0 0 0 0
13.2652 0 0 0 0 0 0 0 0 0 0 0 0 0 0 0 0 0 0 0 0 0 0
13.3319 0 0 0 0 0 0 0 0 0 0 0 0 0 0 0 0 0 0 0 0 0 0
13.3986 0 0 0 0 0 0 0 0 0 0 0 0 0 0 0 0 0 0 0 0 0 0
13.4652 0 0 0 0 0 0 0 0 0 0 0 0 0 0 0 0 0 0 0 0 0 0
13.5319 0 0 0 0 0 0 0 0 0 0 0 0 0 0 0 0 0 0 0 0 0 0
13.5986 0 0 0 0 0 0 0 0 0 0 0 0 0 0 0 0 0 0 0 0 0 0
13.6652 0 0 0 0 0 0 0 0 0 0 0 0 0 0 0 0 0 0 0 0 0 0
13.7319 0 0 0 0 0 0 0 0 0 0 0 0 0 0 0 0 0 0 0 0 0 0
13.7986 0 0 0 0 0 0 0 0 0 0 0 0 0 0 0 0 0 0 0 0 0 0
13.8653 0 0 0 0 0 0 0 0 0 0 0 0 0 0 0 0 0 0 0 0 0 0
13.9319 0 0 0 0 0 0 0 0 0 0 0 0 0 0 0 0 0 0 0 0 0 0
13.9986 0 0 0 0 0 0 0 0 0 0 0 0 0 0 0 0 0 0 0 0 0 0
14.0652 0 0 0 0 0 0 0 0 0 0 0 0 0 0 0 0 0 0 0 0 0 0
14.1319 0 0 0 0 0 0 0 0 0 0 0 0 0 0 0 0 0 0 0 0 0 0
14.1986 0 0 0 0 0 0 0 0 0 0 0 0 0 0 0 0 0 0 0 0 0 0
14.2653 0 0 0 0 0 0 0 0 0 0 0 0 0 0 0 0 0 0 0 0 0 0
14.3319 0 0 0 0 0 0 0 0 0 0 0 0 0 0 0 0 0 0 0 0 0 0
14.3986 0 0 0 0 0 0 0 0 0 0 0 0 0 0 0 0 0 0 0 0 0 0
14.4652 0 0 0 0 0 0 0 0 0 0 0 0 0 0 0 0 0 0 0 0 0 0
14.5319 0 0 0 0 0 0 0 0 0 0 0 0 0 0 0 0 0 0 0 0 0 0
14.5986 0 0 0 0 0 0 0 0 0 0 0 0 0 0 0 0 0 0 0 0 0 0
14.6652 0 0 0 0 0 0 0 0 0 0 0 0 0 0 0 0 0 0 0 0 0 0
14.7319 0 0 0 0 0 0 0 0 0 0 0 0 0 0 0 0 0 0 0 0 0 0
14.7986 0 0 0 0 0 0 0 0 0 0 0 0 0 0 0 0 0 0 0 0 0 0
14.8652 0 0 0 0 0 0 0 0 0 0 0 0 0 0 0 0 0 0 0 0 0 0
14.9319 0 0 0 0 0 0 0 0 0 0 0 0 0 0 0 0 0 0 0 0 0 0
14.9986 0 0 0 0 0 0 0 0 0 0 0 0 0 0 0 0 0 0 0 0 0 0
15.0652 0 0 0 0 0 0 0 0 0 0 0 0 0 0 0 0 0 0 0 0 0 0
15.1319 0 0 0 0 0 0 0 0 0 0 0 0 0 0 0 0 0 0 0 0 0 0
15.1986 0 0 0 0 0 0 0 0 0 0 0 0 0 0 0 0 0 0 0 0 0 0
15.2652 0 0 0 0 0 0 0 0 0 0 0 0 0 0 0 0 0 0 0 0 0 0
15.3319 0 0 0 0 0 0 0 0 0 0 0 0 0 0 0 0 0 0 0 0 0 0
15.3986 0 0 0 0 0 0 0 0 0 0 0 0 0 0 0 0 0 0 0 0 0 0
15.4652 0 0 0 0 0 0 0 0 0 0 0 0 0 0 0 0 0 0 0 0 0 0
15.5319 0 0 0 0 0 0 0 0 0 0 0 0 0 0 0 0 0 0 0 0 0 0
15.5986 0 0 0 0 0 0 0 0 0 0 0 0 0 0 0 0 0 0 0 0 0 0
15.6652 0 0 0 0 0 0 0 0 0 0 0 0 0 0 0 0 0 0 0 0 0 0
15.7319 0 0 0 0 0 0 0 0 0 0 0 0 0 0 0 0 0 0 0 0 0 0
15.7986 0 0 0 0 0 0 0 0 0 0 0 0 0 0 0 0 0 0 0 0 0 0
15.8652 0 0 0 0 0 0 0 0 0 0 0 0 0 0 0 0 0 0 0 0 0 0
15.9319 0 0 0 0 0 0 0 0 0 0 0 0 0 0 0 0 0 0 0 0 0 0
15.9986 0 0 0 0 0 0 0 0 0 0 0 0 0 0 0 0 0 0 0 0 0 0
16.0652 0 0 0 0 0 0 0 0 0 0 0 0 0 0 0 0 0 0 0 0 0 0
16.1319 0 0 0 0 0 0 0 0 0 0 0 0 0 0 0 0 0 0 0 0 0 0
16.1986 0 0 0 0 0 0 0 0 432 149 0 0 408 269 709 316 0 0 0 400 511 3.15409
16.2652 0 0 0 0 0 0 0 0 432 149 0 0 409 269 709 316 0 0 0 400 511 3.15409
16.3319 0 0 0 0 0 0 0 0 432 149 773 211 409 269 709 317 0 0 0 400 511 3.15409
16.3986 0 0 0 0 0 0 0 0 432 149 773 211 409 269 709 316 0 0 0 400 511 3.15409
16.4652 0 0 0 0 0 0 0 0 432 149 773 211 409 269 709 316 0 0 0 400 511 3.14159
16.5319 0 0 0 0 0 0 0 0 432 150 773 211 409 269 709 316 0 0 0 400 511 3.15409
16.5986 0 0 0 0 0 0 0 0 432 149 773 211 409 269 709 316 0 0 0 400 511 3.14159
16.6652 0 0 0 0 0 0 0 0 432 149 773 211 409 269 709 316 0 0 0 400 511 3.15409
16.7319 0 0 0 0 0 0 0 0 432 150 773 211 409 269 709 316 0 0 0 400 511 3.15409
16.7986 0 0 0 0 0 0 0 0 432 150 773 211 409 269 709 316 0 0 0 400 511 3.19218
16.8652 0 0 0 0 0 0 0 0 432 150 773 211 409 269 709 316 0 0 0 400 511 3.14159
16.9319 0 0 0 0 0 0 0 0 432 149 773 211 408 269 709 317 0 0 0 400 511 3.15409
16.9986 0 0 0 0 0 0 0 0 432 150 773 211 409 269 709 316 0 0 0 400 511 3.15409
17.0652 0 0 0 0 0 0 0 0 432 150 773 211 409 269 709 316 0 0 0 400 511 3.15409
17.1319 0 0 0 0 0 0 0 0 432 149 774 211 409 269 709 317 0 0 0 400 511 3.14159
17.1986 0 0 0 0 0 0 0 0 432 150 774 211 409 269 709 316 0 0 0 400 511 3.15409
17.2652 0 0 0 0 0 0 0 0 432 150 773 211 409 269 709 316 0 0 0 400 511 3.15409
17.3319 0 0 0 0 0 0 0 0 432 150 773 211 409 269 709 316 0 0 0 400 511 3.15409
17.3986 0 0 0 0 0 0 0 0 432 150 773 211 409 269 709 316 0 0 0 400 511 3.15409
17.4652 0 0 0 0 0 0 0 0 432 149 773 211 409 269 709 316 0 0 0 400 511 3.15409
17.5319 0 0 0 0 0 0 0 0 432 149 773 211 409 269 709 316 0 0 0 400 511 3.15409
17.5985 0 0 0 0 0 0 0 0 432 150 773 211 409 270 709 317 0 0 0 400 511 3.15409
17.6652 0 0 0 0 0 0 0 0 432 150 773 211 409 269 709 316 0 0 0 400 511 3.15409
17.7319 0 0 0 0 0 0 0 0 432 150 773 211 409 269 709 316 0 0 0 400 511 3.14159
17.7986 0 0 0 0 0 0 0 0 432 150 773 211 409 269 709 316 0 0 0 400 511 3.19218
17.8652 0 0 0 0 0 0 0 0 432 149 773 211 409 269 709 317 0 0 0 400 511 3.19218
17.9319 0 0 0 0 0 0 0 0 432 149 773 211 409 269 709 316 0 0 0 400 511 3.15409
17.9986 0 0 0 0 0 0 0 0 432 150 773 211 409 269 709 316 0 0 0 400 511 3.14159
18.0652 0 0 0 0 0 0 0 0 432 150 773 211 409 269 709 316 0 0 0 400 511 3.15409
18.1319 0 0 0 0 0 0 0 0 432 149 773 211 409 269 709 317 0 0 0 400 511 3.15409
18.1985 0 0 0 0 0 0 0 0 432 150 773 211 409 269 709 317 0 0 0 400 511 3.15409
18.2652 0 0 0 0 0 0 0 0 432 150 773 211 409 269 709 316 0 0 0 400 511 3.14159
18.3319 0 0 0 0 0 0 0 0 432 150 770 209 409 269 707 315 0 0 0 400 511 3.15409
18.3986 0.199537 0.352677 4 -42 0 0 0 0 427 148 769 207 409 269 706 315 0 0 0 399 511 3.2048
18.4652 0.199537 0.352677 4 -42 0 0 0 0 427 148 769 207 409 269 706 315 0 0 0 400 511 3.19218
18.5319 0.199537 0.330827 2 0 0 0 0.319537 0.352677 198 218 769 208 273 312 707 313 0 0 0 400 512 3.19283
18.5986 0.199537 0.330827 2 0 0 0 0.319537 0.352677 206 212 769 209 272 311 707 313 0 0 0 400 512 3.14159
18.6652 0.199537 0.330313 2 0 0 0 0.319537 0.330827 205 212 769 209 272 311 706 313 0 0 0 400 512 3.14159
18.7319 0.199537 0.330313 2 0 0 0 0.319537 0.330313 206 212 769 209 273 312 707 313 0 0 0 400 512 3.15425
18.7985 0.199537 0.330313 3 0 0 0 0.319537 0.330313 206 211 769 209 272 313 706 314 0 0 0 400 512 3.19218
18.8652 0.199537 0.330313 3 0 0 0 0.319537 0.330313 205 211 769 208 273 313 707 315 0 0 0 400 511 3.14159
18.9319 0.199537 0.330313 3 0 0 0 0.319537 0.330313 205 211 769 208 272 314 707 315 0 0 0 400 511 3.15409
18.9986 0.199537 0.330056 2 -96 0 0 0.319537 0.330313 206 211 769 208 272 314 706 315 0 0 0 400 511 3.19218
19.0652 0.199537 0.330056 2 -96 0 0 0.319537 0.330056 206 211 769 208 288 302 707 315 0 0 0 400 510 3.17955
19.1319 0.199537 0.330056 2 -96 0 0 0.319537 0.330056 244 186 769 208 295 296 706 315 0 0 0 400 511 3.19218
19.1986 0.199537 0.352162 2 -11 0 0 0.319537 0.330056 245 185 769 207 296 297 707 315 0 0 0 400 511 3.19218
19.2652 0.199537 0.352162 2 -11 0 0 0.319537 0.352162 244 185 769 208 296 297 706 315 0 0 0 400 511 3.14159
19.3319 0.199537 0.352162 2 -11 0 0 0.319537 0.352162 245 185 769 208 295 297 706 315 0 0 0 399 511 3.14159
19.3986 0.19928 0.350106 2 2 0 0 0.319537 0.352162 227 195 769 208 281 306 707 315 0 0 0 400 511 3.14159
19.4652 0.19928 0.350106 2 2 0 0 0.31928 0.350106 208 209 769 208 274 313 707 315 0 0 0 400 511 3.14159
19.5319 0.199537 0.331084 2 2 0 0 0.31928 0.350106 207 210 769 208 274 313 707 315 0 0 0 400 511 3.14159
19.5986 0.199537 0.331084 2 2 0 0 0.31928 0.350106 207 210 769 208 274 312 707 315 0 0 0 400 511 3.15409
19.6652 0.199537 0.331084 2 2 0 0 0.319537 0.331084 207 209 769 208 274 312 706 315 0 0 0 400 511 3.15409
19.7319 0.19928 0.348564 2 -10 0 0 0.319537 0.331084 238 190 769 208 293 297 707 314 0 0 0 400 512 3.19218
19.7986 0.19928 0.348564 2 -10 0 0 0.319537 0.331084 242 188 769 208 294 297 707 314 0 0 0 400 512 3.19218
19.8652 0.19928 0.348564 2 -10 0 0 0.31928 0.348564 243 187 769 208 294 297 706 314 0 0 0 400 511 3.15409
19.9319 0.19928 0.351905 0 1 0 0 0.31928 0.348564 242 187 769 208 294 298 706 315 0 0 0 400 511 3.15409
19.9986 0.19928 0.351905 0 1 0 0 0.31928 0.348564 243 187 769 208 294 298 707 315 499 45 3.071 400 511 3.14159
20.0652 0.19928 0.351905 0 1 0 0 0.31928 0.351905 241 188 769 208 293 299 706 315 494 69 3.12119 400 511 3.15409
20.1319 0.19928 0.350363 0 0 0 0 0.31928 0.351905 241 187 769 208 293 299 706 315 492 86 3.1113 400 511 3.19218
20.1986 0.19928 0.350363 0 0 0 0 0.31928 0.351905 241 188 769 208 293 299 706 315 491 100 3.14159 400 511 3.19218
20.2652 0.19928 0.350363 0 0 0 0 0.31928 0.350363 241 187 769 208 293 299 706 315 490 102 3.1722 400 511 3.19218
20.3319 0.19928 0.350106 0 2 0 0 0.31928 0.350363 240 188 769 208 292 300 706 315 489 99 3.21363 400 511 3.14159
20.3986 0.19928 0.350106 0 2 0 0 0.31928 0.350106 239 189 769 208 292 299 707 315 489 99 3.23225 400 511 3.14159
20.4652 0.19928 0.350106 0 2 0 0 0.31928 0.350106 239 189 769 208 292 300 707 315 490 99 3.23411 400 511 3.14159
20.5319 0.19928 0.349078 0 0 0 0 0.31928 0.350106 239 189 770 208 292 299 707 315 491 100 3.23317 400 511 3.15409
20.5986 0.19928 0.349078 0 0 0 0 0.31928 0.349078 239 189 769 208 292 300 707 315 492 100 3.23317 400 511 3.15409
20.6653 0.19928 0.349078 0 0 0 0 0.31928 0.349078 241 188 769 208 293 299 706 315 492 100 3.23317 400 511 3.14159
20.7319 0.19928 0.351391 0 -14 0 0 0.31928 0.349078 242 187 769 208 294 298 707 315 492 100 3.23317 400 511 3.14159
20.7986 0.19928 0.351391 0 -14 0 0 0.31928 0.351391 242 187 769 208 294 298 707 315 491 100 3.23411 400 511 3.14159
20.8652 0.19928 0.351391 0 -14 0 0 0.31928 0.351391 242 187 770 208 294 298 707 315 492 101 3.24432 400 511 3.15409
20.9319 0.19928 0.351648 0 1 0 0 0.31928 0.351391 242 187 769 208 294 298 706 315 494 102 3.25337 400 511 3.15409
20.9986 0.19928 0.351648 0 1 0 0 0.31928 0.351648 241 188 769 208 293 299 706 315 496 107 3.25337 400 511 3.15409
21.0652 0.19928 0.351648 0 1 0 0 0.31928 0.351648 241 188 769 208 293 299 706 315 496 107 3.25337 400 511 3.15409
21.1319 0.19928 0.350363 0 0 0 0 0.31928 0.351648 241 187 769 208 293 299 706 315 496 110 3.23317 400 511 3.15409
21.1985 0.19928 0.350363 0 0 0 0 0.31928 0.350363 241 188 770 208 293 299 707 315 493 110 3.26468 400 511 3.15409
21.2652 0.19928 0.350363 0 -13 0 0 0.31928 0.350363 240 187 769 208 293 299 707 315 489 103 3.25337 400 511 3.19218
21.3319 0.19928 0.350363 0 -13 0 0 0.31928 0.350363 242 187 769 208 294 299 706 315 486 91 3.21363 400 511 3.15409
21.3985 0.19928 0.350363 0 -13 0 0 0.31928 0.350363 242 187 769 208 294 298 707 315 484 81 3.1722 400 511 3.19218
21.4652 0.19928 0.350877 0 0 0 0 0.31928 0.350363 242 187 769 208 294 298 706 315 484 79 3.162 400 511 3.14159
21.5319 0.19928 0.350877 0 0 0 0 0.31928 0.350363 242 187 769 208 294 298 707 315 485 79 3.11099 400 511 3.14159
21.5985 0.19928 0.350877 0 0 0 0 0.31928 0.350877 241 187 769 208 294 298 706 315 486 84 3.10121 400 511 3.15409
21.6652 0.19928 0.35062 0 1 0 0 0.31928 0.350877 241 188 769 208 293 299 706 315 487 90 3.09062 400 511 3.15409
21.7319 0.19928 0.35062 0 1 0 0 0.31928 0.350877 241 188 769 208 293 299 706 315 488 95 3.1008 400 511 3.15409
21.7986 0.19928 0.35062 0 1 0 0 0.31928 0.35062 241 188 769 208 293 299 706 315 488 95 3.1008 400 511 3.15409
21.8652 0.19928 0.35062 0 2 0 0 0.31928 0.35062 241 188 769 208 293 299 707 315 492 97 3.07982 400 511 3.15409
21.9319 0.19928 0.35062 0 2 0 0 0.31928 0.35062 241 188 769 208 293 299 706 315 492 97 3.07029 400 511 3.15409
21.9986 0.19928 0.35062 0 2 0 0 0.31928 0.35062 241 188 769 208 293 299 706 315 492 97 3.07029 400 511 3.15409
22.0652 0.19928 0.35062 0 0 0 0 0.31928 0.35062 241 188 769 208 293 299 706 315 492 98 3.08044 400 511 3.15409
22.1319 0.19928 0.35062 0 0 0 0 0.31928 0.35062 241 188 769 208 293 299 707 315 492 98 3.071 400 511 3.14159
22.1985 0.19928 0.35062 0 0 0 0 0.31928 0.35062 241 188 769 208 293 299 707 315 492 98 3.071 400 511 3.14159
22.2652 0.19928 0.35062 0 -12 0 0 0.31928 0.35062 241 188 769 208 293 299 706 315 493 99 3.08044 400 511 3.14159
22.3319 0.19928 0.35062 0 -12 0 0 0.31928 0.35062 241 188 769 208 293 299 706 315 493 98 3.07029 400 511 3.15409
22.3985 0.19928 0.35062 0 -12 0 0 0.31928 0.35062 241 188 769 208 293 299 706 315 493 99 3.06014 400 511 3.15409
22.4652 0.19928 0.35062 0 0 0 0 0.31928 0.35062 241 188 769 208 293 299 706 315 493 99 3.07029 400 511 3.19218
22.5319 0.19928 0.35062 0 0 0 0 0.31928 0.35062 241 188 769 208 293 299 707 315 493 99 3.07029 400 511 3.19218
22.5986 0.19928 0.35062 0 0 0 0 0.31928 0.35062 241 188 769 208 293 299 707 315 494 99 3.06014 400 511 3.15409
22.6652 0.19928 0.350363 0 0 0 0 0.31928 0.35062 241 188 769 208 293 299 707 315 494 99 3.06014 400 511 3.14159
22.7319 0.19928 0.350363 0 0 0 0 0.31928 0.350363 241 188 769 208 293 299 707 315 494 99 3.06014 400 511 3.15409
22.7986 0.19928 0.35062 0 -5 0 0 0.31928 0.350363 241 188 769 208 293 299 707 315 494 99 3.06014 400 511 3.14159
22.8653 0.19928 0.35062 0 -5 0 0 0.31928 0.350363 241 188 769 208 293 299 707 315 494 99 3.06014 400 511 3.14159
22.9319 0.19928 0.35062 0 -5 0 0 0.31928 0.35062 241 188 769 208 293 299 707 315 494 99 3.06014 400 511 3.15409
22.9985 0.19928 0.35062 0 0 0 0 0.31928 0.35062 241 188 769 208 293 299 707 315 494 99 3.06014 400 511 3.14159
23.0652 0.19928 0.35062 0 0 0 0 0.31928 0.35062 241 188 769 208 293 299 707 315 493 99 3.071 400 511 3.15409
23.1319 0.19928 0.35062 0 0 0 0 0.31928 0.35062 241 188 769 208 293 299 706 315 494 99 3.06014 400 511 3.15409
23.1986 0.19928 0.35062 0 1 0 0 0.31928 0.35062 241 188 769 208 293 299 706 315 494 99 3.07029 400 511 3.15409
23.2652 0.19928 0.35062 0 1 0 0 0.31928 0.35062 241 188 769 208 293 299 706 315 494 99 3.07029 400 511 3.15409
23.3319 0.19928 0.35062 0 1 0 0 0.31928 0.35062 241 188 769 208 293 299 706 315 494 99 3.06014 400 511 3.15409
23.3985 0.19928 0.35062 0 0 0 0 0.31928 0.35062 241 188 769 208 293 299 706 315 494 99 3.06014 400 511 3.15409
23.4652 0.19928 0.35062 0 0 0 0 0.31928 0.35062 241 188 769 208 293 299 706 315 493 99 3.071 400 511 3.15409
23.5319 0.19928 0.35062 0 0 0 0 0.31928 0.35062 241 188 769 208 293 299 706 315 494 99 3.06014 400 511 3.15409
23.5986 0.19928 0.35062 0 0 0 0 0.31928 0.35062 241 188 769 208 293 299 706 315 494 99 3.06014 400 511 3.15409
23.6652 0.19928 0.35062 0 0 0 0 0.31928 0.35062 241 188 769 208 293 299 707 315 494 99 3.06014 400 511 3.14159
23.7319 0.19928 0.35062 0 0 0 0 0.31928 0.35062 241 188 769 208 293 299 706 315 494 99 3.06014 400 511 3.19218
23.7986 0.19928 0.35062 0 0 0 0 0.31928 0.35062 241 188 769 208 293 299 706 315 494 99 3.06014 400 511 3.19218
23.8652 0.19928 0.35062 0 0 0 0 0.31928 0.35062 241 188 769 208 293 299 706 315 494 99 3.06014 400 511 3.15409
23.9319 0.19928 0.35062 0 0 0 0 0.31928 0.35062 241 188 769 208 293 299 707 315 494 99 3.06014 400 511 3.15409
23.9986 0.19928 0.35062 0 -7 0 0 0.31928 0.35062 241 188 769 208 293 299 706 315 493 99 3.071 400 511 3.15409
24.0652 0.19928 0.35062 0 -7 0 0 0.31928 0.35062 241 188 769 208 293 299 706 315 494 99 3.06014 400 511 3.19218
24.1319 0.19928 0.35062 0 -7 0 0 0.31928 0.35062 241 188 769 208 293 299 706 315 494 99 3.06014 400 511 3.15409
24.1985 0.19928 0.35062 0 -9 0 0 0.31928 0.35062 241 188 769 208 293 299 706 315 494 99 3.06014 400 511 3.15409
24.2652 0.19928 0.35062 0 -9 0 0 0.31928 0.35062 241 188 769 208 293 299 706 315 494 99 3.06014 400 511 3.15409
24.3319 0.19928 0.35062 0 0 0 0 0.31928 0.35062 241 188 769 208 293 299 706 315 494 99 3.06014 400 511 3.14159
24.3986 0.19928 0.35062 0 0 0 0 0.31928 0.35062 241 188 769 208 293 299 706 315 494 99 3.06014 400 511 3.14159
24.4652 0.19928 0.35062 0 0 0 0 0.31928 0.35062 241 188 769 208 293 299 706 315 494 99 3.06014 400 511 3.14159
24.5319 0.19928 0.35062 0 0 0 0 0.31928 0.35062 241 188 769 208 293 299 706 315 494 99 3.06014 400 511 3.19218
24.5986 0.19928 0.35062 0 0 0 0 0.31928 0.35062 241 188 769 208 293 299 706 315 494 99 3.06014 400 511 3.19218
24.6653 0.19928 0.35062 0 0 0 0 0.31928 0.35062 241 188 769 208 293 299 706 315 494 99 3.06014 400 511 3.19218
24.7319 0.19928 0.35062 0 -1 0 0 0.31928 0.35062 241 188 769 208 293 299 706 315 493 99 3.071 400 511 3.19218
24.7986 0.19928 0.35062 0 -1 0 0 0.31928 0.35062 241 188 769 208 293 299 706 315 494 99 3.06014 400 511 3.15409
24.8652 0.19928 0.35062 0 -1 0 0 0.31928 0.35062 241 188 769 208 293 299 706 315 494 99 3.06014 400 511 3.14159
24.9319 0.19928 0.35062 0 -7 0 0 0.31928 0.35062 241 188 769 208 293 299 706 315 493 99 3.071 400 511 3.15409
24.9986 0.19928 0.35062 0 -7 0 0 0.31928 0.35062 241 188 769 208 293 299 706 315 494 99 3.06014 400 511 3.15409
25.0653 0.19928 0.35062 0 -7 0 0 0.31928 0.35062 241 188 769 208 293 299 706 315 494 99 3.06014 400 511 3.15409
25.1319 0.19928 0.35062 0 -8 0 0 0.31928 0.35062 241 188 769 208 293 299 706 315 494 99 3.06014 400 511 3.15409
25.1986 0.19928 0.35062 0 -8 0 0 0.31928 0.35062 241 188 769 208 293 299 706 315 493 99 3.071 400 511 3.15409
25.2652 0.19928 0.35062 0 -8 0 0 0.31928 0.35062 241 188 769 208 293 299 706 315 494 99 3.06014 400 511 3.15409
25.3319 0.19928 0.35062 0 0 0 0 0.31928 0.35062 241 188 769 208 293 299 706 315 494 99 3.06014 400 511 3.15409
25.3985 0.19928 0.35062 0 0 0 0 0.31928 0.35062 241 188 769 208 293 299 706 315 494 99 3.06014 400 511 3.19218
25.4652 0.19928 0.35062 0 0 0 0 0.31928 0.35062 241 188 769 208 293 299 706 315 494 99 3.06014 400 511 3.15409
25.5319 0.19928 0.35062 0 -2 0 0 0.31928 0.35062 241 188 769 208 293 299 706 315 493 99 3.071 400 511 3.14159
25.5985 0.19928 0.35062 0 -2 0 0 0.31928 0.35062 241 188 769 208 293 299 706 315 494 99 3.06014 400 511 3.15409
25.6652 0.19928 0.35062 0 -2 0 0 0.31928 0.35062 241 188 769 208 293 299 706 315 494 99 3.06014 400 511 3.14159
25.7319 0.19928 0.35062 0 0 0 0 0.31928 0.35062 241 188 769 208 293 299 706 315 494 99 3.06014 400 511 3.15409
25.7985 0.19928 0.35062 0 0 0 0 0.31928 0.35062 241 188 769 208 293 299 706 315 494 99 3.06014 400 511 3.15409
25.8652 0.19928 0.35062 0 0 0 0 0.31928 0.35062 241 188 769 208 293 299 706 315 494 99 3.06014 400 511 3.15409
25.9319 0.19928 0.35062 0 0 0 0 0.31928 0.35062 241 188 769 208 293 299 706 315 494 99 3.06014 400 511 3.15409
25.9986 0.19928 0.35062 0 0 0 0 0.31928 0.35062 241 188 769 208 293 299 707 315 494 99 3.06014 400 511 3.15409
26.0652 0.19928 0.35062 0 -11 0 0 0.31928 0.35062 241 188 769 208 293 299 707 315 494 99 3.06014 400 511 3.15409
26.1319 0.19928 0.35062 0 -11 0 0 0.31928 0.35062 241 188 769 208 293 299 706 315 494 99 3.06014 400 511 3.15409
26.1986 0.19928 0.35062 0 -11 0 0 0.31928 0.35062 241 188 769 208 293 299 706 315 494 99 3.06014 400 511 3.19218
26.2652 0.19928 0.35062 0 0 0 0 0.31928 0.35062 241 188 769 208 293 299 706 315 494 99 3.06014 400 511 3.19218
26.3319 0.19928 0.35062 0 0 0 0 0.31928 0.35062 241 188 769 208 293 299 706 315 494 99 3.06014 400 511 3.19218
26.3985 0.19928 0.35062 0 0 0 0 0.31928 0.35062 241 188 769 208 293 299 706 315 494 99 3.06014 400 511 3.15409
26.4652 0.19928 0.35062 0 0 0 0 0.31928 0.35062 241 188 769 208 293 299 706 315 494 99 3.06014 400 511 3.15409
26.5319 0.19928 0.35062 0 0 0 0 0.31928 0.35062 241 188 769 208 293 299 706 315 494 99 3.06014 400 511 3.15409
26.5985 0.19928 0.35062 0 0 0 0 0.31928 0.35062 241 188 769 208 293 299 706 315 493 99 3.071 400 511 3.15409
26.6652 0.19928 0.35062 0 0 0 0 0.31928 0.35062 241 188 769 208 293 299 707 315 494 99 3.06014 400 511 3.14159
26.7319 0.19928 0.35062 0 0 0 0 0.31928 0.35062 241 188 769 208 293 299 706 315 494 99 3.06014 400 511 3.15409
26.7986 0.19928 0.35062 0 0 0 0 0.31928 0.35062 241 188 769 208 293 299 706 315 494 99 3.06014 400 511 3.15409
26.8652 0.19928 0.35062 0 -5 0 0 0.31928 0.35062 241 188 769 208 293 299 706 315 494 99 3.06014 400 511 3.19218
26.9319 0.19928 0.35062 0 -5 0 0 0.31928 0.35062 241 188 769 208 293 299 706 315 493 99 3.071 400 511 3.15409
26.9985 0.19928 0.35062 0 -5 0 0 0.31928 0.35062 241 188 769 208 293 299 706 315 494 99 3.06014 400 511 3.15409
27.0653 0.19928 0.35062 0 -12 0 0 0.31928 0.35062 241 188 769 208 293 299 706 315 493 99 3.071 400 511 3.15409
27.1319 0.19928 0.35062 0 -12 0 0 0.31928 0.35062 241 188 769 208 293 299 707 315 494 99 3.06014 400 511 3.15409
27.1986 0.19928 0.35062 0 -12 0 0 0.31928 0.35062 241 188 769 208 293 299 706 315 494 99 3.06014 400 511 3.15409
27.2652 0.19928 0.350363 0 0 0 0 0.31928 0.35062 241 188 769 208 293 299 706 315 494 99 3.06014 400 511 3.15409
27.3319 0.19928 0.350363 0 0 0 0 0.31928 0.350363 241 188 769 208 293 299 706 315 493 99 3.071 400 511 3.14159
27.3986 0.19928 0.350363 0 0 0 0 0.31928 0.350363 241 188 769 208 293 299 706 315 493 99 3.071 400 511 3.15409
27.4652 0.19928 0.350363 0 0 0 0 0.31928 0.350363 241 188 769 208 293 299 706 315 494 99 3.06014 400 511 3.15409
27.5319 0.19928 0.350363 0 0 0 0 0.31928 0.350363 241 188 769 208 293 299 706 315 494 99 3.06014 400 511 3.15409
27.5986 0.19928 0.350363 0 -8 0 0 0.31928 0.350363 241 188 769 208 293 299 706 315 494 99 3.06014 400 511 3.15409
27.6652 0.19928 0.350363 0 -8 0 0 0.31928 0.350363 241 188 769 208 293 299 706 315 493 99 3.071 400 511 3.14159
27.7319 0.19928 0.350363 0 -8 0 0 0.31928 0.350363 241 188 769 208 293 299 706 315 494 99 3.06014 400 511 3.15409
27.7986 0.19928 0.35062 0 0 0 0 0.31928 0.350363 241 188 769 208 293 299 707 315 494 99 3.06014 400 511 3.15409
27.8652 0.19928 0.35062 0 0 0 0 0.31928 0.350363 241 188 769 208 293 299 706 315 494 99 3.06014 400 511 3.15409
27.9319 0.19928 0.35062 0 0 0 0 0.31928 0.35062 241 188 769 208 293 299 706 315 493 99 3.071 400 511 3.15409
27.9986 0.19928 0.35062 0 0 0 0 0.31928 0.35062 241 188 769 208 293 299 706 315 494 99 3.06014 400 511 3.19218
28.0652 0.19928 0.35062 0 0 0 0 0.31928 0.35062 241 188 769 208 293 299 706 315 494 99 3.06014 400 511 3.15409
28.1319 0.19928 0.35062 0 0 0 0 0.31928 0.35062 241 188 769 208 293 299 706 315 494 99 3.06014 400 511 3.15409
28.1986 0.19928 0.35062 0 0 0 0 0.31928 0.35062 241 188 769 208 293 299 706 315 494 99 3.06014 400 511 3.15409
28.2653 0.19928 0.35062 0 0 0 0 0.31928 0.35062 241 188 769 208 293 299 706 315 493 99 3.071 400 511 3.19218
28.3319 0.19928 0.35062 0 0 0 0 0.31928 0.35062 241 188 769 208 293 299 706 315 494 99 3.06014 400 511 3.15409
28.3986 0.19928 0.35062 0 0 0 0 0.31928 0.35062 241 188 769 208 293 299 706 315 494 99 3.06014 400 511 3.15409
28.4652 0.19928 0.35062 0 0 0 0 0.31928 0.35062 241 188 769 208 293 299 706 315 494 99 3.06014 400 511 3.15409
28.5319 0.19928 0.35062 0 0 0 0 0.31928 0.35062 241 188 769 208 293 299 706 315 494 99 3.06014 400 511 3.19218
28.5986 0.19928 0.35062 0 0 0 0 0.31928 0.35062 241 188 769 208 293 299 706 315 494 99 3.06014 400 511 3.15409
28.6653 0.19928 0.35062 0 0 0 0 0.31928 0.35062 241 188 769 208 293 299 706 315 494 99 3.06014 400 511 3.15409
28.7319 0.19928 0.35062 0 0 0 0 0.31928 0.35062 241 188 769 208 293 299 706 315 493 99 3.071 400 511 3.15409
28.7986 0.19928 0.35062 0 0 0 0 0.31928 0.35062 241 188 769 208 293 299 706 315 494 99 3.06014 400 511 3.15409
28.8652 0.19928 0.35062 0 0 0 0 0.31928 0.35062 241 188 769 208 293 299 706 315 493 99 3.071 400 511 3.15409
28.9319 0.19928 0.35062 0 0 0 0 0.31928 0.35062 241 188 769 208 293 299 706 315 493 99 3.071 400 511 3.15409
28.9986 0.19928 0.35062 0 0 0 0 0.31928 0.35062 241 188 769 208 293 299 706 315 494 99 3.06014 400 511 3.15409
29.0652 0.19928 0.35062 0 0 0 0 0.31928 0.35062 241 188 769 208 293 299 706 315 494 99 3.06014 400 511 3.15409
29.1319 0.19928 0.35062 0 -7 0 0 0.31928 0.35062 241 188 769 208 293 299 706 315 494 99 3.06014 400 511 3.15409
29.1986 0.19928 0.35062 0 -7 0 0 0.31928 0.35062 241 188 769 208 293 299 706 315 494 99 3.06014 400 511 3.15409
29.2652 0.19928 0.35062 0 -7 0 0 0.31928 0.35062 241 188 769 208 293 299 706 315 494 99 3.06014 400 511 3.14159
29.3319 0.19928 0.35062 0 0 0 0 0.31928 0.35062 241 188 769 208 293 299 706 315 493 99 3.071 400 511 3.15409
29.3985 0.19928 0.35062 0 0 0 0 0.31928 0.35062 241 188 769 208 293 299 706 315 493 99 3.071 400 511 3.15409
29.4652 0.19928 0.35062 0 0 0 0 0.31928 0.35062 241 188 769 208 293 299 706 315 493 99 3.071 400 511 3.14159
29.5319 0.19928 0.35062 0 0 0 0 0.32928 0.36062 241 188 769 208 293 299 706 315 493 99 3.071 400 511 3.14159
29.5986 0.19928 0.35062 0 0 0 0 0.32928 0.36062 241 188 769 208 293 299 706 315 494 99 3.06014 400 511 3.15409
29.6652 0.19928 0.35062 0 0 0 0 0.32928 0.36062 241 188 769 208 293 299 707 315 494 99 3.06014 400 511 3.15409
29.7319 0.19928 0.35062 0 0 0 0 0.32928 0.36062 241 188 769 208 293 299 706 315 494 99 3.06014 400 511 3.15409
29.7986 0.19928 0.35062 0 0 0 0 0.32928 0.36062 241 188 769 208 293 299 707 315 494 99 3.06014 400 511 3.15409
29.8652 0.19928 0.35062 54 -6 0 0 0.32928 0.36062 241 188 769 208 293 299 698 309 494 99 3.06014 399 511 3.14159
29.9319 0.19928 0.35062 54 -6 0 0 0.32928 0.36062 241 187 753 196 294 299 697 307 494 99 3.06014 400 510 3.14159
29.9986 0.19928 0.35062 54 -6 0 0 0.32928 0.36062 241 187 752 195 294 299 696 307 493 99 3.0593 400 510 3.16723
30.0652 0.19928 0.35062 54 -6 0 0 0.33928 0.37062 241 187 752 196 293 299 696 306 494 99 3.06014 400 511 3.19218
30.1319 0.208534 0.351648 5 -16 0 0 0.33928 0.37062 258 179 752 195 303 292 696 306 494 99 3.07029 400 511 3.15409
30.1986 0.208534 0.351648 5 -16 0 0 0.33928 0.37062 258 179 752 195 303 292 696 306 494 99 3.07029 400 511 3.15409
30.2652 0.208534 0.351648 5 -16 0 0 0.33928 0.37062 261 177 752 196 305 291 696 306 494 99 3.06014 400 511 3.15409
30.3319 0.208534 0.351648 5 -16 0 0 0.33928 0.37062 262 177 750 194 305 291 692 304 494 99 3.06014 399 512 3.16723
30.3985 0.208534 0.351648 5 -16 0 0 0.33928 0.37062 261 177 735 185 305 292 686 300 494 98 3.07029 399 512 3.14159
30.4652 0.209819 0.360388 5 -1 0 0 0.33928 0.37062 261 177 733 184 305 292 685 299 493 98 3.071 399 511 3.18053
30.5319 0.209819 0.360388 5 -1 0 0 0.34928 0.38062 261 177 733 184 305 292 685 299 494 98 3.07029 399 512 3.16723
30.5986 0.209819 0.360388 5 -1 0 0 0.34928 0.38062 278 170 733 184 317 286 684 299 494 98 3.07029 399 512 3.1669
30.6652 0.209819 0.360388 5 -1 0 0 0.34928 0.38062 284 167 732 183 319 285 684 299 494 98 3.06014 400 511 3.15425
30.7319 0.218559 0.369899 7 -15 0 0 0.34928 0.38062 284 167 732 183 319 285 684 299 494 98 3.06014 400 511 3.19155
30.7985 0.218559 0.369899 7 -15 0 0 0.34928 0.38062 285 167 732 183 319 285 684 299 493 98 3.04907 400 511 3.19218
30.8652 0.218559 0.369899 7 -15 0 0 0.34928 0.38062 285 166 715 174 320 285 674 293 494 99 3.07029 399 511 3.17955
30.9319 0.218559 0.369899 7 -15 0 0 0.34928 0.38062 285 166 714 173 320 285 674 293 493 99 3.0593 400 510 3.17908
30.9986 0.22807 0.370413 7 -65 0 0 0.35928 0.39062 285 166 714 173 319 285 674 293 493 99 3.06955 400 510 3.15409
31.0652 0.22807 0.370413 7 -65 0 0 0.35928 0.39062 293 164 714 174 329 281 674 293 493 99 3.0593 400 510 3.14159
31.1319 0.22807 0.370413 7 -65 0 0 0.35928 0.39062 305 160 714 173 333 279 673 292 494 100 3.06014 400 510 3.14159
31.1985 0.22807 0.370413 7 -65 0 0 0.35928 0.39062 307 160 714 174 333 279 673 292 493 99 3.04907 399 511 3.2048
31.2652 0.22807 0.370413 7 -65 0 0 0.35928 0.39062 307 160 713 174 333 279 674 293 494 99 3.06014 400 511 3.15409
31.3319 0.228841 0.380181 70 -28 0 0 0.35928 0.39062 308 160 696 167 333 279 662 287 494 99 3.06014 400 511 3.14159
31.3985 0.228841 0.380181 70 -28 0 0 0.35928 0.39062 308 160 693 166 333 279 661 287 494 99 3.06014 400 512 3.19218
31.4652 0.228841 0.380181 70 -28 0 0 0.36928 0.405 308 160 693 166 333 279 661 287 494 99 3.06014 399 511 3.18053
31.5319 0.228841 0.380181 70 -28 0 0 0.36928 0.405 309 160 692 166 338 278 661 287 493 98 3.071 400 512 3.19218
31.5985 0.238866 0.381466 9 -21 0 0 0.36928 0.405 328 155 692 166 346 276 661 287 494 98 3.07029 400 511 3.16723
31.6652 0.238866 0.381466 9 -21 0 0 0.36928 0.405 331 154 693 166 347 275 661 287 494 98 3.07029 400 512 3.19218
31.7319 0.238866 0.381466 9 -21 0 0 0.36928 0.405 331 154 692 166 348 275 661 287 494 98 3.07029 400 511 3.16723
31.7985 0.238866 0.381466 9 -21 0 0 0.36928 0.405 331 154 680 161 347 276 650 283 493 99 3.04907 400 511 3.14159
31.8652 0.239895 0.390206 6 -14 0 0 0.36928 0.405 332 153 671 157 348 276 648 282 494 99 3.06096 400 511 3.19218
31.9319 0.239895 0.390206 6 -14 0 0 0.37928 0.405 331 153 671 158 348 276 648 282 494 99 3.06014 399 511 3.1669
31.9985 0.239895 0.390206 6 -14 0 0 0.37928 0.405 332 153 670 157 350 275 647 282 494 99 3.07029 400 511 3.16723
32.0652 0.239895 0.390206 6 -14 0 0 0.37928 0.405 365 148 670 157 367 271 647 282 494 99 3.06096 400 511 3.19218
32.1319 0.239895 0.390206 6 -14 0 0 0.37928 0.405 366 148 670 157 369 271 647 282 494 99 3.07029 400 511 3.19218
32.1986 0.248634 0.40383 10 -22 0 0 0.37928 0.405 367 148 670 157 369 271 647 282 494 99 3.07029 400 511 3.19218
32.2652 0.248634 0.40383 10 -22 0 0 0.37928 0.405 367 149 665 156 370 271 641 279 494 99 3.07029 400 511 3.19218
32.3319 0.248634 0.40383 10 -22 0 0 0.37928 0.405 367 149 649 153 370 270 634 277 493 99 3.06955 400 510 3.14159
32.3986 0.248634 0.40383 10 -22 0 0 0.37928 0.405 367 149 647 152 370 270 634 277 493 99 3.04907 400 510 3.14159
32.4653 0.258145 0.404601 12 -5 0 0 0.38928 0.405 368 149 647 152 370 270 634 277 494 100 3.06014 399 511 3.14159
32.5319 0.258145 0.404601 12 -5 0 0 0.38928 0.405 368 149 647 152 370 270 634 277 494 99 3.06014 400 511 3.19218
32.5986 0.258145 0.404601 12 -5 0 0 0.38928 0.405 368 149 647 152 370 271 634 277 494 99 3.06014 400 511 3.19218
32.6652 0.258145 0.404601 12 -5 0 0 0.38928 0.405 368 149 647 152 370 271 634 278 494 99 3.07029 400 511 3.19218
32.7319 0.258917 0.404858 67 -20 0 0 0.38928 0.405 368 148 646 152 369 271 631 277 494 99 3.06014 399 511 3.15425
32.7986 0.258917 0.404858 67 -20 0 0 0.38928 0.405 368 148 625 148 370 271 621 275 494 98 3.06096 400 512 3.15409
32.8652 0.258917 0.404858 67 -20 0 0 0.38928 0.405 367 148 625 148 370 271 620 275 493 98 3.06096 400 512 3.19218
32.9319 0.258917 0.404858 67 -20 0 0 0.39928 0.405 368 148 623 148 370 271 619 274 494 98 3.07029 400 512 3.19218
32.9986 0.258917 0.404858 67 -20 0 0 0.39928 0.405 368 148 623 148 370 271 619 274 494 98 3.07029 400 512 3.19218
33.0652 0.268942 0.404601 7 -17 0 0 0.39928 0.405 368 148 623 148 370 271 619 274 493 99 3.06014 400 511 3.14159
33.1319 0.268942 0.404601 7 -17 0 0 0.39928 0.405 368 148 623 148 370 271 620 275 494 99 3.06014 400 511 3.15409
33.1986 0.268942 0.404601 7 -17 0 0 0.39928 0.405 368 148 623 148 370 271 620 275 494 99 3.06014 400 511 3.15409
33.2652 0.268942 0.404601 7 -17 0 0 0.39928 0.405 368 148 602 145 370 271 606 273 494 99 3.05093 400 510 3.18004
33.3319 0.269713 0.404858 4 0 0 0 0.39928 0.405 368 148 602 145 370 271 606 273 494 99 3.05093 400 510 3.18004
33.3986 0.269713 0.404858 4 0 0 0 0.41 0.405 368 148 600 145 370 271 606 273 494 99 3.07029 400 511 3.19155
33.4652 0.269713 0.404858 4 0 0 0 0.41 0.405 368 148 601 146 370 271 606 273 494 99 3.07029 400 511 3.19218
33.5319 0.269713 0.404858 4 0 0 0 0.41 0.405 368 148 601 146 370 271 606 273 494 99 3.07029 400 511 3.19218
33.5986 0.278967 0.404601 6 -24 0 0 0.41 0.405 368 148 601 146 370 271 606 273 494 99 3.07029 400 511 3.14159
33.6653 0.278967 0.404601 6 -24 0 0 0.41 0.405 368 148 600 146 370 271 606 273 493 99 3.071 400 511 3.17955
33.7319 0.278967 0.404601 6 -24 0 0 0.41 0.405 368 149 581 146 370 271 593 271 489 99 3.0593 400 511 3.15409
33.7986 0.278967 0.404601 6 -24 0 0 0.41 0.405 368 149 578 146 370 270 592 272 463 100 3.10038 400 511 3.15409
33.8652 0.278967 0.404601 6 -24 0 0 0.389713 0.404858 368 149 577 146 370 271 592 272 463 99 3.08106 399 511 3.14159
33.9319 0.288735 0.404601 8 -12 0 0 0.398967 0.404601 368 149 577 146 370 271 592 272 463 99 3.08044 400 511 3.19218
33.9986 0.288735 0.404601 8 -12 0 0 0.408735 0.404601 368 149 577 146 370 271 592 272 463 99 3.08044 400 511 3.15409
34.0652 0.289249 0.404858 11 -10 0 0 0.408735 0.404601 368 148 577 146 370 271 592 272 462 99 3.07029 400 511 3.15409
34.1319 0.289249 0.404858 11 -10 0 0 0.408735 0.404601 368 148 577 146 370 271 592 272 462 99 3.09062 400 511 3.14159
34.1986 0.289249 0.404858 11 -10 0 0 0.409249 0.404858 368 148 577 146 370 271 592 272 462 99 3.09062 400 511 3.19218
34.2652 0.289249 0.404601 8 -27 0 0 0.409249 0.404858 368 148 577 146 370 271 592 272 462 99 3.09009 400 511 3.14159
34.3319 0.289249 0.404601 8 -27 0 0 0.409249 0.404858 368 148 577 146 370 271 592 272 462 99 3.09009 400 511 3.14159
34.3986 0.289249 0.404601 8 -27 0 0 0.409249 0.404601 368 148 577 146 370 271 592 272 461 100 3.071 400 511 3.14159
34.4652 0.289249 0.404601 0 -7 0 0 0.409249 0.404601 368 148 577 146 370 271 592 272 461 100 3.071 400 511 3.14159
34.5319 0.289249 0.404601 0 -7 0 0 0.409249 0.404601 368 148 577 146 370 271 592 272 461 100 3.071 400 511 3.15409
34.5986 0.289249 0.404601 0 -7 0 0 0.409249 0.404601 368 148 577 146 370 271 592 272 462 99 3.09062 400 511 3.19218
34.6652 0.288478 0.404601 1 1 0 0 0.409249 0.404601 368 148 577 146 370 271 592 272 462 100 3.08044 400 511 3.19218
34.7319 0.288478 0.404601 1 1 0 0 0.409249 0.404601 368 148 577 146 370 271 592 272 462 99 3.08044 400 511 3.15409
34.7986 0.288478 0.404601 1 1 0 0 0.409249 0.404601 368 148 577 146 370 271 592 272 462 99 3.08106 400 511 3.15409
34.8652 0.288735 0.404601 8 1 0 0 0.409249 0.404601 368 148 577 146 370 271 592 272 462 99 3.08106 400 511 3.14159
34.9319 0.288735 0.404601 8 1 0 0 0.409249 0.404601 368 148 577 146 370 271 592 272 462 99 3.09113 400 511 3.19218
34.9986 0.288735 0.404601 8 1 0 0 0.409249 0.404601 368 148 577 146 370 271 592 272 462 99 3.09062 400 511 3.15409
35.0653 0.288992 0.404601 6 2 0 0 0.409249 0.404601 368 148 577 146 370 271 592 272 462 99 3.09062 400 511 3.19218
35.1319 0.288992 0.404601 6 2 0 0 0.409249 0.404601 368 148 577 146 370 271 592 272 462 99 3.09113 400 511 3.15409
35.1986 0.288992 0.404601 6 2 0 0 0.409249 0.404601 368 148 577 146 370 271 592 272 462 99 3.08044 400 511 3.15409
35.2652 0.288992 0.404601 9 2 0 0 0.409249 0.404601 368 148 577 146 370 271 592 272 462 99 3.08044 400 511 3.15409
35.3319 0.288992 0.404601 9 2 0 0 0.409249 0.404601 368 148 577 146 370 271 592 272 462 99 3.09062 400 511 3.14159
35.3986 0.288992 0.404601 9 2 0 0 0.409249 0.404601 368 148 577 146 370 271 592 272 462 99 3.08044 400 511 3.14159
35.4653 0.288992 0.404601 9 2 0 0 0.409249 0.404601 368 148 577 146 370 271 592 272 462 99 3.09062 400 511 3.15409
35.5319 0.288992 0.404601 9 2 0 0 0.409249 0.404601 368 148 577 146 370 271 592 272 462 100 3.08106 400 511 3.19218
35.5986 0.288992 0.404601 4 2 0 0 0.409249 0.404601 368 148 577 146 370 271 592 272 461 100 3.071 400 511 3.15409
35.6652 0.288992 0.404601 4 2 0 0 0.409249 0.404601 368 148 577 146 370 271 592 272 462 99 3.09113 400 511 3.14159
35.7319 0.288992 0.404601 4 2 0 0 0.409249 0.404601 368 148 577 146 370 271 592 272 462 99 3.09113 400 511 3.14159
35.7986 0.288735 0.404601 8 2 0 0 0.409249 0.404601 368 148 577 146 370 271 592 272 462 99 3.08044 400 511 3.14159
35.8653 0.288735 0.404601 8 2 0 0 0.409249 0.404601 368 148 577 146 370 271 592 272 461 100 3.071 400 511 3.15409
35.9319 0.288735 0.404601 8 2 0 0 0.409249 0.404601 368 148 577 146 370 271 592 272 462 99 3.09062 400 511 3.19218
35.9986 0.288992 0.404601 5 2 0.2 0.2 0.409449 0.404801 368 148 577 146 370 271 592 272 462 99 3.09113 400 511 3.14159
36.0652 0.288992 0.404601 5 2 0.2 0.2 0.409649 0.405001 368 148 577 146 370 271 592 272 462 99 3.09062 400 511 3.19218
36.1319 0.288992 0.404601 5 2 0.2 0.2 0.409849 0.405201 368 148 577 146 370 271 592 272 462 100 3.08044 400 511 3.15409
36.1986 0.288992 0.404601 5 2 0.2 0.2 0.410049 0.405401 368 148 577 146 370 271 592 272 461 100 3.071 400 511 3.15409
36.2653 0.288992 0.404601 5 2 0.2 0.2 0.410249 0.405601 368 148 577 146 370 271 592 272 462 99 3.09062 400 511 3.14159
36.3319 0.288992 0.404601 5 2 0.2 0.2 0.410449 0.405801 368 148 577 146 370 271 592 272 462 99 3.09062 400 511 3.14159
36.3986 0.288992 0.404601 13 2 0.2 0.2 0.410649 0.406001 368 148 577 146 370 271 592 272 462 99 3.09062 400 511 3.14159
36.4652 0.288992 0.404601 13 2 0.2 0.2 0.410849 0.406201 368 148 577 146 370 271 592 272 462 99 3.09062 400 511 3.14159
36.5319 0.288992 0.404601 13 2 0.2 0.2 0.411049 0.406401 368 148 577 146 370 271 592 272 462 99 3.09113 400 511 3.19218
36.5986 0.288992 0.404858 7 -7 0.2 0.2 0.411249 0.406601 368 148 577 146 370 271 592 272 462 99 3.08044 400 511 3.14159
36.6652 0.288992 0.404858 7 -7 0.2 0.2 0.411449 0.406801 368 148 577 146 370 271 592 272 462 99 3.09062 400 511 3.15409
36.7319 0.288992 0.404858 7 -7 0.2 0.2 0.411649 0.407001 368 148 576 146 370 271 591 272 462 99 3.09062 400 511 3.15409
36.7986 0.29002 0.404858 11 -32 0.2 0.2 0.411849 0.407201 368 148 575 146 370 271 591 272 461 100 3.071 400 511 3.14159
36.8653 0.29002 0.404858 11 -32 0.2 0.2 0.412049 0.407401 369 148 575 146 371 271 591 272 462 99 3.08106 400 511 3.14159
36.9319 0.29002 0.404858 11 -32 0.2 0.2 0.412249 0.407601 369 148 575 146 371 271 591 272 461 99 3.071 400 511 3.14159
36.9986 0.290277 0.405629 26 -12 0.2 0.2 0.412449 0.407801 369 148 575 146 371 271 590 272 462 99 3.09113 400 511 3.14159
37.0653 0.290277 0.405629 26 -12 0.2 0.2 0.412649 0.408001 369 148 573 146 371 271 589 272 462 99 3.09062 400 511 3.19218
37.1319 0.291048 0.405887 14 -16 0.2 0.2 0.412849 0.408201 369 148 573 146 371 271 589 272 462 99 3.08044 400 511 3.14159
37.1986 0.291048 0.405887 14 -16 0.2 0.2 0.413049 0.408401 372 148 573 146 373 270 589 272 462 99 3.09113 400 511 3.14159
37.2652 0.291048 0.405887 14 -16 0.2 0.2 0.413249 0.408601 372 148 573 146 373 270 589 272 462 99 3.09062 400 511 3.14159
37.3319 0.291048 0.406915 10 -19 0.2 0.2 0.413449 0.408801 372 148 572 146 373 270 589 272 462 100 3.08044 400 511 3.15409
37.3986 0.291048 0.406915 10 -19 0.2 0.2 0.413649 0.409001 373 148 571 146 373 270 588 272 462 99 3.09113 400 511 3.14159
37.4653 0.291048 0.406915 10 -19 0.2 0.2 0.413849 0.409201 373 148 571 146 373 271 588 272 462 99 3.09062 400 511 3.14159
37.5319 0.291819 0.407172 9 -31 0.2 0.2 0.414049 0.409401 374 148 571 146 374 270 588 272 462 99 3.09113 400 511 3.14159
37.5986 0.291819 0.407172 9 -31 0.2 0.2 0.414249 0.409601 374 148 571 146 374 270 588 272 462 99 3.08044 400 511 3.19218
37.6652 0.291819 0.407172 9 -31 0.2 0.2 0.414449 0.409801 374 148 569 146 374 270 587 272 462 99 3.09062 400 511 3.15409
37.7319 0.292848 0.407429 13 -35 0.2 0.2 0.414649 0.410001 375 148 568 146 374 270 587 272 462 100 3.08044 400 511 3.15409
37.7986 0.292848 0.407429 13 -35 0.2 0.2 0.414849 0.410201 374 148 568 146 374 271 587 272 462 99 3.08044 400 511 3.14159
37.8652 0.292848 0.407429 13 -35 0.2 0.2 0.415049 0.410401 377 148 568 146 375 270 587 272 462 99 3.09062 400 511 3.14159
37.9319 0.292848 0.408457 26 -27 0.2 0.2 0.415249 0.410601 377 148 568 146 375 270 587 272 462 98 3.071 400 511 3.14159
37.9986 0.292848 0.408457 26 -27 0.2 0.2 0.415449 0.410801 376 147 566 146 375 270 585 272 462 99 3.08044 400 511 3.14159
38.0653 0.292848 0.408457 26 -27 0.2 0.2 0.415649 0.411001 377 148 566 146 375 270 585 272 462 98 3.071 400 511 3.14159
38.1319 0.293876 0.408714 10 -16 0.2 0.2 0.415849 0.411201 377 148 566 146 376 270 585 272 462 99 3.071 400 511 3.14159
38.1986 0.293876 0.408714 10 -16 0.2 0.2 0.416049 0.411401 379 148 566 146 377 270 585 272 465 99 3.08106 400 511 3.14159
38.2653 0.293876 0.408714 10 -16 0.2 0.2 0.416249 0.411601 380 148 566 147 377 270 585 272 465 99 3.071 400 511 3.14159
38.3319 0.294133 0.409485 14 -26 0.2 0.2 0.416449 0.411801 379 147 564 147 377 270 584 272 465 99 3.071 400 511 3.15409
38.3985 0.294133 0.409485 14 -26 0.2 0.2 0.416649 0.412001 380 148 563 146 377 270 584 272 465 99 3.071 400 511 3.14159
38.4652 0.294133 0.409485 14 -26 0.2 0.2 0.416849 0.412201 381 147 563 147 378 270 583 272 467 99 3.09113 400 511 3.15409
38.5319 0.294904 0.410256 11 -22 0.2 0.2 0.417049 0.412401 382 148 563 147 378 270 583 272 469 99 3.10121 400 511 3.15409
38.5985 0.294904 0.410256 11 -22 0.2 0.2 0.417249 0.412601 382 148 563 147 378 270 583 272 469 99 3.10121 400 511 3.15409
38.6652 0.294904 0.410256 11 -22 0.2 0.2 0.417449 0.412801 381 148 562 147 378 270 583 272 469 99 3.08166 400 511 3.14159
38.7319 0.295675 0.410513 18 -29 0.2 0.2 0.417649 0.413001 381 148 561 146 378 270 583 272 469 99 3.09062 400 511 3.14159
38.7986 0.295675 0.410513 18 -29 0.2 0.2 0.417849 0.413201 382 147 562 146 379 270 583 272 469 100 3.08044 400 511 3.14159
38.8653 0.295932 0.411542 18 -33 0.2 0.2 0.418049 0.413401 382 147 562 147 379 270 583 272 469 99 3.08044 400 511 3.14159
38.9319 0.295932 0.411542 18 -33 0.2 0.2 0.418249 0.413601 382 147 562 147 379 270 583 272 469 99 3.1008 400 511 3.14159
38.9986 0.295932 0.411542 18 -33 0.2 0.2 0.418449 0.413801 382 147 562 147 379 270 583 272 469 99 3.08044 400 511 3.14159
39.0653 0.296703 0.411542 25 -22 0.2 0.2 0.418649 0.414001 382 147 562 147 378 270 583 272 469 99 3.08044 400 511 3.14159
39.1319 0.296703 0.411542 25 -22 0.2 0.2 0.418849 0.414201 382 147 562 147 379 270 583 272 469 100 3.08044 400 511 3.14159
39.1986 0.296703 0.411542 25 -22 0.2 0.2 0.419049 0.414401 382 147 562 147 379 270 583 272 469 100 3.08044 400 511 3.14159
39.2652 0.29696 0.412056 23 -31 0.2 0.2 0.419249 0.414601 382 147 562 147 379 270 583 272 469 100 3.08044 400 511 3.14159
39.3319 0.29696 0.412056 23 -31 0.2 0.2 0.419449 0.414801 382 147 562 147 379 270 583 272 469 99 3.09113 400 511 3.14159
39.3986 0.29696 0.412056 23 -31 0.2 0.2 0.419649 0.415001 382 147 562 147 379 270 583 272 469 100 3.08044 400 511 3.14159
39.4652 0.297474 0.412827 27 -42 0.2 0.2 0.419849 0.415201 382 147 562 147 379 270 583 272 469 100 3.08044 400 511 3.14159
39.5319 0.297474 0.412827 27 -42 0.2 0.2 0.420049 0.415401 382 147 562 147 379 270 583 272 469 100 3.08044 400 511 3.14159
39.5985 0.297474 0.412827 27 -42 0.2 0.2 0.420249 0.415601 382 147 562 147 379 270 583 272 469 100 3.08044 400 511 3.14159
39.6652 0.297989 0.412827 28 -38 0.2 0.2 0.420449 0.415801 382 147 562 147 379 270 583 272 469 100 3.08044 400 511 3.14159
39.7319 0.297989 0.412827 28 -38 0.2 0.2 0.420649 0.416001 383 147 562 147 379 270 583 272 469 100 3.08044 400 511 3.14159
39.7986 0.297989 0.412827 28 -38 0.2 0.2 0.420849 0.416201 382 148 562 147 379 270 583 272 469 99 3.071 400 511 3.15409
39.8652 0.297989 0.413598 35 -44 0.2 0.2 0.421049 0.416401 382 147 562 147 379 270 583 272 469 100 3.071 400 511 3.18004
39.9319 0.297989 0.413598 35 -44 0.2 0.2 0.421249 0.416601 383 148 562 147 379 269 583 272 469 99 3.071 400 511 3.18004
39.9986 0.297989 0.413598 35 -44 0.2 0.2 0.421449 0.416801 382 147 562 147 379 270 583 272 469 100 3.08044 400 511 3.15409
40.0652 0.299017 0.413598 28 -49 0.2 0.2 0.421649 0.417001 383 148 562 147 379 270 583 272 469 100 3.07029 400 511 3.18004
40.1319 0.299017 0.413598 28 -49 0.2 0.2 0.421849 0.417201 383 148 562 147 379 270 583 272 469 100 3.07982 400 511 3.14159
40.1986 0.299017 0.413598 28 -49 0.2 0.2 0.422049 0.417401 383 148 562 147 379 270 583 273 470 100 3.08044 400 511 3.14159
40.2652 0.299017 0.414369 39 -52 0.2 0.2 0.422249 0.417601 383 148 562 147 379 270 583 273 469 100 3.071 400 511 3.14159
40.3319 0.299017 0.414369 39 -52 0.2 0.2 0.422449 0.417801 383 148 562 147 379 270 583 272 469 100 3.071 400 511 3.14159
40.3986 0.299788 0.41514 41 -48 0.2 0.2 0.422649 0.418001 383 148 562 147 379 270 583 273 470 100 3.08044 400 511 3.14159
40.4652 0.299788 0.41514 41 -48 0.2 0.2 0.422849 0.418201 383 148 562 147 379 270 583 273 470 100 3.08044 400 511 3.14159
40.5319 0.299788 0.41514 41 -48 0.2 0.2 0.423049 0.418401 383 148 562 147 379 270 583 273 470 100 3.08044 400 511 3.14159
40.5985 0.300302 0.41514 44 -57 0.2 0.2 0.423249 0.418601 383 148 562 147 379 270 583 273 470 100 3.08044 400 511 3.14159
40.6652 0.300302 0.41514 44 -57 0.2 0.2 0.423449 0.418801 383 148 562 147 379 270 583 273 470 100 3.08044 400 511 3.14159
40.7319 0.300302 0.41514 44 -57 0.2 0.2 0.423649 0.419001 383 148 562 147 379 270 583 273 470 100 3.08044 400 511 3.14159
40.7986 0.300559 0.415912 40 -49 0.2 0.2 0.423849 0.419201 383 147 562 147 379 270 583 273 470 100 3.08044 400 511 3.14159
40.8652 0.300559 0.415912 40 -49 0.2 0.2 0.424049 0.419401 383 147 562 147 379 270 583 273 470 100 3.08044 400 511 3.14159
40.9319 0.300559 0.415912 40 -49 0.2 0.2 0.424249 0.419602 383 147 563 147 379 270 583 273 470 100 3.08044 400 511 3.14159
40.9986 0.30133 0.415912 45 -58 0 0 0.424249 0.419602 383 148 562 147 379 270 583 273 470 100 3.08044 400 511 3.14159
41.0652 0.30133 0.415912 45 -58 0 0 0.424249 0.419602 383 147 563 147 379 270 583 272 470 99 3.071 400 511 3.14159
41.1319 0.30133 0.415912 45 -58 0 0 0.424249 0.419602 383 147 563 147 379 270 583 272 470 100 3.08044 400 511 3.14159
41.1986 0.30133 0.416683 42 -54 0 0 0.424249 0.419602 384 147 563 147 379 270 583 272 470 99 3.071 400 511 3.14159
41.2652 0.30133 0.416683 42 -54 0 0 0.424249 0.419602 383 147 563 147 379 270 584 272 470 100 3.08044 400 511 3.14159
41.3319 0.30133 0.416683 42 -54 0 0 0.424249 0.419602 384 148 563 147 379 270 584 272 470 100 3.08044 400 511 3.14159
41.3986 0.302101 0.417454 45 -61 0 0 0.424249 0.419602 384 148 563 147 379 270 584 272 470 100 3.071 400 511 3.14159
41.4652 0.302101 0.417454 45 -61 0 0 0.424249 0.419602 384 148 563 147 379 270 584 272 470 100 3.071 400 511 3.14159
41.5319 0.302101 0.417454 45 -61 0 0 0.424249 0.419602 384 148 563 147 379 270 584 272 470 100 3.071 400 511 3.14159
41.5986 0.302101 0.417711 50 -69 0 0 0.424249 0.419602 384 148 563 147 379 270 584 272 470 100 3.071 400 511 3.14159
41.6652 0.302101 0.417711 50 -69 0 0 0.424249 0.419602 384 148 563 147 379 270 584 272 470 100 3.071 400 511 3.14159
41.7319 0.302101 0.417711 50 -69 0 0 0.424249 0.419602 384 148 563 147 379 270 584 272 470 100 3.071 400 511 3.14159
41.7986 0.302358 0.417454 49 -61 0 0 0.424249 0.419602 384 148 563 147 379 270 584 272 470 100 3.071 400 511 3.14159
41.8652 0.302358 0.417454 49 -61 0 0 0.424249 0.419602 384 148 563 147 379 270 584 272 470 100 3.071 400 511 3.14159
41.9319 0.302358 0.417454 48 -72 0 0 0.424249 0.419602 384 148 563 147 379 270 583 273 470 100 3.071 400 511 3.14159
41.9986 0.302358 0.417454 48 -72 0 0 0.424249 0.419602 384 148 563 147 379 270 584 272 470 100 3.071 400 511 3.14159
42.0652 0.302358 0.417454 48 -72 0 0 0.424249 0.419602 384 148 563 147 379 270 584 272 470 100 3.071 400 511 3.14159
42.1319 0.302358 0.417454 48 -74 0 0 0.424249 0.419602 384 148 563 147 379 270 584 272 470 100 3.071 400 511 3.14159
42.1985 0.302358 0.417454 48 -74 0 0 0.424249 0.419602 384 148 563 147 379 270 584 272 470 100 3.071 400 511 3.14159
42.2652 0.302358 0.417454 48 -74 0 0 0.424249 0.419602 384 148 563 147 379 270 584 272 470 100 3.071 400 511 3.14159
42.3319 0.302358 0.417711 50 -70 0 0 0.424249 0.419602 384 148 563 147 379 270 584 272 470 100 3.071 400 511 3.14159
42.3985 0.302358 0.417711 50 -70 0 0 0.424249 0.419602 384 148 563 147 379 270 584 272 470 100 3.071 400 511 3.14159
42.4652 0.302358 0.417711 50 -70 0 0 0.424249 0.419602 384 148 563 147 379 270 584 272 470 100 3.071 400 511 3.14159
42.5319 0.302101 0.417711 48 -66 0 0 0.424249 0.419602 384 148 563 147 379 270 584 272 470 100 3.071 400 511 3.14159
42.5986 0.302101 0.417711 48 -66 0 0 0.424249 0.419602 384 148 563 147 379 270 584 272 470 100 3.071 400 511 3.14159
42.6652 0.302101 0.417711 48 -66 0 0 0.424249 0.419602 384 147 563 147 379 270 584 272 470 100 3.071 400 511 3.14159
42.7319 0.302358 0.417711 50 -65 0 0 0.424249 0.419602 384 147 563 147 379 270 584 272 470 100 3.071 400 511 3.14159
42.7986 0.302358 0.417711 50 -65 0 0 0.424249 0.419602 384 148 563 147 379 270 584 272 470 100 3.071 400 511 3.14159
42.8652 0.302358 0.417711 50 -65 0 0 0.424249 0.419602 384 147 563 147 379 270 583 272 470 100 3.071 400 511 3.14159
42.9319 0.302358 0.417711 48 -60 0 0 0.424249 0.419602 384 148 563 147 379 270 584 272 470 100 3.071 400 511 3.14159
42.9986 0.302358 0.417711 48 -60 0 0 0.424249 0.419602 384 148 563 147 379 270 584 272 470 100 3.071 400 511 3.14159
43.0652 0.302358 0.417711 48 -60 0 0 0.424249 0.419602 384 148 563 147 379 270 584 272 470 100 3.071 400 511 3.14159
43.1319 0.302358 0.417454 47 -64 0 0 0.424249 0.419602 384 148 563 147 379 270 584 272 470 100 3.071 400 511 3.14159
43.1986 0.302358 0.417454 47 -64 0 0 0.424249 0.419602 384 148 563 147 379 270 584 272 470 100 3.071 400 511 3.14159
43.2652 0.302358 0.417454 47 -64 -0.2 -0.2 0.424049 0.419401 384 148 563 147 379 270 584 272 470 100 3.071 400 511 3.14159
43.3319 0.302358 0.417454 47 -63 -0.2 -0.2 0.423849 0.419201 384 148 563 147 379 270 584 272 470 100 3.071 400 511 3.14159
43.3985 0.302358 0.417454 47 -63 -0.2 -0.2 0.423649 0.419001 384 148 563 147 379 270 584 272 470 100 3.071 400 511 3.14159
43.4652 0.302358 0.417454 47 -63 -0.2 -0.2 0.423449 0.418801 384 148 563 147 379 270 584 272 470 100 3.071 400 511 3.14159
43.5319 0.302358 0.417711 47 -61 -0.2 -0.2 0.423249 0.418601 384 148 563 147 379 270 584 272 470 100 3.071 400 511 3.14159
43.5986 0.302358 0.417711 47 -61 -0.2 -0.2 0.423049 0.418401 384 147 563 147 379 270 584 272 470 100 3.071 400 511 3.14159
43.6652 0.302358 0.417711 46 -68 -0.2 -0.2 0.422849 0.418201 384 148 563 147 379 270 583 272 470 100 3.071 400 511 3.14159
43.7319 0.302358 0.417711 46 -68 -0.2 -0.2 0.422649 0.418001 384 148 563 147 379 270 584 272 470 100 3.071 400 511 3.14159
43.7986 0.302358 0.417711 46 -68 -0.2 -0.2 0.422449 0.417801 384 148 563 147 379 270 584 272 470 100 3.071 400 511 3.14159
43.8652 0.302358 0.417711 47 -60 -0.2 -0.2 0.422249 0.417601 384 148 563 147 379 270 584 272 470 100 3.071 400 511 3.14159
43.9319 0.302358 0.417711 47 -60 -0.2 -0.2 0.422049 0.417401 384 148 563 147 379 270 584 272 470 100 3.071 400 511 3.14159
43.9986 0.302358 0.417711 47 -60 -0.2 -0.2 0.421849 0.417201 384 148 563 147 379 270 584 272 470 100 3.071 400 511 3.14159
44.0652 0.302101 0.417454 14 -48 -0.2 -0.2 0.421649 0.417001 384 148 563 147 379 270 584 272 470 100 3.071 400 511 3.14159
44.1319 0.302101 0.417454 14 -48 -0.2 -0.2 0.421449 0.416801 384 148 563 147 379 270 584 272 470 100 3.071 400 511 3.14159
44.1986 0.302101 0.417454 14 -48 -0.2 -0.2 0.421249 0.416601 384 148 563 147 379 270 584 272 470 100 3.071 400 511 3.14159
44.2652 0.302101 0.417711 14 -21 -0.2 -0.2 0.421049 0.416401 384 148 563 147 379 270 584 272 470 100 3.071 400 511 3.14159
44.3319 0.302101 0.417711 14 -21 -0.2 -0.2 0.420849 0.416201 384 148 563 147 379 270 584 272 470 100 3.071 400 511 3.14159
44.3986 0.302101 0.417711 14 -21 -0.2 -0.2 0.420649 0.416001 384 148 563 147 379 270 584 272 470 100 3.071 400 511 3.14159
44.4652 0.30133 0.417711 10 1 -0.2 -0.2 0.420449 0.415801 384 148 563 147 379 270 584 272 470 100 3.071 400 511 3.14159
44.5319 0.30133 0.417711 10 1 -0.2 -0.2 0.420249 0.415601 384 148 563 147 379 270 584 272 470 100 3.071 400 511 3.14159
44.5986 0.30133 0.417711 10 1 -0.2 -0.2 0.420049 0.415401 384 148 563 147 379 270 584 272 470 100 3.071 400 511 3.14159
44.6652 0.301073 0.416683 -1 -10 -0.2 -0.2 0.419849 0.415201 383 148 563 147 379 270 584 272 470 99 3.071 400 511 3.14159
44.7319 0.301073 0.416683 -1 -10 -0.2 -0.2 0.419649 0.415001 384 148 563 147 379 270 584 272 470 100 3.071 400 511 3.18004
44.7986 0.301073 0.416683 -1 -10 -0.2 -0.2 0.419449 0.414801 383 147 563 147 380 270 584 272 471 100 3.07029 400 511 3.14159
44.8652 0.300302 0.416683 10 -1 -0.2 -0.2 0.419249 0.414601 384 148 563 147 379 270 584 272 470 100 3.071 400 511 3.14159
44.9319 0.300302 0.416683 10 -1 -0.2 -0.2 0.419049 0.414401 384 148 563 147 379 270 584 272 470 100 3.071 400 511 3.14159
44.9986 0.300302 0.416683 10 -1 -0.2 -0.2 0.418849 0.414201 384 148 563 147 379 270 584 272 470 100 3.071 400 511 3.14159
45.0652 0.300045 0.415655 6 -21 -0.2 -0.2 0.418649 0.414001 384 148 563 147 379 270 584 272 470 100 3.071 400 511 3.15409
45.1319 0.300045 0.415655 6 -21 -0.2 -0.2 0.418449 0.413801 384 148 563 147 379 270 584 272 470 100 3.071 400 511 3.15409
45.1985 0.299017 0.41514 8 0 -0.2 -0.2 0.418249 0.413601 384 147 563 147 379 270 584 272 471 100 3.07029 400 511 3.14159
45.2652 0.299017 0.41514 8 0 -0.2 -0.2 0.418049 0.413401 384 148 563 147 379 270 584 272 470 100 3.071 400 511 3.14159
45.3319 0.299017 0.41514 8 0 -0.2 -0.2 0.417849 0.413201 384 148 563 147 379 270 584 272 471 100 3.07029 400 511 3.14159
45.3985 0.29876 0.414883 6 0 -0.2 -0.2 0.417649 0.413001 384 148 563 146 379 270 584 272 470 100 3.071 400 511 3.14159
45.4652 0.29876 0.414883 6 0 -0.2 -0.2 0.417449 0.412801 384 148 563 147 379 270 584 272 471 100 3.07982 400 511 3.14159
45.5319 0.29876 0.414883 6 0 -0.2 -0.2 0.417249 0.412601 384 148 564 147 379 270 584 272 471 100 3.07029 400 511 3.15409
45.5986 0.298246 0.414369 -2 0 -0.2 -0.2 0.417049 0.412401 384 148 564 147 379 270 584 272 471 100 3.07029 400 511 3.14159
45.6652 0.298246 0.414369 -2 0 -0.2 -0.2 0.416849 0.412201 384 148 564 147 379 270 584 272 471 100 3.071 400 511 3.15409
45.7319 0.298246 0.414369 -2 0 -0.2 -0.2 0.416649 0.412001 384 148 564 147 380 270 584 272 471 100 3.06096 400 511 3.15409
45.7986 0.297732 0.413855 4 0 -0.2 -0.2 0.416449 0.411801 384 148 564 147 379 270 584 272 471 100 3.08044 400 511 3.15409
45.8652 0.297732 0.413855 4 0 -0.2 -0.2 0.416249 0.411601 384 148 564 147 380 270 584 272 471 100 3.08044 400 511 3.15409
45.9319 0.297732 0.413855 4 0 -0.2 -0.2 0.416049 0.411401 384 148 564 147 380 270 584 272 471 100 3.06096 400 511 3.19218
45.9986 0.297217 0.413341 0 1 -0.2 -0.2 0.415849 0.411201 384 147 564 147 380 270 584 272 472 100 3.07029 400 511 3.18004
46.0652 0.297217 0.413341 0 1 -0.2 -0.2 0.415649 0.411001 384 147 564 146 380 270 584 272 471 99 3.0593 400 511 3.15409
46.1319 0.297217 0.413341 0 1 -0.2 -0.2 0.415449 0.410801 384 147 564 146 379 270 584 272 471 99 3.07029 400 511 3.15409
46.1986 0.296703 0.41257 3 0 -0.2 -0.2 0.415249 0.410601 384 147 564 146 379 270 584 272 471 101 3.05845 400 510 3.14159
46.2652 0.296703 0.41257 3 0 -0.2 -0.2 0.415049 0.410401 383 148 564 147 379 269 584 271 471 104 3.06565 400 510 3.14159
46.3319 0.296703 0.41257 3 0 -0.2 -0.2 0.414849 0.410201 383 148 565 147 380 269 585 271 471 117 3.06765 400 511 3.19218
46.3985 0.295932 0.412056 0 16 -0.2 -0.2 0.414649 0.410001 383 148 565 147 379 269 585 271 471 117 3.06765 400 511 3.14159
46.4652 0.295932 0.412056 0 16 -0.2 -0.2 0.414449 0.409801 383 149 565 148 379 268 585 270 471 117 3.06765 400 512 3.19218
46.5319 0.295932 0.412056 0 16 -0.2 -0.2 0.414249 0.409601 383 149 565 148 379 268 585 270 471 117 3.06765 400 512 3.19218
46.5986 0.295932 0.411542 -7 0 -0.2 -0.2 0.414049 0.409401 382 149 566 148 379 269 585 271 471 117 3.06765 400 511 3.18004
46.6652 0.295932 0.411542 -7 0 -0.2 -0.2 0.413849 0.409201 382 147 567 146 378 270 586 272 471 117 3.06765 400 511 3.14159
46.7319 0.294904 0.411285 1 0 -0.2 -0.2 0.413649 0.409001 383 147 567 146 379 270 586 272 471 117 3.06765 400 511 3.18004
46.7986 0.294904 0.411285 1 0 -0.2 -0.2 0.413449 0.408801 380 147 567 146 377 270 586 272 471 117 3.06765 400 511 3.14159
46.8652 0.294904 0.411285 1 0 -0.2 -0.2 0.413249 0.408601 380 148 567 146 377 269 586 271 471 117 3.06765 400 511 3.20561
46.9319 0.294647 0.410513 0 0 -0.2 -0.2 0.413049 0.408401 381 148 567 146 377 269 586 272 471 117 3.06765 400 511 3.19218
46.9986 0.294647 0.410513 0 0 -0.2 -0.2 0.412849 0.408201 380 147 569 146 377 269 586 271 471 117 3.06765 400 511 3.19283
47.0652 0.294647 0.410513 0 0 -0.2 -0.2 0.412649 0.408001 381 147 569 146 377 269 587 272 471 117 3.06765 399 511 3.14159
47.1319 0.293876 0.409742 1 0 -0.2 -0.2 0.412449 0.407801 379 148 569 146 376 270 587 271 471 117 3.06765 400 511 3.18004
47.1986 0.293876 0.409742 1 0 -0.2 -0.2 0.412249 0.407601 379 148 569 146 376 270 587 272 471 117 3.06765 400 511 3.15409
47.2652 0.293876 0.409742 1 0 -0.2 -0.2 0.412049 0.407401 378 147 570 146 376 270 588 272 471 117 3.06765 400 511 3.14159
47.3319 0.293105 0.409742 0 3 -0.2 -0.2 0.411849 0.407201 379 147 571 146 376 270 588 271 471 117 3.06765 400 511 3.14159
47.3985 0.293105 0.409742 0 3 -0.2 -0.2 0.411849 0.407201 379 147 571 146 376 270 588 271 471 117 3.06765 400 511 3.14159
47.4652 0.293105 0.409742 0 3 -0.2 -0.2 0.411849 0.407201 379 147 571 146 376 270 588 271 471 117 3.06765 400 511 3.14159
47.5319 0.293105 0.409742 0 3 -0.2 -0.2 0.411849 0.407201 379 147 571 146 376 270 588 271 471 117 3.06765 400 511 3.14159
47.5986 0.293105 0.409742 0 3 -0.2 -0.2 0.411849 0.407201 379 147 571 146 376 270 588 271 471 117 3.06765 400 511 3.14159
47.6652 0.293105 0.409742 0 3 -0.2 -0.2 0.411849 0.407201 379 147 571 146 376 270 588 271 471 117 3.06765 400 511 3.14159
