0.0650673 0.30133 0.400745 0 1 -0.2 -0.2 0.419106 0.398458 357 149 552 147 363 272 577 272 454 142 5.59948 399 511 3.14159
0.131758 0.30133 0.400745 0 1 -0.2 -0.2 0.419106 0.398458 357 149 552 147 363 272 577 272 454 142 5.59948 399 511 3.14159
0.1984 0.30133 0.400745 0 1 -0.2 -0.2 0.419106 0.398458 357 149 552 147 363 272 577 272 454 142 5.59948 399 511 3.14159
0.265092 0.30133 0.400745 0 1 -0.2 -0.2 0.419106 0.398458 357 149 552 147 363 272 577 272 454 142 5.59948 399 511 3.14159
0.331782 0.30133 0.400745 0 1 -0.2 -0.2 0.419106 0.398458 357 149 552 147 363 272 577 272 454 142 5.59948 399 511 3.14159
0.398441 0.30133 0.400745 0 1 -0.2 -0.2 0.419106 0.398458 357 149 552 147 363 272 577 272 454 142 5.59948 399 511 3.14159
0.465099 0.30133 0.400745 0 1 -0.2 -0.2 0.419106 0.398458 357 149 552 147 363 272 577 272 454 142 5.59948 399 511 3.14159
0.531759 0.30133 0.400745 0 1 -0.2 -0.2 0.419106 0.398458 357 149 552 147 363 272 577 272 454 142 5.59948 399 511 3.14159
0.598423 0.30133 0.400745 0 1 -0.2 -0.2 0.419106 0.398458 357 149 552 147 363 272 577 272 454 142 5.59948 399 511 3.14159
0.665117 0.30133 0.400745 0 1 -0.2 -0.2 0.419106 0.398458 357 149 552 147 363 272 577 272 454 142 5.59948 399 511 3.14159
0.731756 0.30133 0.400745 0 1 -0.2 -0.2 0.419106 0.398458 357 149 552 147 363 272 577 272 454 142 5.59948 399 511 3.14159
0.79842 0.30133 0.400745 0 1 -0.2 -0.2 0.419106 0.398458 357 149 552 147 363 272 577 272 454 142 5.59948 399 511 3.14159
0.865104 0.30133 0.400745 0 1 -0.2 -0.2 0.419106 0.398458 357 149 552 147 363 272 577 272 454 142 5.59948 399 511 3.14159
0.931785 0.30133 0.400745 0 1 -0.2 -0.2 0.419106 0.398458 357 149 552 147 363 272 577 272 454 142 5.59948 399 511 3.14159
0.998446 0.30133 0.400745 0 1 -0.2 -0.2 0.419106 0.398458 357 149 552 147 363 272 577 272 454 142 5.59948 399 511 3.14159
1.06511 0.30133 0.400745 0 1 -0.2 -0.2 0.419106 0.398458 357 149 552 147 363 272 577 272 454 142 5.59948 399 511 3.14159
1.13177 0.30133 0.400745 0 1 -0.2 -0.2 0.419106 0.398458 357 149 552 147 363 272 577 272 454 142 5.59948 399 511 3.14159
1.19844 0.30133 0.400745 0 1 -0.2 -0.2 0.419106 0.398458 357 149 552 147 363 272 577 272 454 142 5.59948 399 511 3.14159
1.26506 0.30133 0.400745 0 1 -0.2 -0.2 0.419106 0.398458 357 149 552 147 363 272 577 272 454 142 5.59948 399 511 3.14159
1.33178 0.30133 0.400745 0 1 -0.2 -0.2 0.419106 0.398458 357 149 552 147 363 272 577 272 454 142 5.59948 399 511 3.14159
1.39845 0.30133 0.400745 0 1 -0.2 -0.2 0.419106 0.398458 357 149 552 147 363 272 577 272 454 142 5.59948 399 511 3.14159
1.46505 0.30133 0.400745 0 1 -0.2 -0.2 0.419106 0.398458 357 149 552 147 363 272 577 272 454 142 5.59948 399 511 3.14159
1.5318 0.30133 0.400745 0 1 -0.2 -0.2 0.419106 0.398458 357 149 552 147 363 272 577 272 454 142 5.59948 399 511 3.14159
1.59839 0.30133 0.400745 0 1 -0.2 -0.2 0.419106 0.398458 357 149 552 147 363 272 577 272 454 142 5.59948 399 511 3.14159
1.6651 0.30133 0.400745 0 1 -0.2 -0.2 0.419106 0.398458 357 149 552 147 363 272 577 272 454 142 5.59948 399 511 3.14159
1.73175 0.30133 0.400745 0 1 -0.2 -0.2 0.419106 0.398458 357 149 552 147 363 272 577 272 454 142 5.59948 399 511 3.14159
1.79845 0.30133 0.400745 0 1 -0.2 -0.2 0.419106 0.398458 357 149 552 147 363 272 577 272 454 142 5.59948 399 511 3.14159
1.86511 0.30133 0.400745 0 1 -0.2 -0.2 0.419106 0.398458 357 149 552 147 363 272 577 272 454 142 5.59948 399 511 3.14159
1.93176 0.30133 0.400745 0 1 -0.2 -0.2 0.419106 0.398458 357 149 552 147 363 272 577 272 454 142 5.59948 399 511 3.14159
1.99844 0.30133 0.400745 0 1 -0.2 -0.2 0.419106 0.398458 357 149 552 147 363 272 577 272 454 142 5.59948 399 511 3.14159
2.06509 0.30133 0.400745 0 1 -0.2 -0.2 0.419106 0.398458 357 149 552 147 363 272 577 272 454 142 5.59948 399 511 3.14159
2.13176 0.30133 0.400745 0 1 -0.2 -0.2 0.419106 0.398458 357 149 552 147 363 272 577 272 454 142 5.59948 399 511 3.14159
2.19843 0.30133 0.400745 0 1 -0.2 -0.2 0.419106 0.398458 357 149 552 147 363 272 577 272 454 142 5.59948 399 511 3.14159
2.26509 0.30133 0.400745 0 1 -0.2 -0.2 0.419106 0.398458 357 149 552 147 363 272 577 272 454 142 5.59948 399 511 3.14159
2.33176 0.30133 0.400745 0 1 -0.2 -0.2 0.419106 0.398458 357 149 552 147 363 272 577 272 454 142 5.59948 399 511 3.14159
2.39845 0.30133 0.400745 0 1 -0.2 -0.2 0.419106 0.398458 357 149 552 147 363 272 577 272 454 142 5.59948 399 511 3.14159
2.46511 0.30133 0.400745 0 1 -0.2 -0.2 0.419106 0.398458 357 149 552 147 363 272 577 272 454 142 5.59948 399 511 3.14159
2.53175 0.30133 0.400745 0 1 -0.2 -0.2 0.419106 0.398458 357 149 552 147 363 272 577 272 454 142 5.59948 399 511 3.14159
2.59842 0.30133 0.400745 0 1 -0.2 -0.2 0.419106 0.398458 357 149 552 147 363 272 577 272 454 142 5.59948 399 511 3.14159
2.66512 0.30133 0.400745 0 1 -0.2 -0.2 0.419106 0.398458 357 149 552 147 363 272 577 272 454 142 5.59948 399 511 3.14159
2.73175 0.30133 0.400745 0 1 -0.2 -0.2 0.419106 0.398458 357 149 552 147 363 272 577 272 454 142 5.59948 399 511 3.14159
2.79844 0.30133 0.400745 0 1 -0.2 -0.2 0.419106 0.398458 357 149 552 147 363 272 577 272 454 142 5.59948 399 511 3.14159
2.86511 0.30133 0.400745 0 1 -0.2 -0.2 0.419106 0.398458 357 149 552 147 363 272 577 272 454 142 5.59948 399 511 3.14159
2.93176 0.30133 0.400745 0 1 -0.2 -0.2 0.419106 0.398458 357 149 552 147 363 272 577 272 454 142 5.59948 399 511 3.14159
2.99844 0.30133 0.400745 0 1 -0.2 -0.2 0.419106 0.398458 357 149 552 147 363 272 577 272 454 142 5.59948 399 511 3.14159
3.06509 0.30133 0.400745 0 1 -0.2 -0.2 0.419106 0.398458 357 149 552 147 363 272 577 272 454 142 5.59948 399 511 3.14159
3.13177 0.30133 0.400745 0 1 -0.2 -0.2 0.419106 0.398458 357 149 552 147 363 272 577 272 454 142 5.59948 399 511 3.14159
3.19845 0.30133 0.400745 0 1 -0.2 -0.2 0.419106 0.398458 357 149 552 147 363 272 577 272 454 142 5.59948 399 511 3.14159
3.26512 0.30133 0.400745 0 1 -0.2 -0.2 0.419106 0.398458 357 149 552 147 363 272 577 272 454 142 5.59948 399 511 3.14159
3.33175 0.30133 0.400745 0 1 -0.2 -0.2 0.419106 0.398458 357 149 552 147 363 272 577 272 454 142 5.59948 399 511 3.14159
3.39844 0.30133 0.400745 0 1 -0.2 -0.2 0.419106 0.398458 357 149 552 147 363 272 577 272 454 142 5.59948 399 511 3.14159
3.4651 0.30133 0.400745 0 1 -0.2 -0.2 0.419106 0.398458 357 149 552 147 363 272 577 272 454 142 5.59948 399 511 3.14159
3.53175 0.30133 0.400745 0 1 -0.2 -0.2 0.419106 0.398458 357 149 552 147 363 272 577 272 454 142 5.59948 399 511 3.14159
3.5984 0.30133 0.400745 0 1 -0.2 -0.2 0.419106 0.398458 357 149 552 147 363 272 577 272 454 142 5.59948 399 511 3.14159
3.66508 0.30133 0.400745 0 1 -0.2 -0.2 0.419106 0.398458 357 149 552 147 363 272 577 272 454 142 5.59948 399 511 3.14159
3.73175 0.30133 0.400745 0 1 -0.2 -0.2 0.419106 0.398458 357 149 552 147 363 272 577 272 454 142 5.59948 399 511 3.14159
3.79845 0.30133 0.400745 0 1 -0.2 -0.2 0.419106 0.398458 357 149 552 147 363 272 577 272 454 142 5.59948 399 511 3.14159
3.86512 0.30133 0.400745 0 1 -0.2 -0.2 0.419106 0.398458 357 149 552 147 363 272 577 272 454 142 5.59948 399 511 3.14159
3.93177 0.30133 0.400745 0 1 -0.2 -0.2 0.419106 0.398458 357 149 552 147 363 272 577 272 454 142 5.59948 399 511 3.14159
3.99845 0.30133 0.400745 0 1 -0.2 -0.2 0.419106 0.398458 357 149 552 147 363 272 577 272 454 142 5.59948 399 511 3.14159
4.0651 0.30133 0.400745 0 1 -0.2 -0.2 0.419106 0.398458 357 149 552 147 363 272 577 272 454 142 5.59948 399 511 3.14159
4.13178 0.30133 0.400745 0 1 -0.2 -0.2 0.419106 0.398458 357 149 552 147 363 272 577 272 454 142 5.59948 399 511 3.14159
4.19844 0.30133 0.400745 0 1 -0.2 -0.2 0.419106 0.398458 357 149 552 147 363 272 577 272 454 142 5.59948 399 511 3.14159
4.2651 0.30133 0.400745 0 1 -0.2 -0.2 0.419106 0.398458 357 149 552 147 363 272 577 272 454 142 5.59948 399 511 3.14159
4.33178 0.30133 0.400745 0 1 -0.2 -0.2 0.419106 0.398458 357 149 552 147 363 272 577 272 454 142 5.59948 399 511 3.14159
4.39844 0.30133 0.400745 0 1 -0.2 -0.2 0.419106 0.398458 357 149 552 147 363 272 577 272 454 142 5.59948 399 511 3.14159
4.4651 0.30133 0.400745 0 1 -0.2 -0.2 0.419106 0.398458 357 149 552 147 363 272 577 272 454 142 5.59948 399 511 3.14159
4.53175 0.30133 0.400745 0 1 -0.2 -0.2 0.419106 0.398458 357 149 552 147 363 272 577 272 454 142 5.59948 399 511 3.14159
4.5984 0.30133 0.400745 0 1 -0.2 -0.2 0.419106 0.398458 357 149 552 147 363 272 577 272 454 142 5.59948 399 511 3.14159
4.66507 0.30133 0.400745 0 1 -0.2 -0.2 0.419106 0.398458 357 149 552 147 363 272 577 272 454 142 5.59948 399 511 3.14159
4.73174 0.30133 0.400745 0 1 -0.2 -0.2 0.419106 0.398458 357 149 552 147 363 272 577 272 454 142 5.59948 399 511 3.14159
4.7984 0.30133 0.400745 0 1 -0.2 -0.2 0.419106 0.398458 357 149 552 147 363 272 577 272 454 142 5.59948 399 511 3.14159
4.86512 0.30133 0.400745 0 1 -0.2 -0.2 0.419106 0.398458 357 149 552 147 363 272 577 272 454 142 5.59948 399 511 3.14159
4.93178 0.30133 0.400745 0 1 -0.2 -0.2 0.419106 0.398458 357 149 552 147 363 272 577 272 454 142 5.59948 399 511 3.14159
4.99839 0.30133 0.400745 0 1 -0.2 -0.2 0.419106 0.398458 357 149 552 147 363 272 577 272 454 142 5.59948 399 511 3.14159
5.06511 0.30133 0.400745 0 1 -0.2 -0.2 0.419106 0.398458 357 149 552 147 363 272 577 272 454 142 5.59948 399 511 3.14159
5.13178 0.30133 0.400745 0 1 -0.2 -0.2 0.419106 0.398458 357 149 552 147 363 272 577 272 454 142 5.59948 399 511 3.14159
5.19844 0.30133 0.400745 0 1 -0.2 -0.2 0.419106 0.398458 357 149 552 147 363 272 577 272 454 142 5.59948 399 511 3.14159
5.26512 0.30133 0.400745 0 1 -0.2 -0.2 0.419106 0.398458 357 149 552 147 363 272 577 272 454 142 5.59948 399 511 3.14159
5.33175 0.30133 0.400745 0 1 -0.2 -0.2 0.419106 0.398458 357 149 552 147 363 272 577 272 454 142 5.59948 399 511 3.14159
5.39842 0.30133 0.400745 0 1 -0.2 -0.2 0.419106 0.398458 357 149 552 147 363 272 577 272 454 142 5.59948 399 511 3.14159
5.46513 0.30133 0.400745 0 1 -0.2 -0.2 0.419106 0.398458 357 149 552 147 363 272 577 272 454 142 5.59948 399 511 3.14159
5.53178 0.30133 0.400745 0 1 -0.2 -0.2 0.419106 0.398458 357 149 552 147 363 272 577 272 454 142 5.59948 399 511 3.14159
5.59842 0.30133 0.400745 0 1 -0.2 -0.2 0.419106 0.398458 357 149 552 147 363 272 577 272 454 142 5.59948 399 511 3.14159
5.66509 0.30133 0.400745 0 1 -0.2 -0.2 0.419106 0.398458 357 149 552 147 363 272 577 272 454 142 5.59948 399 511 3.14159
5.73175 0.30133 0.400745 0 1 -0.2 -0.2 0.419106 0.398458 357 149 552 147 363 272 577 272 454 142 5.59948 399 511 3.14159
5.79844 0.30133 0.400745 0 1 -0.2 -0.2 0.419106 0.398458 357 149 552 147 363 272 577 272 454 142 5.59948 399 511 3.14159
5.86509 0.30133 0.400745 0 1 -0.2 -0.2 0.419106 0.398458 357 149 552 147 363 272 577 272 454 142 5.59948 399 511 3.14159
5.93178 0.30133 0.400745 0 1 -0.2 -0.2 0.419106 0.398458 357 149 552 147 363 272 577 272 454 142 5.59948 399 511 3.14159
5.99844 0.30133 0.400745 0 1 -0.2 -0.2 0.419106 0.398458 357 149 552 147 363 272 577 272 454 142 5.59948 399 511 3.14159
6.06511 0.30133 0.400745 0 1 -0.2 -0.2 0.419106 0.398458 357 149 552 147 363 272 577 272 454 142 5.59948 399 511 3.14159
6.13176 0.30133 0.400745 0 1 -0.2 -0.2 0.419106 0.398458 357 149 552 147 363 272 577 272 454 142 5.59948 399 511 3.14159
6.19844 0.30133 0.400745 0 1 -0.2 -0.2 0.419106 0.398458 357 149 552 147 363 272 577 272 454 142 5.59948 399 511 3.14159
6.26509 0.30133 0.400745 0 1 -0.2 -0.2 0.419106 0.398458 357 149 552 147 363 272 577 272 454 142 5.59948 399 511 3.14159
6.33175 0.30133 0.400745 0 1 -0.2 -0.2 0.419106 0.398458 357 149 552 147 363 272 577 272 454 142 5.59948 399 511 3.14159
6.39844 0.30133 0.400745 0 1 -0.2 -0.2 0.419106 0.398458 357 149 552 147 363 272 577 272 454 142 5.59948 399 511 3.14159
6.4651 0.30133 0.400745 0 1 -0.2 -0.2 0.419106 0.398458 357 149 552 147 363 272 577 272 454 142 5.59948 399 511 3.14159
6.53178 0.30133 0.400745 0 1 -0.2 -0.2 0.419106 0.398458 357 149 552 147 363 272 577 272 454 142 5.59948 399 511 3.14159
6.59843 0.30133 0.400745 0 1 -0.2 -0.2 0.419106 0.398458 357 149 552 147 363 272 577 272 454 142 5.59948 399 511 3.14159
6.66509 0.30133 0.400745 0 1 -0.2 -0.2 0.419106 0.398458 357 149 552 147 363 272 577 272 454 142 5.59948 399 511 3.14159
6.73176 0.30133 0.400745 0 1 -0.2 -0.2 0.419106 0.398458 357 149 552 147 363 272 577 272 454 142 5.59948 399 511 3.14159
6.79844 0.30133 0.400745 0 1 -0.2 -0.2 0.419106 0.398458 357 149 552 147 363 272 577 272 454 142 5.59948 399 511 3.14159
6.86511 0.30133 0.400745 0 1 -0.2 -0.2 0.419106 0.398458 357 149 552 147 363 272 577 272 454 142 5.59948 399 511 3.14159
6.93172 0.30133 0.400745 0 1 -0.2 -0.2 0.419106 0.398458 357 149 552 147 363 272 577 272 454 142 5.59948 399 511 3.14159
6.9984 0.30133 0.400745 0 1 -0.2 -0.2 0.419106 0.398458 357 149 552 147 363 272 577 272 454 142 5.59948 399 511 3.14159
7.06509 0.30133 0.400745 0 1 -0.2 -0.2 0.419106 0.398458 357 149 552 147 363 272 577 272 454 142 5.59948 399 511 3.14159
7.13172 0.30133 0.400745 0 1 -0.2 -0.2 0.419106 0.398458 357 149 552 147 363 272 577 272 454 142 5.59948 399 511 3.14159
7.19842 0.30133 0.400745 0 1 -0.2 -0.2 0.419106 0.398458 357 149 552 147 363 272 577 272 454 142 5.59948 399 511 3.14159
7.26509 0.30133 0.400745 0 1 -0.2 -0.2 0.419106 0.398458 357 149 552 147 363 272 577 272 454 142 5.59948 399 511 3.14159
7.33175 0.30133 0.400745 0 1 -0.2 -0.2 0.419106 0.398458 357 149 552 147 363 272 577 272 454 142 5.59948 399 511 3.14159
7.39843 0.30133 0.400745 0 1 -0.2 -0.2 0.419106 0.398458 357 149 552 147 363 272 577 272 454 142 5.59948 399 511 3.14159
7.46509 0.30133 0.400745 0 1 -0.2 -0.2 0.419106 0.398458 357 149 552 147 363 272 577 272 454 142 5.59948 399 511 3.14159
7.53178 0.30133 0.400745 0 1 -0.2 -0.2 0.419106 0.398458 357 149 552 147 363 272 577 272 454 142 5.59948 399 511 3.14159
7.59843 0.30133 0.400745 0 1 -0.2 -0.2 0.419106 0.398458 357 149 552 147 363 272 577 272 454 142 5.59948 399 511 3.14159
7.66509 0.30133 0.400745 0 1 -0.2 -0.2 0.419106 0.398458 357 149 552 147 363 272 577 272 454 142 5.59948 399 511 3.14159
7.73177 0.30133 0.400745 0 1 -0.2 -0.2 0.419106 0.398458 357 149 552 147 363 272 577 272 454 142 5.59948 399 511 3.14159
7.79844 0.30133 0.400745 0 1 -0.2 -0.2 0.419106 0.398458 357 149 552 147 363 272 577 272 454 142 5.59948 399 511 3.14159
7.86511 0.30133 0.400745 0 1 -0.2 -0.2 0.419106 0.398458 357 149 552 147 363 272 577 272 454 142 5.59948 399 511 3.14159
7.93177 0.30133 0.400745 0 1 -0.2 -0.2 0.419106 0.398458 357 149 552 147 363 272 577 272 454 142 5.59948 399 511 3.14159
7.99844 0.30133 0.400745 0 1 -0.2 -0.2 0.419106 0.398458 357 149 552 147 363 272 577 272 454 142 5.59948 399 511 3.14159
8.06509 0.30133 0.400745 0 1 -0.2 -0.2 0.419106 0.398458 357 149 552 147 363 272 577 272 454 142 5.59948 399 511 3.14159
8.13177 0.30133 0.400745 0 1 -0.2 -0.2 0.419106 0.398458 357 149 552 147 363 272 577 272 454 142 5.59948 399 511 3.14159
8.19844 0.30133 0.400745 0 1 -0.2 -0.2 0.419106 0.398458 357 149 552 147 363 272 577 272 454 142 5.59948 399 511 3.14159
8.26509 0.30133 0.400745 0 1 -0.2 -0.2 0.419106 0.398458 357 149 552 147 363 272 577 272 454 142 5.59948 399 511 3.14159
8.33178 0.30133 0.400745 0 1 -0.2 -0.2 0.419106 0.398458 357 149 552 147 363 272 577 272 454 142 5.59948 399 511 3.14159
8.39845 0.30133 0.400745 0 1 -0.2 -0.2 0.419106 0.398458 357 149 552 147 363 272 577 272 454 142 5.59948 399 511 3.14159
8.46509 0.30133 0.400745 0 1 -0.2 -0.2 0.419106 0.398458 357 149 552 147 363 272 577 272 454 142 5.59948 399 511 3.14159
8.53178 0.30133 0.400745 0 1 -0.2 -0.2 0.419106 0.398458 357 149 552 147 363 272 577 272 454 142 5.59948 399 511 3.14159
8.59842 0.30133 0.400745 0 1 -0.2 -0.2 0.419106 0.398458 357 149 552 147 363 272 577 272 454 142 5.59948 399 511 3.14159
8.66509 0.30133 0.400745 0 1 -0.2 -0.2 0.419106 0.398458 357 149 552 147 363 272 577 272 454 142 5.59948 399 511 3.14159
8.73177 0.30133 0.400745 0 1 -0.2 -0.2 0.419106 0.398458 357 149 552 147 363 272 577 272 454 142 5.59948 399 511 3.14159
8.79842 0.30133 0.400745 0 1 -0.2 -0.2 0.419106 0.398458 357 149 552 147 363 272 577 272 454 142 5.59948 399 511 3.14159
8.86509 0.30133 0.400745 0 1 -0.2 -0.2 0.419106 0.398458 357 149 552 147 363 272 577 272 454 142 5.59948 399 511 3.14159
8.93175 0.30133 0.400745 0 1 -0.2 -0.2 0.419106 0.398458 357 149 552 147 363 272 577 272 454 142 5.59948 399 511 3.14159
8.99844 0.30133 0.400745 0 1 -0.2 -0.2 0.419106 0.398458 357 149 552 147 363 272 577 272 454 142 5.59948 399 511 3.14159
9.06509 0.30133 0.400745 0 1 -0.2 -0.2 0.419106 0.398458 357 149 552 147 363 272 577 272 454 142 5.59948 399 511 3.14159
9.13174 0.30133 0.400745 0 1 -0.2 -0.2 0.419106 0.398458 357 149 552 147 363 272 577 272 454 142 5.59948 399 511 3.14159
9.19842 0.30133 0.400745 0 1 -0.2 -0.2 0.419106 0.398458 357 149 552 147 363 272 577 272 454 142 5.59948 399 511 3.14159
9.26511 0.30133 0.400745 0 1 -0.2 -0.2 0.419106 0.398458 357 149 552 147 363 272 577 272 454 142 5.59948 399 511 3.14159
9.33172 0.30133 0.400745 0 1 -0.2 -0.2 0.419106 0.398458 357 149 552 147 363 272 577 272 454 142 5.59948 399 511 3.14159
9.39844 0.30133 0.400745 0 1 -0.2 -0.2 0.419106 0.398458 357 149 552 147 363 272 577 272 454 142 5.59948 399 511 3.14159
9.46509 0.30133 0.400745 0 1 -0.2 -0.2 0.419106 0.398458 357 149 552 147 363 272 577 272 454 142 5.59948 399 511 3.14159
9.53178 0.30133 0.400745 0 1 -0.2 -0.2 0.419106 0.398458 357 149 552 147 363 272 577 272 454 142 5.59948 399 511 3.14159
9.59839 0.30133 0.400745 0 1 -0.2 -0.2 0.419106 0.398458 357 149 552 147 363 272 577 272 454 142 5.59948 399 511 3.14159
9.6651 0.30133 0.400745 0 1 -0.2 -0.2 0.419106 0.398458 357 149 552 147 363 272 577 272 454 142 5.59948 399 511 3.14159
9.73176 0.30133 0.400745 0 1 -0.2 -0.2 0.419106 0.398458 357 149 552 147 363 272 577 272 454 142 5.59948 399 511 3.14159
9.79844 0.30133 0.400745 0 1 -0.2 -0.2 0.419106 0.398458 357 149 552 147 363 272 577 272 454 142 5.59948 399 511 3.14159
9.8651 0.30133 0.400745 0 1 -0.2 -0.2 0.419106 0.398458 357 149 552 147 363 272 577 272 454 142 5.59948 399 511 3.14159
9.93172 0.30133 0.400745 0 1 -0.2 -0.2 0.419106 0.398458 357 149 552 147 363 272 577 272 454 142 5.59948 399 511 3.14159
9.99845 0.30133 0.400745 0 1 -0.2 -0.2 0.419106 0.398458 357 149 552 147 363 272 577 272 454 142 5.59948 399 511 3.14159
10.0651 0.30133 0.400745 0 1 -0.2 -0.2 0.419106 0.398458 357 149 552 147 363 272 577 272 454 142 5.59948 399 511 3.14159
10.1318 0.30133 0.400745 0 1 -0.2 -0.2 0.419106 0.398458 357 149 552 147 363 272 577 272 454 142 5.59948 399 511 3.14159
10.1984 0.30133 0.400745 0 1 -0.2 -0.2 0.419106 0.398458 357 149 552 147 363 272 577 272 454 142 5.59948 399 511 3.14159
10.2651 0.30133 0.400745 0 1 -0.2 -0.2 0.419106 0.398458 357 149 552 147 363 272 577 272 454 142 5.59948 399 511 3.14159
10.3318 0.30133 0.400745 0 1 -0.2 -0.2 0.419106 0.398458 357 149 552 147 363 272 577 272 454 142 5.59948 399 511 3.14159
10.3984 0.30133 0.400745 0 1 -0.2 -0.2 0.419106 0.398458 357 149 552 147 363 272 577 272 454 142 5.59948 399 511 3.14159
10.4651 0.30133 0.400745 0 1 -0.2 -0.2 0.419106 0.398458 357 149 552 147 363 272 577 272 454 142 5.59948 399 511 3.14159
10.5317 0.30133 0.400745 0 1 -0.2 -0.2 0.419106 0.398458 357 149 552 147 363 272 577 272 454 142 5.59948 399 511 3.14159
10.5984 0.30133 0.400745 0 1 -0.2 -0.2 0.419106 0.398458 357 149 552 147 363 272 577 272 454 142 5.59948 399 511 3.14159
10.6651 0.30133 0.400745 0 1 -0.2 -0.2 0.419106 0.398458 357 149 552 147 363 272 577 272 454 142 5.59948 399 511 3.14159
10.7318 0.30133 0.400745 0 1 -0.2 -0.2 0.419106 0.398458 357 149 552 147 363 272 577 272 454 142 5.59948 399 511 3.14159
10.7984 0.30133 0.400745 0 1 -0.2 -0.2 0.419106 0.398458 357 149 552 147 363 272 577 272 454 142 5.59948 399 511 3.14159
10.8651 0.30133 0.400745 0 1 -0.2 -0.2 0.419106 0.398458 357 149 552 147 363 272 577 272 454 142 5.59948 399 511 3.14159
10.9318 0.30133 0.400745 0 1 -0.2 -0.2 0.419106 0.398458 357 149 552 147 363 272 577 272 454 142 5.59948 399 511 3.14159
10.9984 0.30133 0.400745 0 1 -0.2 -0.2 0.419106 0.398458 357 149 552 147 363 272 577 272 454 142 5.59948 399 511 3.14159
11.0651 0.30133 0.400745 0 1 -0.2 -0.2 0.419106 0.398458 357 149 552 147 363 272 577 272 454 142 5.59948 399 511 3.14159
11.1317 0.30133 0.400745 0 1 -0.2 -0.2 0.419106 0.398458 357 149 552 147 363 272 577 272 454 142 5.59948 399 511 3.14159
11.1984 0.30133 0.400745 0 1 -0.2 -0.2 0.419106 0.398458 357 149 552 147 363 272 577 272 454 142 5.59948 399 511 3.14159
11.2651 0.30133 0.400745 0 1 -0.2 -0.2 0.419106 0.398458 357 149 552 147 363 272 577 272 454 142 5.59948 399 511 3.14159
11.3318 0.30133 0.400745 0 1 -0.2 -0.2 0.419106 0.398458 357 149 552 147 363 272 577 272 454 142 5.59948 399 511 3.14159
11.3984 0.30133 0.400745 0 1 -0.2 -0.2 0.419106 0.398458 357 149 552 147 363 272 577 272 454 142 5.59948 399 511 3.14159
11.4651 0.30133 0.400745 0 1 -0.2 -0.2 0.419106 0.398458 357 149 552 147 363 272 577 272 454 142 5.59948 399 511 3.14159
11.5318 0.30133 0.400745 0 1 -0.2 -0.2 0.419106 0.398458 357 149 552 147 363 272 577 272 454 142 5.59948 399 511 3.14159
11.5984 0.30133 0.400745 0 1 -0.2 -0.2 0.419106 0.398458 357 149 552 147 363 272 577 272 454 142 5.59948 399 511 3.14159
11.6651 0.30133 0.400745 0 1 -0.2 -0.2 0.419106 0.398458 357 149 552 147 363 272 577 272 454 142 5.59948 399 511 3.14159
11.7317 0.30133 0.400745 0 1 -0.2 -0.2 0.419106 0.398458 357 149 552 147 363 272 577 272 454 142 5.59948 399 511 3.14159
11.7984 0.30133 0.400745 0 1 -0.2 -0.2 0.419106 0.398458 357 149 552 147 363 272 577 272 454 142 5.59948 399 511 3.14159
11.8651 0.30133 0.400745 0 1 -0.2 -0.2 0.419106 0.398458 357 149 552 147 363 272 577 272 454 142 5.59948 399 511 3.14159
11.9317 0.30133 0.400745 0 1 -0.2 -0.2 0.419106 0.398458 357 149 552 147 363 272 577 272 454 142 5.59948 399 511 3.14159
11.9984 0.30133 0.400745 0 1 -0.2 -0.2 0.419106 0.398458 357 149 552 147 363 272 577 272 454 142 5.59948 399 511 3.14159
12.0651 0.30133 0.400745 0 1 -0.2 -0.2 0.419106 0.398458 357 149 552 147 363 272 577 272 454 142 5.59948 399 511 3.14159
12.1317 0.30133 0.400745 0 1 -0.2 -0.2 0.419106 0.398458 357 149 552 147 363 272 577 272 454 142 5.59948 399 511 3.14159
12.1984 0.30133 0.400745 0 1 -0.2 -0.2 0.419106 0.398458 357 149 552 147 363 272 577 272 454 142 5.59948 399 511 3.14159
12.2651 0.30133 0.400745 0 1 -0.2 -0.2 0.419106 0.398458 357 149 552 147 363 272 577 272 454 142 5.59948 399 511 3.14159
12.3317 0.30133 0.400745 0 1 -0.2 -0.2 0.419106 0.398458 357 149 552 147 363 272 577 272 454 142 5.59948 399 511 3.14159
12.3984 0.30133 0.400745 0 1 -0.2 -0.2 0.419106 0.398458 357 149 552 147 363 272 577 272 454 142 5.59948 399 511 3.14159
12.4651 0.30133 0.400745 0 1 -0.2 -0.2 0.419106 0.398458 357 149 552 147 363 272 577 272 454 142 5.59948 399 511 3.14159
12.5317 0.30133 0.400745 0 1 -0.2 -0.2 0.419106 0.398458 357 149 552 147 363 272 577 272 454 142 5.59948 399 511 3.14159
12.5985 0.30133 0.400745 0 1 -0.2 -0.2 0.419106 0.398458 357 149 552 147 363 272 577 272 454 142 5.59948 399 511 3.14159
12.6651 0.30133 0.400745 0 1 -0.2 -0.2 0.419106 0.398458 357 149 552 147 363 272 577 272 454 142 5.59948 399 511 3.14159
12.7318 0.30133 0.400745 0 1 -0.2 -0.2 0.419106 0.398458 357 149 552 147 363 272 577 272 454 142 5.59948 399 511 3.14159
12.7984 0.30133 0.400745 0 1 -0.2 -0.2 0.419106 0.398458 357 149 552 147 363 272 577 272 454 142 5.59948 399 511 3.14159
12.8651 0.30133 0.400745 0 1 -0.2 -0.2 0.419106 0.398458 357 149 552 147 363 272 577 272 454 142 5.59948 399 511 3.14159
12.9317 0.30133 0.400745 0 1 -0.2 -0.2 0.419106 0.398458 357 149 552 147 363 272 577 272 454 142 5.59948 399 511 3.14159
12.9985 0.30133 0.400745 0 1 -0.2 -0.2 0.419106 0.398458 357 149 552 147 363 272 577 272 454 142 5.59948 399 511 3.14159
13.0651 0.30133 0.400745 0 1 -0.2 -0.2 0.419106 0.398458 357 149 552 147 363 272 577 272 454 142 5.59948 399 511 3.14159
13.1318 0.30133 0.400745 0 1 -0.2 -0.2 0.419106 0.398458 357 149 552 147 363 272 577 272 454 142 5.59948 399 511 3.14159
13.1984 0.30133 0.400745 0 1 -0.2 -0.2 0.419106 0.398458 357 149 552 147 363 272 577 272 454 142 5.59948 399 511 3.14159
13.2651 0.30133 0.400745 0 1 -0.2 -0.2 0.419106 0.398458 357 149 552 147 363 272 577 272 454 142 5.59948 399 511 3.14159
13.3318 0.30133 0.400745 0 1 -0.2 -0.2 0.419106 0.398458 357 149 552 147 363 272 577 272 454 142 5.59948 399 511 3.14159
13.3984 0.30133 0.400745 0 1 -0.2 -0.2 0.419106 0.398458 357 149 552 147 363 272 577 272 454 142 5.59948 399 511 3.14159
13.4651 0.30133 0.400745 0 1 -0.2 -0.2 0.419106 0.398458 357 149 552 147 363 272 577 272 454 142 5.59948 399 511 3.14159
13.5318 0.30133 0.400745 0 1 -0.2 -0.2 0.419106 0.398458 357 149 552 147 363 272 577 272 454 142 5.59948 399 511 3.14159
13.5984 0.30133 0.400745 0 1 -0.2 -0.2 0.419106 0.398458 357 149 552 147 363 272 577 272 454 142 5.59948 399 511 3.14159
13.6651 0.30133 0.400745 0 1 -0.2 -0.2 0.419106 0.398458 357 149 552 147 363 272 577 272 454 142 5.59948 399 511 3.14159
13.7317 0.30133 0.400745 0 1 -0.2 -0.2 0.419106 0.398458 357 149 552 147 363 272 577 272 454 142 5.59948 399 511 3.14159
13.7984 0.30133 0.400745 0 1 -0.2 -0.2 0.419106 0.398458 357 149 552 147 363 272 577 272 454 142 5.59948 399 511 3.14159
13.8651 0.30133 0.400745 0 1 -0.2 -0.2 0.419106 0.398458 357 149 552 147 363 272 577 272 454 142 5.59948 399 511 3.14159
13.9318 0.30133 0.400745 0 1 -0.2 -0.2 0.419106 0.398458 357 149 552 147 363 272 577 272 454 142 5.59948 399 511 3.14159
13.9984 0.30133 0.400745 0 1 -0.2 -0.2 0.419106 0.398458 357 149 552 147 363 272 577 272 454 142 5.59948 399 511 3.14159
14.0651 0.30133 0.400745 0 1 -0.2 -0.2 0.419106 0.398458 357 149 552 147 363 272 577 272 454 142 5.59948 399 511 3.14159
14.1318 0.30133 0.400745 0 1 -0.2 -0.2 0.419106 0.398458 357 149 552 147 363 272 577 272 454 142 5.59948 399 511 3.14159
14.1984 0.30133 0.400745 0 1 -0.2 -0.2 0.419106 0.398458 357 149 552 147 363 272 577 272 454 142 5.59948 399 511 3.14159
14.2651 0.30133 0.400745 0 1 -0.2 -0.2 0.419106 0.398458 357 149 552 147 363 272 577 272 454 142 5.59948 399 511 3.14159
14.3317 0.30133 0.400745 0 1 -0.2 -0.2 0.419106 0.398458 357 149 552 147 363 272 577 272 454 142 5.59948 399 511 3.14159
14.3984 0.30133 0.400745 0 1 -0.2 -0.2 0.419106 0.398458 357 149 552 147 363 272 577 272 454 142 5.59948 399 511 3.14159
14.4651 0.30133 0.400745 0 1 -0.2 -0.2 0.419106 0.398458 357 149 552 147 363 272 577 272 454 142 5.59948 399 511 3.14159
14.5318 0.30133 0.400745 0 1 -0.2 -0.2 0.419106 0.398458 357 149 552 147 363 272 577 272 454 142 5.59948 399 511 3.14159
14.5984 0.30133 0.400745 0 1 -0.2 -0.2 0.419106 0.398458 357 149 552 147 363 272 577 272 454 142 5.59948 399 511 3.14159
14.6651 0.30133 0.400745 0 1 -0.2 -0.2 0.419106 0.398458 357 149 552 147 363 272 577 272 454 142 5.59948 399 511 3.14159
14.7318 0.30133 0.400745 0 1 -0.2 -0.2 0.419106 0.398458 357 149 552 147 363 272 577 272 454 142 5.59948 399 511 3.14159
14.7984 0.30133 0.400745 0 1 -0.2 -0.2 0.419106 0.398458 357 149 552 147 363 272 577 272 454 142 5.59948 399 511 3.14159
14.8651 0.30133 0.400745 0 1 -0.2 -0.2 0.419106 0.398458 357 149 552 147 363 272 577 272 454 142 5.59948 399 511 3.14159
14.9318 0.30133 0.400745 0 1 -0.2 -0.2 0.419106 0.398458 357 149 552 147 363 272 577 272 454 142 5.59948 399 511 3.14159
14.9984 0.30133 0.400745 0 1 -0.2 -0.2 0.419106 0.398458 357 149 552 147 363 272 577 272 454 142 5.59948 399 511 3.14159
15.0651 0.30133 0.400745 0 1 -0.2 -0.2 0.419106 0.398458 357 149 552 147 363 272 577 272 454 142 5.59948 399 511 3.14159
15.1317 0.30133 0.400745 0 1 -0.2 -0.2 0.419106 0.398458 357 149 552 147 363 272 577 272 454 142 5.59948 399 511 3.14159
15.1984 0.30133 0.400745 0 1 -0.2 -0.2 0.419106 0.398458 357 149 552 147 363 272 577 272 454 142 5.59948 399 511 3.14159
15.2651 0.30133 0.400745 0 1 -0.2 -0.2 0.419106 0.398458 357 149 552 147 363 272 577 272 454 142 5.59948 399 511 3.14159
15.3317 0.30133 0.400745 0 1 -0.2 -0.2 0.419106 0.398458 357 149 552 147 363 272 577 272 454 142 5.59948 399 511 3.14159
15.3984 0.30133 0.400745 0 1 -0.2 -0.2 0.419106 0.398458 357 149 552 147 363 272 577 272 454 142 5.59948 399 511 3.14159
15.4651 0.30133 0.400745 0 1 -0.2 -0.2 0.419106 0.398458 357 149 552 147 363 272 577 272 454 142 5.59948 399 511 3.14159
15.5318 0.30133 0.400745 0 1 -0.2 -0.2 0.419106 0.398458 357 149 552 147 363 272 577 272 454 142 5.59948 399 511 3.14159
15.5984 0 0 0 0 -0.2 -0.2 0.419106 0.398458 357 149 552 147 363 272 577 272 454 142 5.59948 399 511 3.14159
15.6651 0 0 0 0 -0.2 -0.2 0.419106 0.398458 357 149 552 147 363 272 577 272 454 142 5.59948 399 511 3.14159
15.7317 0 0 0 0 -0.2 -0.2 0.419106 0.398458 357 149 552 147 363 272 577 272 454 142 5.59948 399 511 3.14159
15.7984 0 0 0 0 0 0 0 0 357 149 552 147 363 272 577 272 454 142 5.59948 399 511 3.14159
15.8651 0 0 0 0 0 0 0 0 357 149 552 147 363 272 577 272 454 142 5.59948 399 511 3.14159
15.9318 0 0 0 0 0 0 0 0 357 149 552 147 363 272 577 272 454 142 5.59948 399 511 3.14159
15.9984 0 0 0 0 0 0 0 0 357 149 552 147 363 272 577 272 454 142 5.59948 399 511 3.14159
16.0651 0 0 0 0 0 0 0 0 357 149 552 147 363 272 577 272 454 142 5.59948 399 511 3.14159
16.1318 0 0 0 0 0 0 0 0 357 149 552 147 363 272 577 272 454 142 5.59948 399 511 3.14159
16.1984 0 0 0 0 0 0 0 0 353 150 554 147 361 272 578 271 454 142 5.59948 399 511 3.14159
16.2651 0 0 0 0 0 0 0 0 353 150 554 147 361 272 578 271 454 142 5.59948 399 511 3.18053
16.3318 0 0 0 0 0 0 0 0 353 150 554 147 361 272 578 272 454 142 5.59948 399 511 3.14159
16.3984 0 0 0 0 0 0 0 0 353 150 554 147 361 272 578 272 454 142 5.59948 399 511 3.18053
16.4651 0 0 0 0 0 0 0 0 353 150 554 147 361 272 578 272 454 142 5.59948 399 511 3.14159
16.5318 0 0 0 0 0 0 0 0 352 150 554 147 360 272 578 271 454 142 5.59948 399 511 3.18053
16.5984 0 0 0 0 0 0 0 0 353 150 554 147 361 272 578 272 454 142 5.59948 399 511 3.14159
16.6651 0 0 0 0 0 0 0 0 353 150 554 147 361 272 578 272 454 142 5.59948 399 511 3.14159
16.7318 0 0 0 0 0 0 0 0 353 150 554 147 360 272 578 271 454 142 5.59948 399 511 3.18053
16.7985 0 0 0 0 0 0 0 0 353 149 554 147 361 272 578 272 454 142 5.59948 400 511 3.19283
16.8651 0 0 0 0 0 0 0 0 353 150 554 147 361 272 578 272 454 142 5.59948 399 511 3.14159
16.9318 0 0 0 0 0 0 0 0 353 150 554 147 361 272 578 272 454 142 5.59948 399 511 3.14159
16.9984 0 0 0 0 0 0 0 0 353 150 554 147 361 272 578 272 454 142 5.59948 399 511 3.14159
17.0651 0 0 0 0 0 0 0 0 353 149 554 147 361 272 578 271 454 142 5.59948 399 511 3.14159
17.1317 0 0 0 0 0 0 0 0 353 150 554 147 360 272 578 272 454 142 5.59948 400 511 3.19283
17.1984 0 0 0 0 0 0 0 0 353 149 554 147 361 272 578 272 454 142 5.59948 399 511 3.18053
17.2651 0 0 0 0 0 0 0 0 353 150 554 147 361 272 578 272 454 142 5.59948 399 511 3.18053
17.3317 0 0 0 0 0 0 0 0 353 150 554 147 361 272 578 271 454 142 5.59948 399 511 3.18053
17.3984 0 0 0 0 0 0 0 0 353 150 554 147 361 272 578 271 454 142 5.59948 399 511 3.18004
17.4651 0 0 0 0 0 0 0 0 353 150 554 147 361 272 578 272 454 142 5.59948 399 511 3.18004
17.5317 0 0 0 0 0 0 0 0 353 149 554 147 361 272 578 272 454 142 5.59948 399 511 3.18053
17.5984 0 0 0 0 0 0 0 0 353 149 554 147 360 272 578 272 454 142 5.59948 399 511 3.14159
17.6651 0 0 0 0 0 0 0 0 353 149 554 147 361 272 578 271 454 142 5.59948 399 510 3.15425
17.7317 0 0 0 0 0 0 0 0 352 150 554 147 361 272 578 271 454 142 5.59948 399 511 3.18053
17.7984 0 0 0 0 0 0 0 0 353 150 554 147 361 272 578 271 454 142 5.59948 399 511 3.18053
17.8651 0 0 0 0 0 0 0 0 353 149 554 147 361 272 578 272 454 142 5.59948 399 511 3.14159
17.9317 0 0 0 0 0 0 0 0 353 149 554 147 361 272 578 272 454 142 5.59948 399 511 3.18053
17.9984 0 0 0 0 0 0 0 0 353 150 554 147 361 272 578 272 454 142 5.59948 399 510 3.15425
18.065 0 0 0 0 0 0 0 0 353 150 554 147 361 272 578 271 454 142 5.59948 399 511 3.18053
18.1318 0 0 0 0 0 0 0 0 353 150 554 147 361 272 578 271 454 142 5.59948 399 511 3.18053
18.1984 0 0 0 0 0 0 0 0 353 149 554 147 361 272 578 272 454 142 5.59948 399 511 3.14159
18.2651 0 0 0 0 0 0 0 0 353 149 554 147 361 272 578 272 454 142 5.59948 399 511 3.18004
18.3318 0 0 0 0 0 0 0 0 353 149 554 147 361 272 578 272 454 142 5.59948 399 511 3.14159
18.3984 0 0 0 0 0 0 0 0 353 150 554 147 360 272 577 271 454 142 5.59948 399 512 3.18053
18.4651 0 0 0 0 0 0 0 0 353 151 554 147 360 273 577 271 454 142 5.59948 400 513 3.14159
18.5318 0 0 0 0 0 0 0 0 353 151 764 205 360 273 701 311 454 142 5.59948 399 512 3.16723
18.5984 0.200051 0.330313 0 0 0 0 0 0 353 151 764 205 360 273 705 313 454 142 5.59948 400 513 3.17908
18.6651 0.200051 0.330313 0 0 0 0 0 0 203 215 768 209 360 273 706 312 454 142 5.59948 400 514 3.2048
18.7318 0.200051 0.330056 0 1 0 0 0.320051 0.330313 203 215 768 209 360 273 706 313 511 36 0.340979 400 513 3.18004
18.7984 0.200051 0.330313 0 0 0 0 0.320051 0.330313 202 214 768 208 271 314 706 313 510 59 0.395571 400 512 3.19218
18.8651 0.200051 0.330313 0 0 0 0 0.320051 0.330056 202 213 769 208 271 314 706 314 509 83 0.353997 399 512 3.16723
18.9318 0.200051 0.330313 0 0 0 0 0.320051 0.330313 203 212 768 207 271 315 706 314 509 99 0.249979 400 511 3.19218
18.9984 0.200051 0.330313 0 1 0 0 0.320051 0.330313 202 212 768 207 271 314 706 314 506 99 0.247454 400 511 3.19283
19.0651 0.200051 0.330313 0 1 0 0 0.320051 0.330313 203 212 769 207 271 314 706 314 506 98 0.239966 399 511 3.18053
19.1318 0.200051 0.330313 0 1 0 0 0.320051 0.330313 203 212 768 207 271 314 706 313 502 96 0.195392 399 511 3.14159
19.1984 0.200051 0.330056 2 -3 0 0 0.320051 0.330313 203 212 768 207 271 314 706 313 498 94 0.165149 399 511 3.18053
19.2651 0.200051 0.330056 2 -3 0 0 0.320051 0.330313 202 212 769 207 271 314 706 313 491 94 0.146315 400 511 3.19283
19.3318 0.200051 0.330056 2 -3 0 0 0.320051 0.330056 203 212 768 207 271 314 706 313 490 94 0.111777 399 511 3.18053
19.3984 0.200051 0.330313 2 -4 0 0 0.320051 0.330056 203 212 769 207 271 314 706 314 490 95 0.103792 399 511 3.18053
19.4651 0.200051 0.330313 2 -4 0 0 0.320051 0.330056 202 212 768 207 271 314 706 314 491 96 0.0713075 399 511 3.19218
19.5318 0.200051 0.330313 2 -4 0 0 0.320051 0.330313 203 212 768 207 271 314 706 314 492 97 0.061777 399 511 3.18004
19.5984 0.200051 0.330313 2 0 0 0 0.320051 0.330313 203 212 768 207 271 314 706 314 492 97 0.0412138 399 511 3.12909
19.6651 0.200051 0.330313 2 0 0 0 0.320051 0.330313 203 212 768 207 271 314 706 314 493 97 0.0515008 399 511 3.18053
19.7318 0.200051 0.330313 2 0 0 0 0.320051 0.330313 203 212 769 207 271 314 706 314 495 98 0.0412138 399 511 3.18053
19.7984 0.200051 0.330313 2 0 0 0 0.320051 0.330313 203 212 768 207 271 314 706 313 495 98 0.0306027 399 511 3.18053
19.8651 0.200051 0.330313 2 0 0 0 0.320051 0.330313 203 212 768 207 271 314 706 314 494 99 0.0509762 399 511 3.18053
19.9318 0.200051 0.330313 2 2 0 0 0.320051 0.330313 203 212 768 207 271 314 706 314 493 100 0.0509762 399 511 3.18053
19.9984 0.200051 0.330313 2 2 0 0 0.320051 0.330313 203 212 768 207 271 314 706 313 494 100 0.0412138 399 511 3.18053
20.0651 0.200051 0.330313 2 2 0 0 0.320051 0.330313 203 212 768 207 271 314 706 314 493 100 0.0407937 399 511 3.18053
20.1318 0.200051 0.330313 2 -4 0 0 0.320051 0.330313 203 212 768 207 271 314 706 314 493 100 0.0412138 399 511 3.18053
20.1984 0.200051 0.330313 2 -4 0 0 0.320051 0.330313 203 212 769 207 271 314 706 314 493 100 0.0412138 399 511 3.18053
20.2651 0.200051 0.330313 2 -4 0 0 0.320051 0.330313 203 212 768 207 271 314 706 314 493 100 0.0509762 399 511 3.18053
20.3318 0.200051 0.330056 2 0 0 0 0.320051 0.330313 203 212 768 207 271 314 706 313 493 100 0.0509762 399 511 3.18053
20.3984 0.200051 0.330056 2 0 0 0 0.320051 0.330313 203 212 768 207 271 314 706 314 493 100 0.0407937 399 511 3.19218
20.4651 0.200051 0.330056 2 0 0 0 0.320051 0.330056 203 212 768 207 271 314 706 314 493 100 0.0509762 399 511 3.18053
20.5318 0.200051 0.330056 2 0 0 0 0.320051 0.330056 203 212 768 207 271 314 706 314 493 100 0.0412138 399 511 3.14159
20.5984 0.200051 0.330056 2 0 0 0 0.320051 0.330056 203 212 768 207 271 314 706 314 493 100 0.0509762 400 511 3.19283
20.6651 0.200051 0.330056 2 0 0 0 0.320051 0.330056 203 212 768 207 271 314 706 314 493 100 0.0509762 399 511 3.18053
20.7318 0.199794 0.330313 2 0 0 0 0.320051 0.330056 203 212 768 207 271 314 706 314 493 100 0.0509762 399 511 3.18053
20.7984 0.199794 0.330313 2 0 0 0 0.320051 0.330056 203 212 768 207 271 314 706 314 493 100 0.0407937 399 511 3.18004
20.8651 0.199794 0.330313 2 0 0 0 0.319794 0.330313 203 212 768 207 271 314 706 314 493 100 0.0509762 399 511 3.18053
20.9318 0.200051 0.330313 2 0 0 0 0.319794 0.330313 203 212 768 207 271 314 706 314 493 100 0.0407937 399 510 3.15425
20.9984 0.200051 0.330313 2 0 0 0 0.319794 0.330313 203 212 768 207 271 314 706 314 493 100 0.0407937 399 511 3.18053
21.0651 0.200051 0.330313 2 0 0 0 0.320051 0.330313 203 212 768 207 271 314 706 314 493 100 0.0509762 399 511 3.18004
21.1317 0.200051 0.330056 2 3 0 0 0.320051 0.330313 203 212 768 207 271 314 706 313 493 100 0.0509762 399 511 3.18053
21.1984 0.200051 0.330056 2 3 0 0 0.320051 0.330313 203 212 768 207 271 314 706 314 493 100 0.0509762 399 511 3.18053
21.2651 0.200051 0.330056 2 3 0 0 0.320051 0.330056 202 212 768 207 271 314 706 314 493 100 0.0509762 399 511 3.18004
21.3318 0.200051 0.330313 2 2 0 0 0.320051 0.330056 203 212 768 207 271 314 706 313 493 100 0.0509762 399 511 3.18053
21.3984 0.200051 0.330313 2 2 0 0 0.320051 0.330056 203 212 768 207 271 314 706 313 493 100 0.0509762 399 511 3.18053
21.4651 0.200051 0.330313 2 0 0 0 0.320051 0.330313 203 212 768 207 271 314 706 314 493 100 0.0407937 399 511 3.18053
21.5317 0.200051 0.330313 2 0 0 0 0.320051 0.330313 203 212 768 207 271 315 706 314 493 100 0.0509762 399 511 3.18053
21.5984 0.200051 0.330313 2 0 0 0 0.320051 0.330313 203 212 768 207 271 315 706 314 493 100 0.0509762 399 511 3.18053
21.6651 0.200051 0.330313 2 0 0 0 0.320051 0.330313 203 212 768 207 271 314 706 314 493 100 0.0407937 399 511 3.18053
21.7317 0.200051 0.330313 2 0 0 0 0.320051 0.330313 203 212 768 207 271 314 706 313 493 100 0.0509762 399 511 3.18053
21.7984 0.200051 0.330313 2 0 0 0 0.320051 0.330313 203 212 768 207 271 314 706 314 493 100 0.0509762 399 511 3.18053
21.8651 0.200051 0.330313 2 2 0 0 0.320051 0.330313 203 212 768 207 271 314 706 314 493 100 0.0509762 399 511 3.18004
21.9318 0.200051 0.330313 2 2 0 0 0.320051 0.330313 203 212 768 207 271 314 706 314 493 100 0.0509762 399 511 3.18004
21.9984 0.200051 0.330313 2 2 0 0 0.320051 0.330313 203 212 768 207 271 314 706 314 493 100 0.0509762 399 511 3.18053
22.0651 0.200051 0.330313 2 0 0 0 0.320051 0.330313 203 212 768 207 271 314 706 314 493 100 0.0509762 399 511 3.18004
22.1318 0.200051 0.330313 2 0 0 0 0.320051 0.330313 203 212 768 207 271 314 706 314 493 100 0.0407937 399 511 3.18053
22.1984 0.200051 0.330313 2 0 0 0 0.320051 0.330313 203 212 768 207 271 314 706 314 493 100 0.0509762 399 511 3.18004
22.2651 0.199794 0.330313 2 0 0 0 0.320051 0.330313 203 212 768 207 271 314 706 314 493 100 0.0509762 399 511 3.18004
22.3318 0.199794 0.330313 2 0 0 0 0.320051 0.330313 203 212 768 207 271 314 706 314 493 100 0.0407937 399 511 3.18004
22.3984 0.199794 0.330313 2 0 0 0 0.319794 0.330313 203 212 768 207 271 314 706 314 493 100 0.0509762 399 511 3.18053
22.4651 0.200051 0.330313 2 0 0 0 0.319794 0.330313 203 212 768 207 271 314 706 314 493 100 0.0407937 399 511 3.18053
22.5318 0.200051 0.330313 2 0 0 0 0.319794 0.330313 203 212 768 207 271 314 706 314 493 100 0.0407937 399 511 3.18053
22.5984 0.200051 0.330313 2 0 0 0 0.320051 0.330313 203 212 768 207 271 314 706 314 493 100 0.0509762 399 511 3.14159
22.6651 0.200051 0.330313 2 0 0 0 0.320051 0.330313 203 212 768 207 271 314 706 314 493 100 0.0509762 399 511 3.14159
22.7318 0.200051 0.330313 2 0 0 0 0.320051 0.330313 203 212 768 207 271 314 706 314 493 100 0.0407937 400 511 3.19283
22.7984 0.200051 0.330313 2 0 0 0 0.320051 0.330313 203 212 768 207 271 314 706 314 493 100 0.0407937 399 510 3.15425
22.8651 0.200051 0.330313 2 0 0 0 0.320051 0.330313 203 212 768 207 271 314 706 314 493 100 0.0407937 399 511 3.18004
22.9318 0.200051 0.330313 2 0 0 0 0.320051 0.330313 203 212 768 207 271 315 706 314 493 100 0.0509762 399 511 3.18053
22.9984 0.200051 0.330313 2 0 0 0 0.320051 0.330313 203 212 768 207 271 315 706 314 493 100 0.0509762 399 511 3.14159
23.0651 0.200051 0.330056 2 0 0 0 0.320051 0.330313 203 212 768 207 271 315 706 313 493 100 0.0509762 399 511 3.19218
23.1318 0.200051 0.330056 2 0 0 0 0.320051 0.330056 203 212 768 207 271 315 706 314 493 100 0.0509762 399 511 3.14159
23.1984 0.200051 0.330313 2 0 0 0 0.320051 0.330056 203 212 768 207 271 315 706 314 493 100 0.0509762 399 511 3.18004
23.2651 0.200051 0.330313 2 0 0 0 0.320051 0.330056 203 212 768 207 271 314 706 314 493 100 0.0407937 399 511 3.18053
23.3317 0.200051 0.330313 2 0 0 0 0.320051 0.330313 203 212 768 207 271 314 706 314 493 100 0.0509762 399 511 3.18053
23.3984 0.200051 0.330313 2 0 0 0 0.320051 0.330313 203 212 768 207 271 314 706 314 493 100 0.0509762 399 511 3.18053
23.4651 0.200051 0.330313 2 0 0 0 0.320051 0.330313 202 212 768 207 271 314 706 314 493 100 0.0509762 399 511 3.18004
23.5318 0.200051 0.330313 2 0 0 0 0.320051 0.330313 203 212 768 207 271 314 706 314 493 100 0.0509762 399 511 3.14159
23.5984 0.200051 0.330313 2 0 0 0 0.320051 0.330313 203 212 768 207 271 314 706 314 493 100 0.0509762 399 511 3.12909
23.6651 0.200051 0.330313 2 0 0 0 0.320051 0.330313 203 212 768 207 271 314 706 314 493 100 0.0509762 400 511 3.19283
23.7317 0.200051 0.330313 2 0 0 0 0.320051 0.330313 203 212 768 207 271 314 706 314 493 100 0.0407937 399 510 3.15425
23.7984 0.200051 0.330313 2 -8 0 0 0.320051 0.330313 203 212 768 207 271 314 706 314 493 100 0.0509762 399 511 3.18053
23.8651 0.200051 0.330313 2 -8 0 0 0.320051 0.330313 203 212 768 207 271 314 706 314 493 100 0.0509762 400 511 3.19283
23.9318 0.200051 0.330313 2 -8 0 0 0.320051 0.330313 203 212 768 207 271 315 706 314 493 100 0.0509762 399 511 3.18053
23.9984 0.200051 0.330313 2 -2 0 0 0.320051 0.330313 203 212 768 207 271 315 706 314 493 100 0.0407937 399 511 3.18053
24.0651 0.200051 0.330313 2 -2 0 0 0.320051 0.330313 203 212 768 207 271 314 706 314 493 100 0.0509762 399 511 3.14159
24.1317 0.200051 0.330313 2 -2 0 0 0.320051 0.330313 203 212 768 207 271 314 706 314 493 100 0.0407937 399 511 3.12909
24.1984 0.200051 0.330313 2 0 0 0 0.320051 0.330313 202 212 768 207 271 315 706 314 493 100 0.0509762 399 511 3.18053
24.2651 0.200051 0.330313 2 0 0 0 0.320051 0.330313 203 212 768 207 271 314 706 314 493 100 0.0509762 399 511 3.18053
24.3318 0.200051 0.330313 2 0 0 0 0.320051 0.330313 202 212 768 207 271 314 706 314 493 100 0.0407937 399 511 3.18053
24.3984 0.200051 0.330313 2 0 0 0 0.320051 0.330313 203 212 768 207 271 314 706 314 493 100 0.0509762 399 510 3.15425
24.4651 0.200051 0.330313 2 0 0 0 0.320051 0.330313 203 212 768 207 271 314 706 314 493 100 0.0407937 399 511 3.18053
24.5318 0.200051 0.330313 2 0 0 0 0.320051 0.330313 203 212 768 207 271 314 706 314 493 100 0.0509762 399 511 3.18053
24.5984 0.200051 0.330313 2 0 0 0 0.320051 0.330313 203 212 768 207 271 314 706 314 493 100 0.0509762 399 511 3.18053
24.6651 0.200051 0.330313 2 0 0 0 0.320051 0.330313 203 212 768 207 271 314 706 314 493 100 0.0407937 399 511 3.18053
24.7318 0.200051 0.330313 2 0 0 0 0.320051 0.330313 203 212 768 207 271 314 706 314 493 100 0.0509762 399 511 3.18004
24.7984 0.200051 0.330313 2 0 0 0 0.320051 0.330313 203 212 768 207 271 314 706 314 493 100 0.0407937 399 511 3.18053
24.8651 0.200051 0.330313 2 0 0 0 0.320051 0.330313 203 212 768 207 271 315 706 314 493 100 0.0509762 399 511 3.18004
24.9318 0.200051 0.330313 2 0 0 0 0.320051 0.330313 203 212 768 207 271 315 706 314 493 100 0.0509762 399 511 3.18053
24.9984 0.200051 0.330313 2 0 0 0 0.320051 0.330313 203 212 768 207 271 315 706 314 493 100 0.0407937 399 511 3.18053
25.0651 0.200051 0.330313 2 0 0 0 0.320051 0.330313 203 212 768 207 271 315 706 314 493 100 0.0509762 399 511 3.18004
25.1318 0.200051 0.330313 2 0 0 0 0.320051 0.330313 203 212 768 207 271 315 706 314 493 100 0.0407937 399 511 3.18004
25.1984 0.200051 0.330313 2 0 0 0 0.320051 0.330313 203 212 768 207 271 315 706 314 493 100 0.0509762 399 511 3.18053
25.2651 0.200051 0.330313 2 0 0 0 0.320051 0.330313 203 212 768 207 271 315 706 314 493 100 0.0407937 399 511 3.12909
25.3318 0.200051 0.330313 2 0 0 0 0.320051 0.330313 203 212 768 207 271 315 706 314 493 100 0.0509762 399 511 3.18053
25.3984 0.200051 0.330313 2 0 0 0 0.320051 0.330313 203 212 768 207 271 314 706 314 493 100 0.0407937 399 511 3.18004
25.4651 0.200051 0.330313 2 0 0 0 0.320051 0.330313 203 212 768 207 271 314 706 314 493 100 0.0407937 399 511 3.18004
25.5317 0.200051 0.330313 2 0 0 0 0.320051 0.330313 203 212 768 207 271 315 706 314 493 100 0.0509762 399 511 3.18004
25.5984 0.200051 0.330313 2 0 0 0 0.320051 0.330313 203 212 768 207 271 314 706 314 493 100 0.0509762 399 511 3.12909
25.6651 0.200051 0.330313 2 0 0 0 0.320051 0.330313 203 212 768 207 271 314 706 314 493 100 0.0509762 399 511 3.18004
25.7318 0.200051 0.330313 2 0 0 0 0.320051 0.330313 203 212 768 207 271 314 706 314 493 100 0.0509762 399 511 3.18053
25.7984 0.200051 0.330313 2 0 0 0 0.320051 0.330313 203 212 768 207 271 314 706 314 493 100 0.0509762 399 511 3.18053
25.8651 0.200051 0.330313 2 0 0 0 0.320051 0.330313 203 212 768 207 271 314 706 314 493 100 0.0407937 399 511 3.14159
25.9318 0.200051 0.330313 2 0 0 0 0.320051 0.330313 203 212 768 207 271 314 706 313 493 100 0.0509762 399 511 3.14159
25.9984 0.200051 0.330313 2 0 0 0 0.320051 0.330313 203 212 768 207 271 314 706 314 493 100 0.0407937 399 511 3.18004
26.0651 0.200051 0.330313 2 0 0 0 0.320051 0.330313 203 212 768 207 271 315 706 314 493 100 0.0509762 399 511 3.18004
26.1318 0.200051 0.330313 2 0 0 0 0.320051 0.330313 203 212 768 207 271 315 706 314 493 100 0.0407937 399 510 3.15425
26.1984 0.200051 0.330313 2 0 0 0 0.320051 0.330313 203 212 768 207 271 314 706 314 493 100 0.0407937 399 510 3.15425
26.2651 0.200051 0.330313 2 0 0 0 0.320051 0.330313 203 212 768 207 271 314 706 314 493 100 0.0407937 399 511 3.18053
26.3318 0.200051 0.330313 2 0 0 0 0.320051 0.330313 203 212 768 207 271 314 706 313 493 100 0.0407937 399 511 3.14159
26.3984 0.200051 0.330313 2 0 0 0 0.320051 0.330313 203 212 768 207 271 314 706 314 493 100 0.0407937 399 511 3.14159
26.4651 0.200051 0.330313 2 0 0 0 0.320051 0.330313 203 212 768 207 271 314 706 314 493 100 0.0407937 400 511 3.19283
26.5318 0.200051 0.330313 2 0 0 0 0.320051 0.330313 203 212 768 207 271 314 706 314 493 100 0.0407937 399 511 3.18053
26.5984 0.200051 0.330313 2 0 0 0 0.320051 0.330313 203 212 768 207 271 314 706 314 493 100 0.0509762 400 511 3.19283
26.6651 0.200051 0.330313 2 0 0 0 0.320051 0.330313 203 212 768 207 271 314 706 314 493 100 0.0509762 399 511 3.18004
26.7318 0.200051 0.330313 2 0 0 0 0.320051 0.330313 203 212 768 207 271 314 706 314 493 100 0.0509762 400 511 3.19283
26.7984 0.200051 0.330313 2 0 0 0 0.320051 0.330313 203 212 768 207 271 314 706 314 493 100 0.0407937 399 510 3.15425
26.8651 0.200051 0.330313 2 0 0 0 0.320051 0.330313 203 212 768 207 271 314 706 314 493 100 0.0509762 399 511 3.14159
26.9318 0.200051 0.330313 2 0 0 0 0.320051 0.330313 203 212 768 207 271 314 706 314 493 100 0.0509762 399 511 3.14159
26.9984 0.200051 0.330313 2 0 0 0 0.320051 0.330313 203 212 768 207 271 314 706 314 493 100 0.0407937 399 511 3.18004
27.0651 0.200051 0.330313 2 0 0 0 0.320051 0.330313 203 212 768 207 271 314 706 314 493 100 0.0509762 399 511 3.18053
27.1318 0.200051 0.330313 2 0 0 0 0.320051 0.330313 202 212 768 207 271 315 706 314 493 100 0.0509762 399 511 3.18053
27.1984 0.200051 0.330313 2 0 0 0 0.320051 0.330313 203 212 768 207 271 314 706 314 493 100 0.0509762 399 511 3.18004
27.2651 0.200051 0.330313 2 -1 0 0 0.320051 0.330313 203 212 768 207 271 314 706 314 493 100 0.0509762 399 511 3.18004
27.3318 0.200051 0.330313 2 -1 0 0 0.320051 0.330313 203 212 768 207 271 314 706 314 493 100 0.0407937 399 511 3.18053
27.3984 0.200051 0.330313 2 -1 0 0 0.320051 0.330313 203 212 768 207 271 314 706 314 493 100 0.0407937 399 511 3.18053
27.4651 0.200051 0.330313 2 0 0 0 0.320051 0.330313 203 212 768 207 271 314 706 314 493 100 0.0509762 399 511 3.14159
27.5317 0.200051 0.330313 2 0 0 0 0.320051 0.330313 203 212 768 207 271 314 706 314 493 100 0.0509762 399 511 3.18053
27.5984 0.200051 0.330313 2 0 0 0 0.320051 0.330313 203 212 768 207 271 314 706 314 493 100 0.0407937 399 511 3.18053
27.6651 0.200051 0.330313 2 0 0 0 0.320051 0.330313 203 212 768 207 271 314 706 313 493 100 0.0509762 399 511 3.18053
27.7317 0.200051 0.330313 2 0 0 0 0.320051 0.330313 203 212 768 207 271 314 706 314 493 100 0.0509762 399 511 3.18053
27.7984 0.200051 0.330313 2 0 0 0 0.320051 0.330313 203 212 768 207 271 315 706 314 493 100 0.0407937 399 511 3.18053
27.8651 0.200051 0.330313 2 0 0 0 0.320051 0.330313 203 212 768 207 271 315 706 313 493 100 0.0509762 399 511 3.18004
27.9317 0.200051 0.330313 2 0 0 0 0.320051 0.330313 203 212 768 207 271 314 706 314 493 100 0.0407937 399 511 3.14159
27.9984 0.200051 0.330313 2 0 0 0 0.320051 0.330313 203 212 768 207 271 315 706 313 493 100 0.0407937 399 511 3.18053
28.0651 0.200051 0.330313 2 0 0 0 0.320051 0.330313 203 212 768 207 271 314 706 314 493 100 0.0509762 399 511 3.18053
28.1318 0.200051 0.330313 2 0 0 0 0.320051 0.330313 203 212 768 207 271 314 706 314 493 100 0.0407937 399 511 3.18004
28.1984 0.200051 0.330313 2 0 0 0 0.320051 0.330313 203 212 768 207 271 314 706 314 493 100 0.0509762 399 511 3.18004
28.2651 0.200051 0.330313 2 0 0 0 0.320051 0.330313 203 212 768 207 271 315 706 314 493 100 0.0509762 400 511 3.19283
28.3318 0.200051 0.330313 2 0 0 0 0.320051 0.330313 203 212 768 207 271 315 706 313 493 100 0.0407937 399 511 3.18053
28.3984 0.200051 0.330313 2 0 0 0 0.320051 0.330313 203 212 768 207 271 315 706 314 493 100 0.0509762 399 511 3.18004
28.4651 0.200051 0.330313 2 0 0 0 0.320051 0.330313 203 212 768 207 271 315 706 314 493 100 0.0407937 399 511 3.18053
28.5318 0.200051 0.330313 2 0 0 0 0.320051 0.330313 203 212 768 207 271 314 706 314 493 100 0.0509762 399 511 3.18004
28.5985 0.200051 0.330313 2 0 0 0 0.320051 0.330313 203 212 768 207 271 314 706 314 493 100 0.0407937 399 511 3.18004
28.6651 0.200051 0.330313 2 0 0 0 0.320051 0.330313 203 212 768 207 271 314 706 314 493 100 0.0407937 399 511 3.18053
28.7317 0.200051 0.330313 2 0 0 0 0.320051 0.330313 203 212 768 207 271 314 706 314 493 100 0.0509762 399 511 3.18053
28.7984 0.200051 0.330313 2 0 0 0 0.320051 0.330313 203 212 768 207 271 314 706 314 493 100 0.0407937 399 511 3.18004
28.8651 0.200051 0.330313 2 0 0 0 0.320051 0.330313 203 212 768 207 271 314 706 314 493 100 0.0509762 399 511 3.18053
28.9318 0.200051 0.330313 2 0 0 0 0.320051 0.330313 203 212 768 207 271 315 706 314 493 100 0.0407937 399 511 3.18053
28.9984 0.200051 0.330313 2 0 0 0 0.320051 0.330313 203 212 768 207 271 315 706 314 493 100 0.0509762 399 511 3.18004
29.0651 0.200051 0.330313 2 0 0 0 0.320051 0.330313 203 212 768 207 271 315 706 314 493 100 0.0509762 399 511 3.18004
29.1318 0.200051 0.330313 2 0 0 0 0.320051 0.330313 203 212 768 207 271 314 706 314 493 100 0.0407937 399 511 3.18053
29.1984 0.200051 0.330313 2 0 0 0 0.320051 0.330313 203 212 768 207 271 314 706 313 493 100 0.0509762 399 511 3.14159
29.2651 0.200051 0.330313 2 0 0 0 0.320051 0.330313 203 212 768 207 271 314 706 314 493 100 0.0407937 399 511 3.12909
29.3318 0.200051 0.330313 2 0 0 0 0.320051 0.330313 203 212 768 207 271 314 706 314 493 100 0.0407937 399 511 3.19218
29.3984 0.200051 0.330313 2 0 0 0 0.320051 0.330313 203 212 768 207 271 314 706 314 493 100 0.0509762 399 511 3.18053
29.4651 0.200051 0.330313 2 0 0 0 0.320051 0.330313 203 212 768 207 271 314 706 314 493 100 0.0509762 399 511 3.18053
29.5318 0.200051 0.330313 2 0 0 0 0.320051 0.330313 203 212 768 207 271 314 706 314 493 100 0.0407937 399 511 3.18053
29.5984 0.200051 0.330313 2 0 0 0 0.320051 0.330313 203 212 768 207 271 314 706 314 493 100 0.0407937 399 511 3.18053
29.6651 0.200051 0.330313 2 0 0 0 0.320051 0.330313 203 212 768 207 271 314 706 314 493 100 0.0407937 399 511 3.18053
29.7318 0.200051 0.330313 2 0 0 0 0.320051 0.330313 203 212 768 207 271 314 706 314 493 100 0.0407937 399 511 3.18053
29.7984 0.200051 0.330313 2 0 0 0 0.320051 0.330313 203 212 768 207 271 314 706 314 493 100 0.0509762 399 511 3.18053
29.8651 0.200051 0.330313 2 0 0 0 0.320051 0.330313 203 212 768 207 271 314 706 313 493 100 0.0509762 399 511 3.18004
29.9317 0.200051 0.330313 2 0 0 0 0.320051 0.330313 203 212 768 207 271 314 706 314 493 100 0.0407937 399 511 3.18004
29.9984 0.200051 0.330313 2 0 0 0 0.320051 0.330313 203 212 768 207 271 314 706 314 493 100 0.0509762 399 511 3.18053
30.0651 0.200051 0.330313 2 0 0 0 0.320051 0.330313 203 212 768 207 271 314 706 313 493 100 0.0509762 399 511 3.18053
30.1318 0.200051 0.330313 2 0 0 0 0.320051 0.330313 203 212 768 207 271 314 706 314 493 100 0.0509762 399 510 3.15425
30.1984 0.200051 0.330313 2 0 0 0 0.320051 0.330313 202 212 768 207 271 314 706 314 493 100 0.0509762 399 511 3.18004
30.2651 0.200051 0.330313 2 0 0 0 0.320051 0.330313 203 212 768 207 271 314 706 314 493 100 0.0509762 399 511 3.18004
30.3318 0.200051 0.330313 2 0 0 0 0.320051 0.330313 203 212 768 207 271 314 706 314 493 100 0.0407937 399 511 3.18004
30.3984 0.200051 0.330313 2 0 0 0 0.320051 0.330313 203 212 768 207 271 314 706 314 493 100 0.0509762 399 511 3.18004
30.4651 0.200051 0.330313 2 0 0 0 0.320051 0.330313 203 212 768 207 271 314 706 314 493 100 0.0509762 399 511 3.18004
30.5317 0.200051 0.330313 2 0 0 0 0.320051 0.330313 203 212 768 207 271 314 706 314 493 100 0.0509762 399 511 3.18053
30.5984 0.200051 0.330313 2 0 0 0 0.320051 0.330313 203 212 768 207 271 314 706 314 493 100 0.0407937 399 511 3.18004
30.6651 0.200051 0.330313 2 0 0 0 0.320051 0.330313 203 212 768 207 271 314 706 314 493 100 0.0407937 399 510 3.15425
30.7318 0.200051 0.330313 2 0 0 0 0.320051 0.330313 203 212 768 207 271 314 706 314 493 100 0.0407937 399 511 3.18053
30.7984 0.200051 0.330313 2 0 0 0 0.320051 0.330313 203 212 768 207 271 314 706 314 493 100 0.0407937 399 511 3.18053
30.8651 0.200051 0.330313 2 0 0 0 0.320051 0.330313 203 212 768 207 271 314 706 314 493 100 0.0407937 399 511 3.18004
30.9317 0.200051 0.330313 2 0 0 0 0.320051 0.330313 203 212 768 207 271 314 706 314 493 100 0.0509762 399 511 3.18053
30.9984 0.200051 0.330313 2 0 0 0 0.320051 0.330313 203 212 768 207 271 314 706 313 493 100 0.0407937 399 511 3.18004
31.0651 0.200051 0.330313 2 0 0 0 0.320051 0.330313 203 212 768 207 271 314 706 314 493 100 0.0509762 399 511 3.18053
31.1318 0.200051 0.330313 2 0 0 0 0.330051 0.340313 203 212 768 207 271 314 706 313 493 100 0.0407937 399 511 3.18053
31.1984 0.200051 0.330313 2 0 0 0 0.330051 0.340313 203 212 768 207 271 314 706 314 493 100 0.0407937 399 511 3.18053
31.2651 0.200051 0.330313 2 0 0 0 0.330051 0.340313 203 212 768 207 271 314 706 313 493 100 0.0407937 399 511 3.18004
31.3317 0.200051 0.330313 2 0 0 0 0.330051 0.340313 203 212 768 207 271 315 706 313 493 100 0.0509762 399 511 3.18053
31.3984 0.200051 0.330313 2 0 0 0 0.330051 0.340313 203 212 768 207 271 314 704 313 493 100 0.0407937 399 510 3.14159
31.4651 0.200051 0.330313 2 0 0 0 0.330051 0.340313 203 212 753 195 271 315 697 307 493 100 0.0509762 400 510 3.14159
31.5318 0.200051 0.330313 2 0 0 0 0.330051 0.340313 203 211 751 194 271 315 695 306 493 100 0.0407937 400 510 3.18004
31.5984 0.200051 0.330313 2 0 0 0 0.340051 0.350313 203 211 751 194 271 315 695 305 493 100 0.0515008 399 511 3.16723
31.6651 0.209562 0.330313 7 -10 0 0 0.340051 0.350313 203 211 751 194 271 315 695 305 493 100 0.0515008 399 511 3.16723
31.7318 0.209562 0.330313 7 -10 0 0 0.340051 0.350313 217 201 751 194 280 307 695 305 493 100 0.0407937 400 510 3.14159
31.7984 0.209562 0.330313 7 -10 0 0 0.340051 0.350313 218 201 751 194 280 307 695 305 493 100 0.0407937 400 510 3.14159
31.8651 0.209562 0.330313 7 -10 0 0 0.340051 0.350313 218 201 751 194 280 307 695 305 493 100 0.0407937 399 510 3.14159
31.9317 0.209562 0.330313 7 -10 0 0 0.340051 0.350313 218 201 734 184 280 307 685 298 493 100 0.0407937 399 511 3.18053
31.9984 0.209562 0.340081 1 -4 0 0 0.340051 0.350313 218 201 732 183 280 307 683 298 493 100 0.0515008 399 511 3.18053
32.0651 0.209562 0.340081 1 -4 0 0 0.350051 0.360313 218 201 731 183 280 307 684 297 493 100 0.0515008 399 511 3.18053
32.1318 0.209562 0.340081 1 -4 0 0 0.350051 0.360313 222 199 731 183 286 302 684 297 493 100 0.0407937 399 511 3.18053
32.1984 0.209562 0.340081 1 -4 0 0 0.350051 0.360313 237 190 731 183 291 299 684 297 493 100 0.0407937 399 511 3.18053
32.2651 0.21933 0.348564 9 -9 0 0 0.350051 0.360313 239 188 731 183 292 299 683 298 493 100 0.0509762 399 511 3.18053
32.3317 0.21933 0.348564 9 -9 0 0 0.350051 0.360313 239 188 731 183 292 299 683 298 493 100 0.0509762 399 511 3.18053
32.3984 0.21933 0.348564 9 -9 0 0 0.350051 0.360313 239 188 720 176 292 299 674 293 493 100 0.0509762 399 511 3.1669
32.4651 0.21933 0.348564 9 -9 0 0 0.350051 0.360313 239 188 720 176 292 299 674 293 493 100 0.0509762 399 511 3.1669
32.5317 0.227813 0.349849 7 0 0 0 0.350051 0.360313 239 188 713 173 292 300 673 293 493 99 0.0306027 399 511 3.17955
32.5984 0.227813 0.349849 7 0 0 0 0.360051 0.370313 239 188 712 172 294 298 673 292 493 99 0.0306027 399 511 3.1669
32.6651 0.227813 0.349849 7 0 0 0 0.360051 0.370313 257 178 712 172 303 293 673 293 493 99 0.0407937 399 511 3.1669
32.7317 0.227813 0.349849 7 0 0 0 0.360051 0.370313 260 176 712 172 305 292 673 292 493 100 0.0407937 399 511 3.16723
32.7984 0.227813 0.349849 7 0 0 0 0.360051 0.370313 261 176 712 172 305 292 673 292 493 100 0.0509762 399 511 3.16723
32.8651 0.229612 0.359874 10 -11 0 0 0.360051 0.370313 261 176 706 170 305 291 665 288 493 100 0.0509762 400 510 3.14159
32.9317 0.229612 0.359874 10 -11 0 0 0.360051 0.370313 261 177 693 165 305 291 660 286 493 100 0.0509762 399 510 3.14159
32.9984 0.229612 0.359874 10 -11 0 0 0.360051 0.370313 261 177 691 165 305 291 660 286 493 100 0.0515008 400 511 3.16723
33.0651 0.229612 0.359874 10 -11 0 0 0.370051 0.380313 261 177 691 165 305 291 660 286 493 100 0.0403821 399 511 3.18053
33.1318 0.239381 0.359874 6 -6 0 0 0.370051 0.380313 280 169 691 165 317 284 660 285 493 100 0.0509762 399 511 3.18053
33.1984 0.239381 0.359874 6 -6 0 0 0.370051 0.380313 283 168 691 165 319 284 660 285 493 100 0.0509762 399 511 3.18053
33.2651 0.239381 0.359874 6 -6 0 0 0.370051 0.380313 284 168 691 165 319 284 660 286 493 100 0.0515008 399 511 3.18053
33.3318 0.239381 0.359874 6 -6 0 0 0.370051 0.380313 284 167 690 164 319 284 656 285 493 100 0.0407937 400 511 3.14159
33.3984 0.239381 0.370156 1 -8 0 0 0.370051 0.380313 284 167 670 157 319 284 648 281 493 100 0.0412138 400 511 3.14159
33.4651 0.239381 0.370156 1 -8 0 0 0.370051 0.380313 284 167 669 157 319 285 647 281 493 99 0.0515008 400 511 3.18004
33.5317 0.239381 0.370156 1 -8 0 0 0.380051 0.390313 284 166 669 157 320 285 647 281 494 99 0.0407937 399 511 3.1669
33.5984 0.239381 0.370156 1 -8 0 0 0.380051 0.390313 300 161 669 157 331 280 647 282 493 99 0.0515008 399 511 3.18053
33.6651 0.239381 0.370156 1 -8 0 0 0.380051 0.390313 306 159 669 156 333 279 647 282 493 99 0.0407937 399 511 3.18053
33.7318 0.249406 0.378382 10 -17 0 0 0.380051 0.390313 307 159 669 157 333 280 647 282 493 99 0.0407937 399 511 3.17955
33.7984 0.249406 0.378382 10 -17 0 0 0.380051 0.390313 307 158 669 157 333 280 646 282 493 100 0.0407937 399 511 3.16723
33.8651 0.249406 0.378382 10 -17 0 0 0.380051 0.390313 307 158 647 151 333 280 634 277 493 100 0.0407937 399 510 3.18053
33.9317 0.249406 0.378382 10 -17 0 0 0.380051 0.390313 307 158 647 151 333 280 634 277 493 100 0.0407937 399 510 3.18053
33.9984 0.258145 0.379924 11 -5 0 0 0.390051 0.405 307 158 646 151 333 279 633 277 493 100 0.0515008 400 510 3.16723
34.0651 0.258145 0.379924 11 -5 0 0 0.390051 0.405 316 156 646 151 344 276 633 277 493 100 0.0407937 400 510 3.18004
34.1318 0.258145 0.379924 11 -5 0 0 0.390051 0.405 329 153 646 151 346 275 633 277 493 101 0.0407937 400 510 3.18004
34.1984 0.258145 0.379924 11 -5 0 0 0.390051 0.405 330 153 646 151 347 275 633 277 493 100 0.0407937 400 510 3.18004
34.2651 0.259431 0.389949 5 -19 0 0 0.390051 0.405 330 153 646 151 347 275 633 277 493 100 0.0407937 400 510 3.18004
34.3318 0.259431 0.389949 5 -19 0 0 0.390051 0.405 331 154 628 149 347 274 620 273 493 101 0.0407937 400 510 3.18004
34.3984 0.259431 0.389949 5 -19 0 0 0.390051 0.405 331 154 623 148 347 274 619 273 493 100 0.0509762 400 510 3.18004
34.4651 0.259431 0.389949 5 -19 0 0 0.41 0.405 331 154 622 148 347 274 619 273 493 100 0.0509762 400 511 3.16723
34.5317 0.259431 0.389949 5 -19 0 0 0.41 0.405 334 153 622 148 347 274 619 273 493 100 0.0407937 399 511 3.18053
34.5984 0.269713 0.389949 10 -1 0 0 0.41 0.405 334 153 622 148 347 274 619 273 493 100 0.0407937 399 511 3.18053
34.6651 0.269713 0.389949 10 -1 0 0 0.41 0.405 367 148 621 148 369 270 619 273 493 100 0.0407937 400 511 3.18004
34.7317 0.269713 0.389949 10 -1 0 0 0.41 0.405 368 148 622 147 370 270 619 274 493 100 0.0412138 400 511 3.19218
34.7984 0.269713 0.389949 10 -1 0 0 0.41 0.405 368 147 622 147 370 271 594 272 493 99 0.0412138 400 512 3.12909
34.865 0.269713 0.404601 1 -7 0 0 0.41 0.405 368 148 579 145 370 270 593 271 448 102 0.0624188 399 512 3.1166
34.9317 0.269713 0.404601 1 -7 0 0 0.41 0.405 368 148 577 146 370 270 592 271 468 108 0.203336 400 511 3.16723
34.9984 0.269713 0.404601 1 -7 0 0 0.379431 0.389949 368 148 578 146 370 270 592 272 458 96 0.331397 400 511 3.15409
35.0651 0.289249 0.404601 11 -8 0 0 0.389713 0.404601 368 148 577 145 370 270 592 272 461 101 0.526627 399 511 3.18053
35.1318 0.289249 0.404601 11 -8 0 0 0.389713 0.404601 367 148 578 146 370 270 592 271 461 101 0.590812 399 511 3.18053
35.1984 0.289249 0.404601 11 -8 0 0 0.409249 0.404601 368 148 577 145 370 270 592 272 461 101 0.590812 399 511 3.18053
35.2651 0.289506 0.404601 10 0 0 0 0.409249 0.404601 368 148 577 145 370 270 592 271 461 101 0.590812 399 511 3.14159
35.3317 0.289506 0.404601 10 0 0 0 0.409249 0.404601 368 148 577 145 370 270 592 271 461 101 0.590812 399 511 3.18004
35.3984 0.289506 0.404601 10 0 0 0 0.409506 0.404601 368 148 577 145 370 270 592 272 461 101 0.590812 399 511 3.18053
35.4651 0.289249 0.404601 6 -13 0 0 0.409506 0.404601 368 148 577 145 370 270 592 271 461 101 0.582353 399 511 3.18053
35.5318 0.289249 0.404601 6 -13 0 0 0.409506 0.404601 368 148 578 145 370 270 592 272 462 101 0.582353 399 511 3.18053
35.5984 0.289249 0.404601 6 -13 0 0 0.409506 0.404601 368 148 577 145 370 270 592 272 461 101 0.576799 399 511 3.18053
35.6651 0.288992 0.404601 6 3 0 0 0.409506 0.404601 368 148 577 145 370 270 592 272 462 101 0.582353 399 511 3.18053
35.7318 0.288992 0.404601 6 3 0.2 0.2 0.409706 0.404801 368 148 577 145 370 270 592 272 461 101 0.576799 399 511 3.18004
35.7984 0.288992 0.404601 6 3 0.2 0.2 0.409906 0.405001 368 148 577 145 370 270 592 272 461 100 0.576799 399 511 3.18004
35.8651 0.288992 0.404601 7 3 0.2 0.2 0.410106 0.405201 368 148 577 145 370 270 592 272 461 101 0.602287 399 511 3.18004
35.9318 0.288992 0.404601 7 3 0.2 0.2 0.410306 0.405401 368 148 577 145 370 270 592 272 461 101 0.576799 399 511 3.18004
35.9984 0.288992 0.404601 7 3 0.2 0.2 0.410506 0.405601 368 148 577 145 370 270 592 272 461 101 0.576799 399 511 3.18053
36.0651 0.288992 0.404601 10 3 0.2 0.2 0.410706 0.405801 368 148 577 145 370 270 592 272 461 101 0.590812 399 511 3.18004
36.1318 0.288992 0.404601 10 3 0.2 0.2 0.410906 0.406001 368 148 577 145 370 270 592 272 461 101 0.590812 399 511 3.18004
36.1984 0.288992 0.404601 10 3 0.2 0.2 0.411106 0.406201 368 148 577 145 370 270 592 272 461 101 0.576799 399 511 3.18004
36.2651 0.289249 0.404601 11 -11 0.2 0.2 0.411306 0.406401 368 148 577 145 370 270 592 272 461 101 0.576799 399 511 3.18004
36.3318 0.289249 0.404601 11 -11 0.2 0.2 0.411506 0.406601 368 148 577 145 370 270 592 272 461 101 0.590812 399 511 3.18053
36.3984 0.289249 0.404601 11 -11 0.2 0.2 0.411706 0.406801 368 148 577 145 370 270 591 272 461 101 0.588003 399 511 3.18004
36.4651 0.29002 0.404858 15 -21 0.2 0.2 0.411906 0.407001 368 148 576 145 370 270 591 272 461 101 0.576799 399 511 3.18004
36.5317 0.29002 0.404858 15 -21 0.2 0.2 0.412106 0.407201 368 148 576 145 370 270 591 272 462 101 0.590812 399 510 3.15425
36.5984 0.290277 0.405629 15 -25 0.2 0.2 0.412306 0.407401 370 148 576 145 371 270 591 272 461 101 0.576799 399 511 3.18053
36.6651 0.290277 0.405629 15 -25 0.2 0.2 0.412506 0.407601 370 148 576 145 371 270 591 271 461 101 0.576799 399 511 3.18053
36.7318 0.290277 0.405629 15 -25 0.2 0.2 0.412706 0.407801 370 148 575 145 371 270 590 272 461 101 0.590812 399 511 3.18053
36.7984 0.291305 0.405629 14 -20 0.2 0.2 0.412906 0.408001 370 148 574 146 371 270 590 272 461 101 0.590812 399 511 3.18053
36.8651 0.291305 0.405629 14 -20 0.2 0.2 0.413106 0.408201 371 148 574 145 372 270 590 272 461 101 0.576799 399 511 3.18004
36.9317 0.291305 0.405629 14 -20 0.2 0.2 0.413306 0.408401 373 147 574 145 373 270 590 272 461 101 0.588003 399 511 3.18053
36.9984 0.291305 0.406915 14 -25 0.2 0.2 0.413506 0.408601 373 147 574 145 373 270 590 271 461 101 0.596501 399 511 3.18004
37.0651 0.291305 0.406915 14 -25 0.2 0.2 0.413706 0.408801 373 147 572 145 373 270 588 271 461 101 0.576799 399 511 3.18004
37.1318 0.291305 0.406915 14 -25 0.2 0.2 0.413906 0.409001 373 147 571 146 373 270 588 271 461 101 0.576799 399 511 3.18004
37.1984 0.292333 0.407429 13 -22 0.2 0.2 0.414106 0.409201 374 147 571 146 374 270 589 272 461 101 0.590812 399 511 3.18053
37.2651 0.292333 0.407429 13 -22 0.2 0.2 0.414306 0.409401 374 147 571 146 374 270 589 272 461 101 0.590812 399 511 3.18053
37.3318 0.292333 0.407429 13 -22 0.2 0.2 0.414506 0.409601 375 148 571 145 374 270 588 271 461 101 0.590812 400 511 3.18004
37.3984 0.292848 0.407686 14 -25 0.2 0.2 0.414706 0.409801 375 147 570 145 375 270 588 272 461 101 0.590812 399 511 3.18004
37.4651 0.292848 0.407686 14 -25 0.2 0.2 0.414906 0.410001 375 147 570 146 374 270 587 271 461 101 0.590812 399 511 3.18053
37.5318 0.292848 0.407686 14 -25 0.2 0.2 0.415106 0.410201 377 147 570 146 375 269 587 271 462 101 0.576799 399 511 3.18053
37.5984 0.293105 0.408457 16 -22 0.2 0.2 0.415306 0.410401 377 147 570 146 375 270 587 271 462 101 0.604902 399 511 3.18053
37.6651 0.293105 0.408457 16 -22 0.2 0.2 0.415506 0.410601 377 147 570 146 375 270 587 271 462 101 0.604902 399 511 3.18053
37.7317 0.293105 0.408457 16 -22 0.2 0.2 0.415706 0.410801 377 147 567 146 375 270 585 272 463 101 0.590812 399 511 3.18004
37.7984 0.294133 0.408457 14 -16 0.2 0.2 0.415906 0.411001 377 147 567 146 376 269 585 271 463 101 0.590812 399 511 3.18053
37.8651 0.294133 0.408457 14 -16 0.2 0.2 0.416106 0.411201 379 146 567 146 376 270 585 271 465 101 0.604902 399 511 3.18053
37.9318 0.294133 0.408457 14 -16 0.2 0.2 0.416306 0.411401 379 146 567 146 376 270 585 271 465 101 0.604902 399 511 3.18053
37.9984 0.294133 0.409485 14 -21 0.2 0.2 0.416506 0.411601 380 147 565 146 377 270 584 271 466 101 0.610726 399 511 3.18053
38.0651 0.294133 0.409485 14 -21 0.2 0.2 0.416706 0.411801 379 147 564 146 377 269 584 271 466 101 0.610726 399 511 3.18004
38.1318 0.294133 0.409485 14 -21 0.2 0.2 0.416906 0.412001 379 147 564 146 377 269 584 272 466 101 0.610726 399 511 3.18053
38.1984 0.295161 0.409999 15 -20 0.2 0.2 0.417106 0.412201 382 147 564 146 378 269 584 272 468 101 0.613207 399 511 3.18004
38.2651 0.295161 0.409999 15 -20 0.2 0.2 0.417306 0.412401 382 147 564 146 378 269 584 271 468 101 0.596501 399 511 3.18053
38.3317 0.295932 0.410513 15 -22 0.2 0.2 0.417506 0.412601 382 147 563 146 378 269 583 272 468 101 0.602287 399 510 3.15425
38.3984 0.295932 0.410513 15 -22 0.2 0.2 0.417706 0.412801 382 147 563 146 378 269 583 272 468 101 0.602287 399 511 3.18053
38.4651 0.295932 0.410513 15 -22 0.2 0.2 0.417906 0.413001 382 147 563 146 378 270 583 272 469 101 0.599175 399 511 3.18053
38.5318 0.296189 0.411285 15 -28 0.2 0.2 0.418106 0.413201 382 147 563 146 378 270 583 272 469 101 0.602287 399 511 3.18053
38.5984 0.296189 0.411285 15 -28 0.2 0.2 0.418306 0.413401 382 147 563 146 379 270 583 272 469 101 0.604902 399 511 3.18053
38.6651 0.296189 0.411285 15 -28 0.2 0.2 0.418506 0.413601 383 147 563 146 378 270 583 272 469 101 0.596501 399 511 3.18053
38.7317 0.29696 0.411542 23 -27 0.2 0.2 0.418706 0.413801 382 147 563 146 378 270 583 272 469 101 0.596501 399 511 3.14159
38.7984 0.29696 0.411542 23 -27 0.2 0.2 0.418906 0.414001 382 147 563 146 379 269 583 272 469 101 0.602287 399 511 3.18053
38.8651 0.29696 0.411542 23 -27 0.2 0.2 0.419106 0.414201 382 146 563 146 379 269 583 271 469 101 0.602287 399 511 3.18053
38.9318 0.29696 0.412056 20 -32 0.2 0.2 0.419306 0.414401 382 146 563 146 379 269 583 271 469 101 0.602287 399 511 3.14159
38.9984 0.29696 0.412056 20 -32 0.2 0.2 0.419506 0.414601 382 146 563 146 378 270 583 272 469 101 0.596501 399 511 3.18053
39.0651 0.29696 0.412056 20 -32 0.2 0.2 0.419706 0.414801 383 147 563 146 379 270 583 271 469 101 0.596501 399 511 3.12909
39.1317 0.297732 0.41257 28 -38 0.2 0.2 0.419906 0.415001 383 147 563 146 379 269 583 272 469 101 0.610726 399 511 3.14159
39.1984 0.297732 0.41257 28 -38 0.2 0.2 0.420106 0.415201 383 147 563 146 379 269 583 272 469 101 0.602287 399 511 3.18053
39.2651 0.297732 0.41257 28 -38 0.2 0.2 0.420306 0.415401 383 147 563 146 379 270 583 272 469 101 0.602287 399 511 3.18053
39.3318 0.297989 0.413084 29 -28 -0.2 0.2 0.420106 0.415601 382 147 563 146 379 269 583 272 469 101 0.596501 399 511 3.18053
39.3984 0.297989 0.413084 29 -28 -0.2 0.2 0.419906 0.415801 382 147 563 146 379 270 583 272 469 101 0.602287 399 510 3.15425
39.4651 0.297989 0.413084 29 -28 -0.2 0.2 0.419706 0.416001 383 147 563 146 379 269 583 272 469 101 0.602287 399 511 3.18053
39.5318 0.298246 0.413598 28 -35 -0.2 0.2 0.419506 0.416201 383 147 563 146 379 269 583 272 469 102 0.599175 400 511 3.18004
39.5984 0.298246 0.413598 28 -35 -0.2 0.2 0.419306 0.416401 383 147 563 146 379 270 583 272 469 102 0.593543 400 511 3.18004
39.6651 0.298246 0.413598 28 -35 -0.2 0.2 0.419106 0.416601 383 147 563 146 379 269 583 271 469 101 0.610726 400 511 3.18004
39.7318 0.299017 0.413598 29 -40 -0.2 0.2 0.418906 0.416801 383 147 563 146 379 269 583 272 469 101 0.602287 400 511 3.18004
39.7984 0.299017 0.413598 29 -40 -0.2 0.2 0.418706 0.417001 383 147 563 146 379 269 583 272 469 102 0.596501 399 511 3.18053
39.8651 0.299017 0.414369 15 -43 -0.2 0.2 0.418506 0.417201 383 147 563 146 379 269 583 271 470 102 0.590812 399 511 3.18053
39.9318 0.299017 0.414369 15 -43 -0.2 0.2 0.418306 0.417401 383 147 563 146 379 269 583 272 470 101 0.590812 399 511 3.18053
39.9984 0.299017 0.414369 15 -43 -0.2 0.2 0.418106 0.417601 383 147 563 146 379 269 583 272 469 101 0.588003 399 511 3.18053
40.0651 0.298503 0.414883 14 -49 -0.2 0.2 0.417906 0.417801 383 147 563 146 379 269 583 272 470 101 0.590812 399 511 3.18004
40.1317 0.298503 0.414883 14 -49 -0.2 0.2 0.417706 0.418001 384 147 563 146 379 269 583 272 470 101 0.590812 399 511 3.18053
40.1984 0.298503 0.414883 14 -49 -0.2 0.2 0.417506 0.418201 383 147 563 146 379 269 583 272 470 101 0.590812 399 511 3.12909
40.2651 0.297989 0.41514 9 -48 -0.2 0.2 0.417306 0.418401 384 147 564 146 379 269 584 272 470 101 0.573799 399 511 3.18053
40.3317 0.297989 0.41514 9 -48 -0.2 0.2 0.417106 0.418601 384 147 564 146 380 270 584 272 470 102 0.596501 399 511 3.12909
40.3984 0.297989 0.41514 9 -48 -0.2 0.2 0.416906 0.418801 385 147 564 146 380 269 584 272 471 101 0.596501 400 511 3.18004
40.4651 0.297474 0.416169 11 -49 -0.2 0.2 0.416706 0.419001 385 146 565 146 380 269 584 272 471 101 0.585217 399 511 3.18053
40.5318 0.297474 0.416169 11 -49 -0.2 0.2 0.416506 0.419201 385 147 565 146 380 269 584 272 471 101 0.596501 400 511 3.18004
40.5984 0.297474 0.416169 11 -49 -0.2 0.2 0.416306 0.419401 385 147 565 146 380 270 585 272 472 101 0.582353 399 511 3.14159
40.6651 0.29696 0.416169 6 -42 -0.2 0.2 0.416106 0.419602 386 147 565 146 381 269 585 272 472 101 0.596501 399 511 3.14159
40.7318 0.29696 0.416169 6 -42 -0.2 0.2 0.415906 0.419802 386 147 566 146 381 269 586 272 473 101 0.573799 399 511 3.14159
40.7984 0.29696 0.416169 6 -42 -0.2 0.2 0.415706 0.420002 387 147 566 146 381 269 585 272 474 101 0.582353 399 511 3.18053
40.8651 0.29696 0.41694 -1 -48 -0.2 0.2 0.415506 0.420202 387 147 567 146 382 269 586 271 474 101 0.582353 399 511 3.12909
40.9318 0.29696 0.41694 -1 -48 -0.2 0.2 0.415306 0.420402 388 147 568 146 382 269 587 272 475 101 0.582353 399 511 3.14159
40.9984 0.29696 0.41694 -1 -48 -0.2 0.2 0.415106 0.420602 388 146 568 146 382 269 587 272 475 101 0.568287 399 511 3.18053
41.0651 0.295932 0.417711 11 -39 -0.2 0.2 0.414906 0.420802 389 147 569 146 383 269 588 272 477 101 0.573799 399 511 3.12909
41.1317 0.295932 0.417711 11 -39 -0.2 0.2 0.414706 0.421002 390 147 570 145 383 269 588 272 477 101 0.573799 399 511 3.18053
41.1984 0.295932 0.417711 11 -39 -0.2 0.2 0.414506 0.421202 390 147 570 146 383 269 588 272 478 101 0.549025 399 511 3.18053
41.2651 0.295418 0.418225 8 -47 -0.2 0.2 0.414306 0.421402 391 147 571 145 384 269 588 271 478 101 0.568287 399 511 3.18053
41.3317 0.295418 0.418225 8 -47 -0.2 0.2 0.414106 0.421602 391 147 571 146 384 269 589 272 479 101 0.568287 399 511 3.18053
41.3984 0.294904 0.418996 8 -49 -0.2 0.2 0.413906 0.421802 392 147 572 145 385 269 589 272 480 101 0.562868 399 511 3.18053
41.4651 0.294904 0.418996 8 -49 -0.2 0.2 0.413706 0.422002 392 147 572 146 385 269 589 272 480 101 0.568287 399 511 3.14159
41.5317 0.294904 0.418996 8 -49 -0.2 0.2 0.413506 0.422202 393 147 573 145 385 269 590 272 481 101 0.559682 399 511 3.12909
41.5984 0.294133 0.418996 6 -46 -0.2 0.2 0.413306 0.422402 393 147 573 146 385 269 590 272 481 101 0.545655 399 511 3.18053
41.665 0.294133 0.418996 6 -46 -0.2 0.2 0.413106 0.422602 394 146 574 145 386 269 590 272 482 101 0.559682 399 511 3.18053
41.7318 0.294133 0.418996 6 -46 -0.2 0.2 0.412906 0.422802 395 147 575 146 386 269 591 272 483 101 0.545655 399 511 3.18053
41.7984 0.293876 0.420024 2 -49 -0.2 0.2 0.412706 0.423002 395 147 575 146 386 269 591 271 483 101 0.545655 399 511 3.18053
41.8651 0.293876 0.420024 2 -49 -0.2 0.2 0.412506 0.423202 395 147 576 146 386 269 591 272 484 101 0.528074 399 511 3.18053
41.9318 0.293876 0.420024 2 -49 -0.2 0.2 0.412306 0.423402 396 147 576 145 387 269 591 272 484 101 0.545655 399 511 3.18053
41.9984 0.292848 0.420539 8 -49 -0.2 0.2 0.412106 0.423602 397 147 577 145 388 269 592 272 486 101 0.536911 399 511 3.14159
42.0651 0.292848 0.420539 8 -49 -0.2 0.2 0.411906 0.423802 397 147 577 145 388 269 592 272 486 101 0.517893 399 511 3.14159
42.1318 0.292848 0.420539 8 -49 -0.2 0.2 0.411706 0.424002 397 147 577 145 388 269 592 272 486 101 0.517893 400 511 3.18004
42.1984 0.29259 0.421053 8 -50 -0.2 0.2 0.411506 0.424202 398 147 578 145 388 269 592 272 486 101 0.522939 399 511 3.18053
42.2651 0.29259 0.421053 8 -50 -0.2 0.2 0.411306 0.424402 398 147 578 145 389 269 593 272 487 101 0.517893 399 511 3.18053
42.3318 0.29259 0.421053 8 -50 -0.2 0.2 0.411106 0.424602 399 147 579 145 389 269 593 272 488 101 0.509071 399 511 3.12909
42.3984 0.291819 0.421824 7 -50 -0.2 0.2 0.410906 0.424802 399 147 579 145 389 269 593 272 488 101 0.517893 399 511 3.14159
42.4651 0.291819 0.421824 7 -50 -0.2 0.2 0.410706 0.425002 399 147 579 145 389 269 594 272 488 101 0.505099 399 511 3.18053
42.5318 0.291819 0.421824 7 -50 -0.2 0.2 0.410506 0.425202 400 147 580 145 390 269 594 272 489 101 0.509071 399 511 3.18053
42.5984 0.291048 0.421824 5 -49 -0.2 0.2 0.410306 0.425402 400 147 580 145 390 269 594 272 490 101 0.500161 399 511 3.12909
42.6651 0.291048 0.421824 5 -49 -0.2 0.2 0.410106 0.425602 401 147 581 145 391 269 594 272 490 101 0.514064 399 511 3.12909
42.7318 0.291048 0.421824 5 -49 -0.2 0.2 0.409906 0.425802 402 147 581 145 391 269 595 272 491 101 0.509071 399 511 3.14159
42.7984 0.290791 0.422852 0 -52 -0.2 0.2 0.409706 0.426002 402 147 582 145 391 269 595 272 492 101 0.500161 399 511 3.18053
42.8651 0.290791 0.422852 0 -52 -0.2 0.2 0.409506 0.426202 403 147 582 145 391 269 595 272 492 101 0.495311 399 511 3.14159
42.9317 0.290791 0.422852 0 -52 -0.2 0.2 0.409306 0.426402 403 147 583 145 392 269 596 272 493 101 0.500161 399 511 3.18053
42.9984 0.29002 0.423623 10 -50 -0.2 0.2 0.409106 0.426602 404 147 584 145 392 269 596 272 494 101 0.486371 400 511 3.15409
43.0651 0.29002 0.423623 10 -50 -0.2 0.2 0.408906 0.426802 404 147 584 145 392 269 596 272 494 101 0.486371 399 511 3.14159
43.1318 0.289249 0.42388 8 -49 -0.2 0.2 0.408706 0.427002 405 147 585 145 393 269 596 272 495 101 0.491164 399 511 3.18053
43.1984 0.289249 0.42388 8 -49 -0.2 0.2 0.408506 0.427202 405 147 585 145 393 269 597 272 495 101 0.495311 399 511 3.18053
43.2651 0.289249 0.42388 8 -49 -0.2 0.2 0.408306 0.427402 406 147 586 145 393 269 597 272 496 101 0.482079 399 511 3.18053
43.3318 0.288735 0.424908 11 -47 -0.2 0.2 0.408106 0.427602 407 147 586 145 394 269 597 272 497 101 0.482079 399 511 3.18053
43.3984 0.288735 0.424908 11 -47 -0.2 0.2 0.407906 0.427802 407 147 587 145 394 269 597 272 497 101 0.482079 399 511 3.18053
43.4651 0.288735 0.424908 11 -47 -0.2 0.2 0.407706 0.428002 407 147 587 145 394 269 598 272 497 101 0.486371 399 511 3.18053
43.5318 0.288478 0.424908 7 -48 -0.2 0.2 0.407506 0.428202 407 147 587 145 394 269 598 272 498 101 0.482079 400 511 3.15409
43.5984 0.288478 0.424908 7 -48 -0.2 0.2 0.407306 0.428402 408 147 588 145 395 269 599 272 499 101 0.477345 399 511 3.18053
43.6651 0.288478 0.424908 7 -48 -0.2 0.2 0.407106 0.428602 408 147 588 145 395 269 599 272 499 101 0.477345 399 511 3.18053
43.7318 0.287964 0.42568 -1 -49 -0.2 0.2 0.406906 0.428802 409 147 589 145 395 269 599 272 499 101 0.482079 399 511 3.18053
43.7984 0.287964 0.42568 -1 -49 -0.2 0.2 0.406706 0.429002 409 147 590 146 395 269 599 272 500 101 0.477345 399 511 3.18053
43.8651 0.287964 0.42568 -1 -49 -0.2 0.2 0.406506 0.429202 410 147 590 145 395 269 600 272 501 101 0.472697 399 511 3.18053
43.9318 0.287192 0.426194 12 -48 -0.2 0.2 0.406306 0.429402 411 147 591 146 396 269 600 272 502 101 0.454515 399 511 3.18053
43.9984 0.287192 0.426194 12 -48 -0.2 0.2 0.406106 0.429602 411 147 591 146 396 269 600 272 502 101 0.454515 399 511 3.18053
44.0651 0.287192 0.426194 12 -48 -0.2 0.2 0.405906 0.429802 411 147 592 145 396 269 600 272 502 101 0.445301 399 511 3.18053
44.1318 0.286935 0.426708 7 -50 -0.2 0.2 0.405706 0.430002 412 147 592 146 397 269 601 272 503 101 0.454515 399 511 3.14159
44.1985 0.286935 0.426708 7 -50 -0.2 0.2 0.405506 0.430202 412 147 592 146 397 269 601 272 503 101 0.445301 399 511 3.14159
44.2651 0.286935 0.426708 7 -50 -0.2 0.2 0.405306 0.430402 413 147 593 146 397 269 601 273 504 101 0.445301 399 511 3.18053
44.3318 0.286421 0.427479 8 -50 -0.2 0.2 0.405106 0.430602 413 147 593 146 398 269 601 272 504 101 0.44976 399 511 3.18053
44.3984 0.286421 0.427479 8 -50 -0.2 0.2 0.404906 0.430802 414 147 594 146 398 269 602 272 505 101 0.440924 399 511 3.18053
44.4651 0.286421 0.427479 8 -50 -0.2 0.2 0.404706 0.431002 414 147 594 146 398 269 602 272 506 101 0.445301 399 511 3.18053
44.5317 0.285393 0.427479 7 -46 -0.2 0.2 0.404506 0.431202 414 147 595 146 398 269 602 273 506 101 0.450074 399 511 3.18053
44.5984 0.285393 0.427479 7 -46 -0.2 0.2 0.404306 0.431402 416 148 596 146 399 269 603 273 507 101 0.440924 399 511 3.14159
44.6651 0.285393 0.428507 0 -51 -0.2 0.2 0.404106 0.431602 416 147 596 146 399 269 603 273 508 101 0.436005 399 511 3.18053
44.7318 0.285393 0.428507 0 -51 -0.2 0.2 0.403906 0.431802 416 148 597 146 400 269 603 272 509 101 0.436005 399 511 3.12909
44.7984 0.285393 0.428507 0 -51 -0.2 0.2 0.403706 0.432002 417 147 597 146 400 269 604 273 509 101 0.431695 399 511 3.18053
44.8651 0.284365 0.429021 8 -53 -0.2 0.2 0.403506 0.432202 418 148 598 146 400 269 604 273 509 101 0.431695 399 511 3.18053
44.9317 0.284365 0.429021 8 -53 -0.2 0.2 0.403306 0.432402 418 148 598 146 401 269 605 272 511 101 0.436005 399 511 3.18053
44.9984 0.284365 0.429021 8 -53 -0.2 0.2 0.403106 0.432602 418 148 599 146 401 269 605 272 510 102 0.422387 399 511 3.18053
45.0651 0.283851 0.429535 6 -50 -0.2 0.2 0.402906 0.432802 419 148 599 146 401 269 605 273 511 102 0.414139 399 511 3.18053
45.1318 0.283851 0.429535 6 -50 -0.2 0.2 0.402706 0.433002 419 148 599 146 401 269 606 272 512 102 0.418224 399 511 3.18053
45.1984 0.283851 0.429535 6 -50 -0.2 0.2 0.402506 0.433202 420 148 600 146 402 269 606 273 513 102 0.418224 399 511 3.18053
45.2651 0.28308 0.430307 11 -57 -0.2 0.2 0.402306 0.433402 421 148 601 146 402 269 606 273 514 102 0.418224 399 511 3.18053
45.3317 0.28308 0.430307 11 -57 -0.2 0.2 0.402106 0.433602 421 148 601 146 402 269 606 273 514 102 0.418224 399 511 3.18053
45.3984 0.28308 0.430307 11 -57 -0.2 0.2 0.401906 0.433802 421 148 602 146 403 269 606 273 514 102 0.403535 399 511 3.18053
45.4651 0.282822 0.430307 7 -49 -0.2 0.2 0.401706 0.434002 422 148 602 146 403 269 607 273 514 102 0.404892 399 511 3.14159
45.5318 0.282822 0.430307 7 -49 -0.2 0.2 0.401506 0.434202 422 148 603 146 403 269 608 273 515 102 0.404892 399 511 3.18053
45.5984 0.282822 0.430307 7 -49 -0.2 0.2 0.401306 0.434402 423 148 603 146 403 269 607 273 516 102 0.408908 399 511 3.18053
45.6651 0.282308 0.431078 3 -60 -0.2 0.2 0.401106 0.434602 423 148 604 146 404 269 608 273 516 102 0.399515 399 511 3.14159
45.7318 0.282308 0.431078 3 -60 -0.2 0.2 0.400906 0.434802 424 148 604 146 404 269 608 273 517 102 0.408908 399 511 3.14159
45.7985 0.282308 0.431078 3 -60 -0.2 0.2 0.400706 0.435002 424 148 604 146 404 269 608 273 517 102 0.403535 399 511 3.12909
45.8651 0.281537 0.431849 5 -49 -0.2 0.2 0.400506 0.435202 424 148 604 146 404 269 608 273 517 102 0.403535 399 511 3.12909
45.9317 0.281537 0.431849 5 -49 -0.2 0.2 0.400306 0.435402 426 148 606 146 405 269 609 273 519 102 0.386177 399 511 3.12909
45.9984 0.281537 0.431849 5 -49 -0.2 0.2 0.400106 0.435602 426 148 606 146 405 269 609 273 519 102 0.386177 399 511 3.12909
46.0651 0.281023 0.432363 8 -49 -0.2 0.2 0.399906 0.435802 427 148 607 146 406 269 610 273 520 102 0.376711 399 511 3.18053
46.1317 0.281023 0.432363 8 -49 -0.2 0.2 0.399706 0.436002 427 148 607 146 406 269 610 273 520 102 0.376711 399 511 3.14159
46.1984 0.280509 0.433391 8 -51 -0.2 0.2 0.399506 0.436202 428 148 608 146 406 269 610 273 521 102 0.376711 399 511 3.14159
46.2651 0.280509 0.433391 8 -51 -0.2 0.2 0.399306 0.436402 428 148 608 146 407 269 610 273 522 103 0.376711 399 511 3.18053
46.3317 0.280509 0.433391 8 -51 -0.2 0.2 0.399106 0.436602 429 148 608 146 407 269 611 273 522 102 0.386177 399 511 3.14159
46.3984 0.279738 0.433134 6 -45 -0.2 0.2 0.398906 0.436802 429 148 609 146 407 269 611 273 523 102 0.367174 399 511 3.18053
46.4651 0.279738 0.433134 6 -45 -0.2 0.2 0.398706 0.437002 429 148 610 147 408 269 612 274 523 103 0.380506 399 511 3.12909
46.5317 0.279738 0.433134 6 -45 -0.2 0.2 0.398506 0.437202 431 149 611 147 408 269 612 273 524 103 0.370891 399 511 3.18053
46.5984 0.279481 0.434676 2 -49 -0.2 0.2 0.398306 0.437402 431 149 611 147 408 269 612 274 525 103 0.363527 399 511 3.18053
46.6651 0.279481 0.434676 2 -49 -0.2 0.2 0.398106 0.437602 432 149 612 147 409 269 612 273 525 103 0.367174 399 511 3.18053
46.7317 0.279481 0.434676 2 -49 -0.2 0.2 0.397906 0.437802 432 149 612 147 409 269 613 274 526 103 0.361204 399 511 3.18053
46.7984 0.278453 0.435191 8 -49 -0.2 0.2 0.397706 0.438002 433 149 613 147 410 270 614 274 527 103 0.353997 400 511 3.15409
46.8651 0.278453 0.435191 8 -49 -0.2 0.2 0.397506 0.438202 433 149 613 147 410 269 614 274 527 103 0.357566 399 511 3.18053
46.9317 0.278453 0.435191 8 -49 -0.2 0.2 0.397306 0.438402 433 149 613 147 410 269 614 273 528 103 0.359949 399 511 3.18053
46.9984 0.278196 0.435705 9 -50 -0.2 0.2 0.397106 0.438602 434 149 614 147 410 269 614 274 528 103 0.357566 399 511 3.18053
47.0651 0.278196 0.435705 9 -50 -0.2 0.2 0.396906 0.438802 434 149 614 147 411 269 614 274 529 103 0.353997 399 511 3.18053
47.1318 0.278196 0.435705 9 -50 -0.2 0.2 0.396706 0.439002 435 149 615 147 411 269 615 273 530 103 0.353997 399 511 3.14159
47.1984 0.277424 0.435962 6 -58 -0.2 0.2 0.396506 0.439202 436 149 615 147 411 269 615 274 530 103 0.3444 399 511 3.18053
47.2651 0.277424 0.435962 6 -58 -0.2 0.2 0.396306 0.439402 436 150 616 147 412 269 615 274 530 103 0.347888 399 511 3.18053
47.3317 0.277424 0.435962 6 -58 -0.2 0.2 0.396106 0.439602 436 150 616 147 412 270 615 274 531 104 0.338143 399 511 3.18053
47.3984 0.276653 0.435962 9 -46 -0.2 0.2 0.395906 0.439802 437 149 617 147 412 269 615 274 531 104 0.331397 399 511 3.14159
47.4651 0.276653 0.435962 9 -46 -0.2 0.2 0.395706 0.440002 437 149 618 147 413 269 616 274 532 104 0.331397 399 511 3.18053
47.5317 0.276653 0.435962 9 -46 -0.2 0.2 0.395506 0.440202 438 150 618 147 413 269 616 274 533 104 0.338143 399 511 3.18053
47.5984 0.276396 0.43699 -1 -58 -0.2 0.2 0.395306 0.440402 438 150 619 147 413 270 617 274 533 104 0.331397 399 511 3.18053
47.6651 0.276396 0.43699 -1 -58 -0.2 0.2 0.395106 0.440602 439 150 619 147 413 269 617 274 534 104 0.325008 399 511 3.18053
47.7317 0.276396 0.43699 -1 -58 -0.2 0.2 0.394906 0.440802 439 150 619 147 414 270 617 274 534 104 0.325008 399 511 3.14159
47.7984 0.275625 0.437761 10 -54 -0.2 0.2 0.394706 0.441002 440 150 620 147 414 269 618 274 536 104 0.325008 399 511 3.12909
47.8651 0.275625 0.437761 10 -54 -0.2 0.2 0.394506 0.441202 441 150 620 148 414 269 618 274 536 104 0.325008 399 511 3.14159
47.9318 0.274854 0.438018 7 -54 -0.2 0.2 0.394306 0.441402 441 150 621 148 415 270 619 274 537 104 0.312042 399 511 3.18053
47.9984 0.274854 0.438018 7 -54 -0.2 0.2 0.394106 0.441602 441 150 622 148 415 270 619 274 537 104 0.308931 399 511 3.18053
48.0651 0.274854 0.438018 7 -54 -0.2 -0.2 0.393906 0.441402 442 150 622 148 416 270 619 275 538 104 0.302272 399 511 3.14159
48.1318 0.274597 0.439046 11 -57 -0.2 -0.2 0.393706 0.441202 443 150 623 148 416 270 619 275 539 104 0.302272 399 511 3.18053
48.1984 0.274597 0.439046 11 -57 -0.2 -0.2 0.393506 0.441002 443 150 623 148 416 270 619 275 539 104 0.302272 399 511 3.18053
48.2651 0.274597 0.439046 11 -57 -0.2 -0.2 0.393306 0.440802 443 150 624 148 416 270 620 275 539 105 0.312042 399 511 3.12909
48.3317 0.274083 0.439046 7 -50 -0.2 -0.2 0.393106 0.440602 444 150 624 148 416 270 620 275 540 104 0.305359 399 511 3.18053
48.3984 0.274083 0.439046 7 -50 -0.2 -0.2 0.392906 0.440402 444 150 625 148 417 270 620 275 541 104 0.305359 400 511 3.15409
48.4651 0.274083 0.439046 7 -50 -0.2 -0.2 0.392706 0.440202 445 151 625 148 417 270 621 275 541 105 0.302272 399 511 3.18053
48.5317 0.273826 0.440075 -1 -55 -0.2 -0.2 0.392506 0.440002 445 151 625 148 417 270 621 275 541 105 0.302272 399 511 3.18053
48.5984 0.273826 0.440075 -1 -55 -0.2 -0.2 0.392306 0.439802 446 151 626 148 417 270 621 275 542 105 0.302272 399 511 3.18053
48.6651 0.273826 0.440075 -1 -55 -0.2 -0.2 0.392106 0.439602 446 151 626 148 417 270 621 275 542 105 0.292443 399 511 3.18053
48.7317 0.272797 0.440075 5 -37 -0.2 -0.2 0.391906 0.439402 446 151 626 148 418 270 622 275 542 105 0.292443 399 511 3.18053
48.7984 0.272797 0.440075 5 -37 -0.2 -0.2 0.391706 0.439202 446 151 626 148 418 270 622 275 542 105 0.292443 399 511 3.18053
48.8651 0.272797 0.440075 5 -37 -0.2 -0.2 0.391506 0.439002 447 151 627 148 418 270 622 275 543 105 0.296278 399 511 3.18053
48.9317 0.272283 0.440075 0 -29 -0.2 -0.2 0.391306 0.438802 447 151 627 148 418 270 622 275 543 105 0.292443 399 511 3.18053
48.9984 0.272283 0.440075 0 -29 -0.2 -0.2 0.391105 0.438602 447 151 627 148 418 270 622 275 544 105 0.279704 399 511 3.18053
49.0651 0.272283 0.440075 0 -29 -0.2 -0.2 0.390905 0.438402 447 151 627 148 418 270 622 275 543 105 0.292443 399 511 3.18053
49.1318 0.272283 0.439303 0 -11 -0.2 -0.2 0.390705 0.438202 447 151 627 148 418 270 622 275 544 105 0.279704 399 511 3.18053
49.1984 0.272283 0.439303 0 -11 -0.2 -0.2 0.390505 0.438002 448 151 628 148 419 270 623 275 544 105 0.292443 399 511 3.18053
49.2651 0.272283 0.439303 0 -11 -0.2 -0.2 0.390305 0.437802 448 151 628 149 419 270 623 275 545 105 0.279704 399 511 3.18053
49.3317 0.271255 0.439303 3 -1 -0.2 -0.2 0.390105 0.437602 448 151 628 149 419 270 623 275 544 105 0.292443 399 511 3.18053
49.3984 0.271255 0.439303 3 -1 -0.2 -0.2 0.389905 0.437402 448 151 628 149 419 270 623 275 544 105 0.292443 399 511 3.18004
49.4651 0.271255 0.438789 -1 -13 -0.2 -0.2 0.389705 0.437202 448 151 628 149 419 270 623 275 544 105 0.292443 399 511 3.18004
49.5317 0.271255 0.438789 -1 -13 -0.2 -0.2 0.389505 0.437002 448 151 628 148 419 270 623 275 545 105 0.285463 399 511 3.18004
49.5984 0.271255 0.438789 -1 -13 -0.2 -0.2 0.389305 0.436802 448 151 628 148 419 270 623 275 545 105 0.295441 399 511 3.18053
49.6651 0.270227 0.438275 3 0 -0.2 -0.2 0.389105 0.436602 448 151 629 148 419 270 623 275 545 105 0.282555 399 511 3.18004
49.7318 0.270227 0.438275 3 0 -0.2 -0.2 0.388905 0.436402 448 151 628 148 419 270 623 275 545 105 0.282555 399 511 3.18053
49.7984 0.270227 0.438275 3 0 -0.2 -0.2 0.388705 0.436202 448 151 628 148 419 270 623 275 545 105 0.282555 399 511 3.18053
49.8651 0.269456 0.437761 0 0 -0.2 -0.2 0.388505 0.436002 448 151 629 149 419 270 624 275 543 109 0.281232 399 511 3.18053
49.9318 0.269456 0.437761 0 0 -0.2 -0.2 0.388305 0.435802 448 151 629 149 419 270 623 275 539 113 0.279817 399 511 3.18053
49.9984 0.269456 0.437761 0 0 -0.2 -0.2 0.388105 0.435602 448 151 629 148 419 270 623 275 530 129 0.276514 400 510 3.14159
50.0651 0.269456 0.437247 0 2 -0.2 -0.2 0.387905 0.435402 448 150 629 148 418 271 623 276 530 129 0.276514 399 510 3.18004
50.1317 0.269456 0.437247 0 2 -0.2 -0.2 0.387705 0.435202 448 150 629 147 419 271 623 276 530 129 0.276514 400 510 3.16659
50.1984 0.269456 0.437247 0 2 -0.2 -0.2 0.387505 0.435002 448 150 630 147 419 271 624 276 530 129 0.276514 399 511 3.1669
50.2651 0.268685 0.43699 0 0 -0.2 -0.2 0.387305 0.434802 448 151 630 148 419 270 624 276 530 129 0.276514 399 511 3.18053
50.3318 0.268685 0.43699 0 0 -0.2 -0.2 0.387105 0.434602 447 151 630 148 419 270 623 275 530 129 0.276514 399 511 3.18004
50.3984 0.268685 0.43699 0 0 -0.2 -0.2 0.386905 0.434402 447 150 630 148 419 270 624 276 530 129 0.276514 400 510 3.14159
50.4651 0.268685 0.436219 -1 2 -0.2 -0.2 0.386705 0.434202 447 150 631 149 418 270 624 275 530 129 0.276514 400 510 3.14159
50.5318 0.268685 0.436219 -1 2 -0.2 -0.2 0.386505 0.434002 447 151 631 149 418 270 624 275 530 129 0.276514 399 510 3.18053
50.5984 0.268685 0.436219 -1 2 -0.2 -0.2 0.386305 0.433802 447 151 631 149 418 270 624 275 530 129 0.276514 400 510 3.18004
50.6651 0.267656 0.435448 0 0 -0.2 -0.2 0.386105 0.433602 445 151 631 149 417 269 624 275 530 129 0.276514 399 510 3.14159
50.7318 0.267656 0.435448 0 0 -0.2 -0.2 0.385905 0.433402 445 151 631 149 417 269 624 275 530 129 0.276514 400 511 3.16723
50.7984 0.267656 0.435448 0 0 -0.2 -0.2 0.385705 0.433202 445 151 632 149 417 269 625 275 530 129 0.276514 399 511 3.18053
50.8651 0.266885 0.435191 0 2 -0.2 -0.2 0.385505 0.433002 445 151 632 149 417 269 625 275 530 129 0.276514 399 511 3.18053
50.9317 0.266885 0.435191 0 2 -0.2 -0.2 0.385505 0.433002 445 151 632 149 417 269 625 275 530 129 0.276514 399 511 3.18053
50.9984 0.266885 0.435191 0 2 -0.2 -0.2 0.385505 0.433002 445 151 632 149 417 269 625 275 530 129 0.276514 399 511 3.18053
51.0651 0.266885 0.435191 0 2 -0.2 -0.2 0.385505 0.433002 445 151 632 149 417 269 625 275 530 129 0.276514 399 511 3.18053
51.1318 0.266885 0.435191 0 2 -0.2 -0.2 0.385505 0.433002 445 151 632 149 417 269 625 275 530 129 0.276514 399 511 3.18053
51.1984 0.266885 0.435191 0 2 -0.2 -0.2 0.385505 0.433002 445 151 632 149 417 269 625 275 530 129 0.276514 399 511 3.18053
