0.0651145 0.240152 0.469893 0 3 -0.2 -0.2 0.358792 0.467402 523 172 707 169 465 279 673 290 619 130 5.96868 399 510 3.19218
0.131801 0.240152 0.469893 0 3 -0.2 -0.2 0.358792 0.467402 523 172 707 169 465 279 673 290 619 130 5.96868 399 510 3.19218
0.198465 0.240152 0.469893 0 3 -0.2 -0.2 0.358792 0.467402 523 172 707 169 465 279 673 290 619 130 5.96868 399 510 3.19218
0.265128 0.240152 0.469893 0 3 -0.2 -0.2 0.358792 0.467402 523 172 707 169 465 279 673 290 619 130 5.96868 399 510 3.19218
0.331814 0.240152 0.469893 0 3 -0.2 -0.2 0.358792 0.467402 523 172 707 169 465 279 673 290 619 130 5.96868 399 510 3.19218
0.398424 0.240152 0.469893 0 3 -0.2 -0.2 0.358792 0.467402 523 172 707 169 465 279 673 290 619 130 5.96868 399 510 3.19218
0.465122 0.240152 0.469893 0 3 -0.2 -0.2 0.358792 0.467402 523 172 707 169 465 279 673 290 619 130 5.96868 399 510 3.19218
0.531796 0.240152 0.469893 0 3 -0.2 -0.2 0.358792 0.467402 523 172 707 169 465 279 673 290 619 130 5.96868 399 510 3.19218
0.598468 0.240152 0.469893 0 3 -0.2 -0.2 0.358792 0.467402 523 172 707 169 465 279 673 290 619 130 5.96868 399 510 3.19218
0.665121 0.240152 0.469893 0 3 -0.2 -0.2 0.358792 0.467402 523 172 707 169 465 279 673 290 619 130 5.96868 399 510 3.19218
0.7318 0.240152 0.469893 0 3 -0.2 -0.2 0.358792 0.467402 523 172 707 169 465 279 673 290 619 130 5.96868 399 510 3.19218
0.798489 0.240152 0.469893 0 3 -0.2 -0.2 0.358792 0.467402 523 172 707 169 465 279 673 290 619 130 5.96868 399 510 3.19218
0.865144 0.240152 0.469893 0 3 -0.2 -0.2 0.358792 0.467402 523 172 707 169 465 279 673 290 619 130 5.96868 399 510 3.19218
0.931796 0.240152 0.469893 0 3 -0.2 -0.2 0.358792 0.467402 523 172 707 169 465 279 673 290 619 130 5.96868 399 510 3.19218
0.998477 0.240152 0.469893 0 3 -0.2 -0.2 0.358792 0.467402 523 172 707 169 465 279 673 290 619 130 5.96868 399 510 3.19218
1.06514 0.240152 0.469893 0 3 -0.2 -0.2 0.358792 0.467402 523 172 707 169 465 279 673 290 619 130 5.96868 399 510 3.19218
1.13178 0.240152 0.469893 0 3 -0.2 -0.2 0.358792 0.467402 523 172 707 169 465 279 673 290 619 130 5.96868 399 510 3.19218
1.1985 0.240152 0.469893 0 3 -0.2 -0.2 0.358792 0.467402 523 172 707 169 465 279 673 290 619 130 5.96868 399 510 3.19218
1.26512 0.240152 0.469893 0 3 -0.2 -0.2 0.358792 0.467402 523 172 707 169 465 279 673 290 619 130 5.96868 399 510 3.19218
1.33179 0.240152 0.469893 0 3 -0.2 -0.2 0.358792 0.467402 523 172 707 169 465 279 673 290 619 130 5.96868 399 510 3.19218
1.39848 0.240152 0.469893 0 3 -0.2 -0.2 0.358792 0.467402 523 172 707 169 465 279 673 290 619 130 5.96868 399 510 3.19218
1.46514 0.240152 0.469893 0 3 -0.2 -0.2 0.358792 0.467402 523 172 707 169 465 279 673 290 619 130 5.96868 399 510 3.19218
1.53179 0.240152 0.469893 0 3 -0.2 -0.2 0.358792 0.467402 523 172 707 169 465 279 673 290 619 130 5.96868 399 510 3.19218
1.59847 0.240152 0.469893 0 3 -0.2 -0.2 0.358792 0.467402 523 172 707 169 465 279 673 290 619 130 5.96868 399 510 3.19218
1.66514 0.240152 0.469893 0 3 -0.2 -0.2 0.358792 0.467402 523 172 707 169 465 279 673 290 619 130 5.96868 399 510 3.19218
1.73176 0.240152 0.469893 0 3 -0.2 -0.2 0.358792 0.467402 523 172 707 169 465 279 673 290 619 130 5.96868 399 510 3.19218
1.79848 0.240152 0.469893 0 3 -0.2 -0.2 0.358792 0.467402 523 172 707 169 465 279 673 290 619 130 5.96868 399 510 3.19218
1.86517 0.240152 0.469893 0 3 -0.2 -0.2 0.358792 0.467402 523 172 707 169 465 279 673 290 619 130 5.96868 399 510 3.19218
1.93178 0.240152 0.469893 0 3 -0.2 -0.2 0.358792 0.467402 523 172 707 169 465 279 673 290 619 130 5.96868 399 510 3.19218
1.99846 0.240152 0.469893 0 3 -0.2 -0.2 0.358792 0.467402 523 172 707 169 465 279 673 290 619 130 5.96868 399 510 3.19218
2.06515 0.240152 0.469893 0 3 -0.2 -0.2 0.358792 0.467402 523 172 707 169 465 279 673 290 619 130 5.96868 399 510 3.19218
2.13176 0.240152 0.469893 0 3 -0.2 -0.2 0.358792 0.467402 523 172 707 169 465 279 673 290 619 130 5.96868 399 510 3.19218
2.19842 0.240152 0.469893 0 3 -0.2 -0.2 0.358792 0.467402 523 172 707 169 465 279 673 290 619 130 5.96868 399 510 3.19218
2.26509 0.240152 0.469893 0 3 -0.2 -0.2 0.358792 0.467402 523 172 707 169 465 279 673 290 619 130 5.96868 399 510 3.19218
2.33184 0.240152 0.469893 0 3 -0.2 -0.2 0.358792 0.467402 523 172 707 169 465 279 673 290 619 130 5.96868 399 510 3.19218
2.39848 0.240152 0.469893 0 3 -0.2 -0.2 0.358792 0.467402 523 172 707 169 465 279 673 290 619 130 5.96868 399 510 3.19218
2.46512 0.240152 0.469893 0 3 -0.2 -0.2 0.358792 0.467402 523 172 707 169 465 279 673 290 619 130 5.96868 399 510 3.19218
2.53179 0.240152 0.469893 0 3 -0.2 -0.2 0.358792 0.467402 523 172 707 169 465 279 673 290 619 130 5.96868 399 510 3.19218
2.59847 0.240152 0.469893 0 3 -0.2 -0.2 0.358792 0.467402 523 172 707 169 465 279 673 290 619 130 5.96868 399 510 3.19218
2.66515 0.240152 0.469893 0 3 -0.2 -0.2 0.358792 0.467402 523 172 707 169 465 279 673 290 619 130 5.96868 399 510 3.19218
2.73178 0.240152 0.469893 0 3 -0.2 -0.2 0.358792 0.467402 523 172 707 169 465 279 673 290 619 130 5.96868 399 510 3.19218
2.79846 0.240152 0.469893 0 3 -0.2 -0.2 0.358792 0.467402 523 172 707 169 465 279 673 290 619 130 5.96868 399 510 3.19218
2.86514 0.240152 0.469893 0 3 -0.2 -0.2 0.358792 0.467402 523 172 707 169 465 279 673 290 619 130 5.96868 399 510 3.19218
2.93177 0.240152 0.469893 0 3 -0.2 -0.2 0.358792 0.467402 523 172 707 169 465 279 673 290 619 130 5.96868 399 510 3.19218
2.99848 0.240152 0.469893 0 3 -0.2 -0.2 0.358792 0.467402 523 172 707 169 465 279 673 290 619 130 5.96868 399 510 3.19218
3.06514 0.240152 0.469893 0 3 -0.2 -0.2 0.358792 0.467402 523 172 707 169 465 279 673 290 619 130 5.96868 399 510 3.19218
3.13179 0.240152 0.469893 0 3 -0.2 -0.2 0.358792 0.467402 523 172 707 169 465 279 673 290 619 130 5.96868 399 510 3.19218
3.19848 0.240152 0.469893 0 3 -0.2 -0.2 0.358792 0.467402 523 172 707 169 465 279 673 290 619 130 5.96868 399 510 3.19218
3.26511 0.240152 0.469893 0 3 -0.2 -0.2 0.358792 0.467402 523 172 707 169 465 279 673 290 619 130 5.96868 399 510 3.19218
3.33179 0.240152 0.469893 0 3 -0.2 -0.2 0.358792 0.467402 523 172 707 169 465 279 673 290 619 130 5.96868 399 510 3.19218
3.39843 0.240152 0.469893 0 3 -0.2 -0.2 0.358792 0.467402 523 172 707 169 465 279 673 290 619 130 5.96868 399 510 3.19218
3.46514 0.240152 0.469893 0 3 -0.2 -0.2 0.358792 0.467402 523 172 707 169 465 279 673 290 619 130 5.96868 399 510 3.19218
3.53179 0.240152 0.469893 0 3 -0.2 -0.2 0.358792 0.467402 523 172 707 169 465 279 673 290 619 130 5.96868 399 510 3.19218
3.59848 0.240152 0.469893 0 3 -0.2 -0.2 0.358792 0.467402 523 172 707 169 465 279 673 290 619 130 5.96868 399 510 3.19218
3.66512 0.240152 0.469893 0 3 -0.2 -0.2 0.358792 0.467402 523 172 707 169 465 279 673 290 619 130 5.96868 399 510 3.19218
3.73179 0.240152 0.469893 0 3 -0.2 -0.2 0.358792 0.467402 523 172 707 169 465 279 673 290 619 130 5.96868 399 510 3.19218
3.79847 0.240152 0.469893 0 3 -0.2 -0.2 0.358792 0.467402 523 172 707 169 465 279 673 290 619 130 5.96868 399 510 3.19218
3.86514 0.240152 0.469893 0 3 -0.2 -0.2 0.358792 0.467402 523 172 707 169 465 279 673 290 619 130 5.96868 399 510 3.19218
3.93179 0.240152 0.469893 0 3 -0.2 -0.2 0.358792 0.467402 523 172 707 169 465 279 673 290 619 130 5.96868 399 510 3.19218
3.99849 0.240152 0.469893 0 3 -0.2 -0.2 0.358792 0.467402 523 172 707 169 465 279 673 290 619 130 5.96868 399 510 3.19218
4.06511 0.240152 0.469893 0 3 -0.2 -0.2 0.358792 0.467402 523 172 707 169 465 279 673 290 619 130 5.96868 399 510 3.19218
4.13181 0.240152 0.469893 0 3 -0.2 -0.2 0.358792 0.467402 523 172 707 169 465 279 673 290 619 130 5.96868 399 510 3.19218
4.19845 0.240152 0.469893 0 3 -0.2 -0.2 0.358792 0.467402 523 172 707 169 465 279 673 290 619 130 5.96868 399 510 3.19218
4.26513 0.240152 0.469893 0 3 -0.2 -0.2 0.358792 0.467402 523 172 707 169 465 279 673 290 619 130 5.96868 399 510 3.19218
4.33178 0.240152 0.469893 0 3 -0.2 -0.2 0.358792 0.467402 523 172 707 169 465 279 673 290 619 130 5.96868 399 510 3.19218
4.39847 0.240152 0.469893 0 3 -0.2 -0.2 0.358792 0.467402 523 172 707 169 465 279 673 290 619 130 5.96868 399 510 3.19218
4.46513 0.240152 0.469893 0 3 -0.2 -0.2 0.358792 0.467402 523 172 707 169 465 279 673 290 619 130 5.96868 399 510 3.19218
4.53179 0.240152 0.469893 0 3 -0.2 -0.2 0.358792 0.467402 523 172 707 169 465 279 673 290 619 130 5.96868 399 510 3.19218
4.59847 0.240152 0.469893 0 3 -0.2 -0.2 0.358792 0.467402 523 172 707 169 465 279 673 290 619 130 5.96868 399 510 3.19218
4.66511 0.240152 0.469893 0 3 -0.2 -0.2 0.358792 0.467402 523 172 707 169 465 279 673 290 619 130 5.96868 399 510 3.19218
4.7318 0.240152 0.469893 0 3 -0.2 -0.2 0.358792 0.467402 523 172 707 169 465 279 673 290 619 130 5.96868 399 510 3.19218
4.79846 0.240152 0.469893 0 3 -0.2 -0.2 0.358792 0.467402 523 172 707 169 465 279 673 290 619 130 5.96868 399 510 3.19218
4.86512 0.240152 0.469893 0 3 -0.2 -0.2 0.358792 0.467402 523 172 707 169 465 279 673 290 619 130 5.96868 399 510 3.19218
4.93179 0.240152 0.469893 0 3 -0.2 -0.2 0.358792 0.467402 523 172 707 169 465 279 673 290 619 130 5.96868 399 510 3.19218
4.99849 0.240152 0.469893 0 3 -0.2 -0.2 0.358792 0.467402 523 172 707 169 465 279 673 290 619 130 5.96868 399 510 3.19218
5.06511 0.240152 0.469893 0 3 -0.2 -0.2 0.358792 0.467402 523 172 707 169 465 279 673 290 619 130 5.96868 399 510 3.19218
5.13182 0.240152 0.469893 0 3 -0.2 -0.2 0.358792 0.467402 523 172 707 169 465 279 673 290 619 130 5.96868 399 510 3.19218
5.19846 0.240152 0.469893 0 3 -0.2 -0.2 0.358792 0.467402 523 172 707 169 465 279 673 290 619 130 5.96868 399 510 3.19218
5.26509 0.240152 0.469893 0 3 -0.2 -0.2 0.358792 0.467402 523 172 707 169 465 279 673 290 619 130 5.96868 399 510 3.19218
5.3318 0.240152 0.469893 0 3 -0.2 -0.2 0.358792 0.467402 523 172 707 169 465 279 673 290 619 130 5.96868 399 510 3.19218
5.39845 0.240152 0.469893 0 3 -0.2 -0.2 0.358792 0.467402 523 172 707 169 465 279 673 290 619 130 5.96868 399 510 3.19218
5.46513 0.240152 0.469893 0 3 -0.2 -0.2 0.358792 0.467402 523 172 707 169 465 279 673 290 619 130 5.96868 399 510 3.19218
5.53179 0.240152 0.469893 0 3 -0.2 -0.2 0.358792 0.467402 523 172 707 169 465 279 673 290 619 130 5.96868 399 510 3.19218
5.59848 0.240152 0.469893 0 3 -0.2 -0.2 0.358792 0.467402 523 172 707 169 465 279 673 290 619 130 5.96868 399 510 3.19218
5.66514 0.240152 0.469893 0 3 -0.2 -0.2 0.358792 0.467402 523 172 707 169 465 279 673 290 619 130 5.96868 399 510 3.19218
5.73179 0.240152 0.469893 0 3 -0.2 -0.2 0.358792 0.467402 523 172 707 169 465 279 673 290 619 130 5.96868 399 510 3.19218
5.79846 0.240152 0.469893 0 3 -0.2 -0.2 0.358792 0.467402 523 172 707 169 465 279 673 290 619 130 5.96868 399 510 3.19218
5.86513 0.240152 0.469893 0 3 -0.2 -0.2 0.358792 0.467402 523 172 707 169 465 279 673 290 619 130 5.96868 399 510 3.19218
5.93177 0.240152 0.469893 0 3 -0.2 -0.2 0.358792 0.467402 523 172 707 169 465 279 673 290 619 130 5.96868 399 510 3.19218
5.99842 0.240152 0.469893 0 3 -0.2 -0.2 0.358792 0.467402 523 172 707 169 465 279 673 290 619 130 5.96868 399 510 3.19218
6.0651 0.240152 0.469893 0 3 -0.2 -0.2 0.358792 0.467402 523 172 707 169 465 279 673 290 619 130 5.96868 399 510 3.19218
6.13177 0.240152 0.469893 0 3 -0.2 -0.2 0.358792 0.467402 523 172 707 169 465 279 673 290 619 130 5.96868 399 510 3.19218
6.19843 0.240152 0.469893 0 3 -0.2 -0.2 0.358792 0.467402 523 172 707 169 465 279 673 290 619 130 5.96868 399 510 3.19218
6.26509 0.240152 0.469893 0 3 -0.2 -0.2 0.358792 0.467402 523 172 707 169 465 279 673 290 619 130 5.96868 399 510 3.19218
6.33177 0.240152 0.469893 0 3 -0.2 -0.2 0.358792 0.467402 523 172 707 169 465 279 673 290 619 130 5.96868 399 510 3.19218
6.39845 0.240152 0.469893 0 3 -0.2 -0.2 0.358792 0.467402 523 172 707 169 465 279 673 290 619 130 5.96868 399 510 3.19218
6.46509 0.240152 0.469893 0 3 -0.2 -0.2 0.358792 0.467402 523 172 707 169 465 279 673 290 619 130 5.96868 399 510 3.19218
6.53178 0.240152 0.469893 0 3 -0.2 -0.2 0.358792 0.467402 523 172 707 169 465 279 673 290 619 130 5.96868 399 510 3.19218
6.59846 0.240152 0.469893 0 3 -0.2 -0.2 0.358792 0.467402 523 172 707 169 465 279 673 290 619 130 5.96868 399 510 3.19218
6.66508 0.240152 0.469893 0 3 -0.2 -0.2 0.358792 0.467402 523 172 707 169 465 279 673 290 619 130 5.96868 399 510 3.19218
6.73176 0.240152 0.469893 0 3 -0.2 -0.2 0.358792 0.467402 523 172 707 169 465 279 673 290 619 130 5.96868 399 510 3.19218
6.79846 0.240152 0.469893 0 3 -0.2 -0.2 0.358792 0.467402 523 172 707 169 465 279 673 290 619 130 5.96868 399 510 3.19218
6.8651 0.240152 0.469893 0 3 -0.2 -0.2 0.358792 0.467402 523 172 707 169 465 279 673 290 619 130 5.96868 399 510 3.19218
6.93175 0.240152 0.469893 0 3 -0.2 -0.2 0.358792 0.467402 523 172 707 169 465 279 673 290 619 130 5.96868 399 510 3.19218
6.99846 0.240152 0.469893 0 3 -0.2 -0.2 0.358792 0.467402 523 172 707 169 465 279 673 290 619 130 5.96868 399 510 3.19218
7.06511 0.240152 0.469893 0 3 -0.2 -0.2 0.358792 0.467402 523 172 707 169 465 279 673 290 619 130 5.96868 399 510 3.19218
7.13179 0.240152 0.469893 0 3 -0.2 -0.2 0.358792 0.467402 523 172 707 169 465 279 673 290 619 130 5.96868 399 510 3.19218
7.19848 0.240152 0.469893 0 3 -0.2 -0.2 0.358792 0.467402 523 172 707 169 465 279 673 290 619 130 5.96868 399 510 3.19218
7.26509 0.240152 0.469893 0 3 -0.2 -0.2 0.358792 0.467402 523 172 707 169 465 279 673 290 619 130 5.96868 399 510 3.19218
7.33177 0.240152 0.469893 0 3 -0.2 -0.2 0.358792 0.467402 523 172 707 169 465 279 673 290 619 130 5.96868 399 510 3.19218
7.39845 0.240152 0.469893 0 3 -0.2 -0.2 0.358792 0.467402 523 172 707 169 465 279 673 290 619 130 5.96868 399 510 3.19218
7.46511 0.240152 0.469893 0 3 -0.2 -0.2 0.358792 0.467402 523 172 707 169 465 279 673 290 619 130 5.96868 399 510 3.19218
7.53177 0.240152 0.469893 0 3 -0.2 -0.2 0.358792 0.467402 523 172 707 169 465 279 673 290 619 130 5.96868 399 510 3.19218
7.59844 0.240152 0.469893 0 3 -0.2 -0.2 0.358792 0.467402 523 172 707 169 465 279 673 290 619 130 5.96868 399 510 3.19218
7.6651 0.240152 0.469893 0 3 -0.2 -0.2 0.358792 0.467402 523 172 707 169 465 279 673 290 619 130 5.96868 399 510 3.19218
7.73175 0.240152 0.469893 0 3 -0.2 -0.2 0.358792 0.467402 523 172 707 169 465 279 673 290 619 130 5.96868 399 510 3.19218
7.79846 0.240152 0.469893 0 3 -0.2 -0.2 0.358792 0.467402 523 172 707 169 465 279 673 290 619 130 5.96868 399 510 3.19218
7.86513 0.240152 0.469893 0 3 -0.2 -0.2 0.358792 0.467402 523 172 707 169 465 279 673 290 619 130 5.96868 399 510 3.19218
7.93175 0.240152 0.469893 0 3 -0.2 -0.2 0.358792 0.467402 523 172 707 169 465 279 673 290 619 130 5.96868 399 510 3.19218
7.99843 0.240152 0.469893 0 3 -0.2 -0.2 0.358792 0.467402 523 172 707 169 465 279 673 290 619 130 5.96868 399 510 3.19218
8.0651 0.240152 0.469893 0 3 -0.2 -0.2 0.358792 0.467402 523 172 707 169 465 279 673 290 619 130 5.96868 399 510 3.19218
8.1318 0.240152 0.469893 0 3 -0.2 -0.2 0.358792 0.467402 523 172 707 169 465 279 673 290 619 130 5.96868 399 510 3.19218
8.19846 0.240152 0.469893 0 3 -0.2 -0.2 0.358792 0.467402 523 172 707 169 465 279 673 290 619 130 5.96868 399 510 3.19218
8.26512 0.240152 0.469893 0 3 -0.2 -0.2 0.358792 0.467402 523 172 707 169 465 279 673 290 619 130 5.96868 399 510 3.19218
8.33177 0.240152 0.469893 0 3 -0.2 -0.2 0.358792 0.467402 523 172 707 169 465 279 673 290 619 130 5.96868 399 510 3.19218
8.39842 0.240152 0.469893 0 3 -0.2 -0.2 0.358792 0.467402 523 172 707 169 465 279 673 290 619 130 5.96868 399 510 3.19218
8.4651 0.240152 0.469893 0 3 -0.2 -0.2 0.358792 0.467402 523 172 707 169 465 279 673 290 619 130 5.96868 399 510 3.19218
8.53176 0.240152 0.469893 0 3 -0.2 -0.2 0.358792 0.467402 523 172 707 169 465 279 673 290 619 130 5.96868 399 510 3.19218
8.59843 0.240152 0.469893 0 3 -0.2 -0.2 0.358792 0.467402 523 172 707 169 465 279 673 290 619 130 5.96868 399 510 3.19218
8.66508 0.240152 0.469893 0 3 -0.2 -0.2 0.358792 0.467402 523 172 707 169 465 279 673 290 619 130 5.96868 399 510 3.19218
8.73177 0.240152 0.469893 0 3 -0.2 -0.2 0.358792 0.467402 523 172 707 169 465 279 673 290 619 130 5.96868 399 510 3.19218
8.79842 0.240152 0.469893 0 3 -0.2 -0.2 0.358792 0.467402 523 172 707 169 465 279 673 290 619 130 5.96868 399 510 3.19218
8.86509 0.240152 0.469893 0 3 -0.2 -0.2 0.358792 0.467402 523 172 707 169 465 279 673 290 619 130 5.96868 399 510 3.19218
8.93175 0.240152 0.469893 0 3 -0.2 -0.2 0.358792 0.467402 523 172 707 169 465 279 673 290 619 130 5.96868 399 510 3.19218
8.99843 0.240152 0.469893 0 3 -0.2 -0.2 0.358792 0.467402 523 172 707 169 465 279 673 290 619 130 5.96868 399 510 3.19218
9.06508 0.240152 0.469893 0 3 -0.2 -0.2 0.358792 0.467402 523 172 707 169 465 279 673 290 619 130 5.96868 399 510 3.19218
9.13177 0.240152 0.469893 0 3 -0.2 -0.2 0.358792 0.467402 523 172 707 169 465 279 673 290 619 130 5.96868 399 510 3.19218
9.19842 0.240152 0.469893 0 3 -0.2 -0.2 0.358792 0.467402 523 172 707 169 465 279 673 290 619 130 5.96868 399 510 3.19218
9.26513 0.240152 0.469893 0 3 -0.2 -0.2 0.358792 0.467402 523 172 707 169 465 279 673 290 619 130 5.96868 399 510 3.19218
9.33177 0.240152 0.469893 0 3 -0.2 -0.2 0.358792 0.467402 523 172 707 169 465 279 673 290 619 130 5.96868 399 510 3.19218
9.39845 0.240152 0.469893 0 3 -0.2 -0.2 0.358792 0.467402 523 172 707 169 465 279 673 290 619 130 5.96868 399 510 3.19218
9.46511 0.240152 0.469893 0 3 -0.2 -0.2 0.358792 0.467402 523 172 707 169 465 279 673 290 619 130 5.96868 399 510 3.19218
9.53177 0.240152 0.469893 0 3 -0.2 -0.2 0.358792 0.467402 523 172 707 169 465 279 673 290 619 130 5.96868 399 510 3.19218
9.59844 0.240152 0.469893 0 3 -0.2 -0.2 0.358792 0.467402 523 172 707 169 465 279 673 290 619 130 5.96868 399 510 3.19218
9.6651 0.240152 0.469893 0 3 -0.2 -0.2 0.358792 0.467402 523 172 707 169 465 279 673 290 619 130 5.96868 399 510 3.19218
9.73179 0.240152 0.469893 0 3 -0.2 -0.2 0.358792 0.467402 523 172 707 169 465 279 673 290 619 130 5.96868 399 510 3.19218
9.79848 0.240152 0.469893 0 3 -0.2 -0.2 0.358792 0.467402 523 172 707 169 465 279 673 290 619 130 5.96868 399 510 3.19218
9.86513 0.240152 0.469893 0 3 -0.2 -0.2 0.358792 0.467402 523 172 707 169 465 279 673 290 619 130 5.96868 399 510 3.19218
9.93179 0.240152 0.469893 0 3 -0.2 -0.2 0.358792 0.467402 523 172 707 169 465 279 673 290 619 130 5.96868 399 510 3.19218
9.99843 0.240152 0.469893 0 3 -0.2 -0.2 0.358792 0.467402 523 172 707 169 465 279 673 290 619 130 5.96868 399 510 3.19218
10.0651 0.240152 0.469893 0 3 -0.2 -0.2 0.358792 0.467402 523 172 707 169 465 279 673 290 619 130 5.96868 399 510 3.19218
10.1318 0.240152 0.469893 0 3 -0.2 -0.2 0.358792 0.467402 523 172 707 169 465 279 673 290 619 130 5.96868 399 510 3.19218
10.1985 0.240152 0.469893 0 3 -0.2 -0.2 0.358792 0.467402 523 172 707 169 465 279 673 290 619 130 5.96868 399 510 3.19218
10.2651 0.240152 0.469893 0 3 -0.2 -0.2 0.358792 0.467402 523 172 707 169 465 279 673 290 619 130 5.96868 399 510 3.19218
10.3318 0.240152 0.469893 0 3 -0.2 -0.2 0.358792 0.467402 523 172 707 169 465 279 673 290 619 130 5.96868 399 510 3.19218
10.3985 0.240152 0.469893 0 3 -0.2 -0.2 0.358792 0.467402 523 172 707 169 465 279 673 290 619 130 5.96868 399 510 3.19218
10.4651 0.240152 0.469893 0 3 -0.2 -0.2 0.358792 0.467402 523 172 707 169 465 279 673 290 619 130 5.96868 399 510 3.19218
10.5318 0.240152 0.469893 0 3 -0.2 -0.2 0.358792 0.467402 523 172 707 169 465 279 673 290 619 130 5.96868 399 510 3.19218
10.5985 0.240152 0.469893 0 3 -0.2 -0.2 0.358792 0.467402 523 172 707 169 465 279 673 290 619 130 5.96868 399 510 3.19218
10.6651 0.240152 0.469893 0 3 -0.2 -0.2 0.358792 0.467402 523 172 707 169 465 279 673 290 619 130 5.96868 399 510 3.19218
10.7318 0.240152 0.469893 0 3 -0.2 -0.2 0.358792 0.467402 523 172 707 169 465 279 673 290 619 130 5.96868 399 510 3.19218
10.7985 0.240152 0.469893 0 3 -0.2 -0.2 0.358792 0.467402 523 172 707 169 465 279 673 290 619 130 5.96868 399 510 3.19218
10.8651 0.240152 0.469893 0 3 -0.2 -0.2 0.358792 0.467402 523 172 707 169 465 279 673 290 619 130 5.96868 399 510 3.19218
10.9318 0.240152 0.469893 0 3 -0.2 -0.2 0.358792 0.467402 523 172 707 169 465 279 673 290 619 130 5.96868 399 510 3.19218
10.9984 0.240152 0.469893 0 3 -0.2 -0.2 0.358792 0.467402 523 172 707 169 465 279 673 290 619 130 5.96868 399 510 3.19218
11.0651 0.240152 0.469893 0 3 -0.2 -0.2 0.358792 0.467402 523 172 707 169 465 279 673 290 619 130 5.96868 399 510 3.19218
11.1318 0.240152 0.469893 0 3 -0.2 -0.2 0.358792 0.467402 523 172 707 169 465 279 673 290 619 130 5.96868 399 510 3.19218
11.1984 0.240152 0.469893 0 3 -0.2 -0.2 0.358792 0.467402 523 172 707 169 465 279 673 290 619 130 5.96868 399 510 3.19218
11.2651 0.240152 0.469893 0 3 -0.2 -0.2 0.358792 0.467402 523 172 707 169 465 279 673 290 619 130 5.96868 399 510 3.19218
11.3318 0.240152 0.469893 0 3 -0.2 -0.2 0.358792 0.467402 523 172 707 169 465 279 673 290 619 130 5.96868 399 510 3.19218
11.3985 0.240152 0.469893 0 3 -0.2 -0.2 0.358792 0.467402 523 172 707 169 465 279 673 290 619 130 5.96868 399 510 3.19218
11.4651 0.240152 0.469893 0 3 -0.2 -0.2 0.358792 0.467402 523 172 707 169 465 279 673 290 619 130 5.96868 399 510 3.19218
11.5318 0.240152 0.469893 0 3 -0.2 -0.2 0.358792 0.467402 523 172 707 169 465 279 673 290 619 130 5.96868 399 510 3.19218
11.5985 0.240152 0.469893 0 3 -0.2 -0.2 0.358792 0.467402 523 172 707 169 465 279 673 290 619 130 5.96868 399 510 3.19218
11.6651 0.240152 0.469893 0 3 -0.2 -0.2 0.358792 0.467402 523 172 707 169 465 279 673 290 619 130 5.96868 399 510 3.19218
11.7318 0.240152 0.469893 0 3 -0.2 -0.2 0.358792 0.467402 523 172 707 169 465 279 673 290 619 130 5.96868 399 510 3.19218
11.7984 0.240152 0.469893 0 3 -0.2 -0.2 0.358792 0.467402 523 172 707 169 465 279 673 290 619 130 5.96868 399 510 3.19218
11.8651 0.240152 0.469893 0 3 -0.2 -0.2 0.358792 0.467402 523 172 707 169 465 279 673 290 619 130 5.96868 399 510 3.19218
11.9318 0.240152 0.469893 0 3 -0.2 -0.2 0.358792 0.467402 523 172 707 169 465 279 673 290 619 130 5.96868 399 510 3.19218
11.9985 0.240152 0.469893 0 3 -0.2 -0.2 0.358792 0.467402 523 172 707 169 465 279 673 290 619 130 5.96868 399 510 3.19218
12.0651 0.240152 0.469893 0 3 -0.2 -0.2 0.358792 0.467402 523 172 707 169 465 279 673 290 619 130 5.96868 399 510 3.19218
12.1318 0.240152 0.469893 0 3 -0.2 -0.2 0.358792 0.467402 523 172 707 169 465 279 673 290 619 130 5.96868 399 510 3.19218
12.1985 0.240152 0.469893 0 3 -0.2 -0.2 0.358792 0.467402 523 172 707 169 465 279 673 290 619 130 5.96868 399 510 3.19218
12.2651 0.240152 0.469893 0 3 -0.2 -0.2 0.358792 0.467402 523 172 707 169 465 279 673 290 619 130 5.96868 399 510 3.19218
12.3318 0.240152 0.469893 0 3 -0.2 -0.2 0.358792 0.467402 523 172 707 169 465 279 673 290 619 130 5.96868 399 510 3.19218
12.3984 0.240152 0.469893 0 3 -0.2 -0.2 0.358792 0.467402 523 172 707 169 465 279 673 290 619 130 5.96868 399 510 3.19218
12.4651 0.240152 0.469893 0 3 -0.2 -0.2 0.358792 0.467402 523 172 707 169 465 279 673 290 619 130 5.96868 399 510 3.19218
12.5318 0.240152 0.469893 0 3 -0.2 -0.2 0.358792 0.467402 523 172 707 169 465 279 673 290 619 130 5.96868 399 510 3.19218
12.5985 0.240152 0.469893 0 3 -0.2 -0.2 0.358792 0.467402 523 172 707 169 465 279 673 290 619 130 5.96868 399 510 3.19218
12.6651 0.240152 0.469893 0 3 -0.2 -0.2 0.358792 0.467402 523 172 707 169 465 279 673 290 619 130 5.96868 399 510 3.19218
12.7318 0.240152 0.469893 0 3 -0.2 -0.2 0.358792 0.467402 523 172 707 169 465 279 673 290 619 130 5.96868 399 510 3.19218
12.7985 0.240152 0.469893 0 3 -0.2 -0.2 0.358792 0.467402 523 172 707 169 465 279 673 290 619 130 5.96868 399 510 3.19218
12.8651 0.240152 0.469893 0 3 -0.2 -0.2 0.358792 0.467402 523 172 707 169 465 279 673 290 619 130 5.96868 399 510 3.19218
12.9318 0.240152 0.469893 0 3 -0.2 -0.2 0.358792 0.467402 523 172 707 169 465 279 673 290 619 130 5.96868 399 510 3.19218
12.9985 0.240152 0.469893 0 3 -0.2 -0.2 0.358792 0.467402 523 172 707 169 465 279 673 290 619 130 5.96868 399 510 3.19218
13.0652 0.240152 0.469893 0 3 -0.2 -0.2 0.358792 0.467402 523 172 707 169 465 279 673 290 619 130 5.96868 399 510 3.19218
13.1318 0.240152 0.469893 0 3 -0.2 -0.2 0.358792 0.467402 523 172 707 169 465 279 673 290 619 130 5.96868 399 510 3.19218
13.1985 0.240152 0.469893 0 3 -0.2 -0.2 0.358792 0.467402 523 172 707 169 465 279 673 290 619 130 5.96868 399 510 3.19218
13.2651 0.240152 0.469893 0 3 -0.2 -0.2 0.358792 0.467402 523 172 707 169 465 279 673 290 619 130 5.96868 399 510 3.19218
13.3318 0.240152 0.469893 0 3 -0.2 -0.2 0.358792 0.467402 523 172 707 169 465 279 673 290 619 130 5.96868 399 510 3.19218
13.3985 0.240152 0.469893 0 3 -0.2 -0.2 0.358792 0.467402 523 172 707 169 465 279 673 290 619 130 5.96868 399 510 3.19218
13.4651 0.240152 0.469893 0 3 -0.2 -0.2 0.358792 0.467402 523 172 707 169 465 279 673 290 619 130 5.96868 399 510 3.19218
13.5318 0.240152 0.469893 0 3 -0.2 -0.2 0.358792 0.467402 523 172 707 169 465 279 673 290 619 130 5.96868 399 510 3.19218
13.5984 0.240152 0.469893 0 3 -0.2 -0.2 0.358792 0.467402 523 172 707 169 465 279 673 290 619 130 5.96868 399 510 3.19218
13.6651 0.240152 0.469893 0 3 -0.2 -0.2 0.358792 0.467402 523 172 707 169 465 279 673 290 619 130 5.96868 399 510 3.19218
13.7318 0.240152 0.469893 0 3 -0.2 -0.2 0.358792 0.467402 523 172 707 169 465 279 673 290 619 130 5.96868 399 510 3.19218
13.7985 0.240152 0.469893 0 3 -0.2 -0.2 0.358792 0.467402 523 172 707 169 465 279 673 290 619 130 5.96868 399 510 3.19218
13.8651 0.240152 0.469893 0 3 -0.2 -0.2 0.358792 0.467402 523 172 707 169 465 279 673 290 619 130 5.96868 399 510 3.19218
13.9318 0.240152 0.469893 0 3 -0.2 -0.2 0.358792 0.467402 523 172 707 169 465 279 673 290 619 130 5.96868 399 510 3.19218
13.9985 0.240152 0.469893 0 3 -0.2 -0.2 0.358792 0.467402 523 172 707 169 465 279 673 290 619 130 5.96868 399 510 3.19218
14.0651 0.240152 0.469893 0 3 -0.2 -0.2 0.358792 0.467402 523 172 707 169 465 279 673 290 619 130 5.96868 399 510 3.19218
14.1318 0.240152 0.469893 0 3 -0.2 -0.2 0.358792 0.467402 523 172 707 169 465 279 673 290 619 130 5.96868 399 510 3.19218
14.1985 0.240152 0.469893 0 3 -0.2 -0.2 0.358792 0.467402 523 172 707 169 465 279 673 290 619 130 5.96868 399 510 3.19218
14.2651 0.240152 0.469893 0 3 -0.2 -0.2 0.358792 0.467402 523 172 707 169 465 279 673 290 619 130 5.96868 399 510 3.19218
14.3318 0.240152 0.469893 0 3 -0.2 -0.2 0.358792 0.467402 523 172 707 169 465 279 673 290 619 130 5.96868 399 510 3.19218
14.3984 0.240152 0.469893 0 3 -0.2 -0.2 0.358792 0.467402 523 172 707 169 465 279 673 290 619 130 5.96868 399 510 3.19218
14.4651 0.240152 0.469893 0 3 -0.2 -0.2 0.358792 0.467402 523 172 707 169 465 279 673 290 619 130 5.96868 399 510 3.19218
14.5318 0.240152 0.469893 0 3 -0.2 -0.2 0.358792 0.467402 523 172 707 169 465 279 673 290 619 130 5.96868 399 510 3.19218
14.5985 0.240152 0.469893 0 3 -0.2 -0.2 0.358792 0.467402 523 172 707 169 465 279 673 290 619 130 5.96868 399 510 3.19218
14.6651 0.240152 0.469893 0 3 -0.2 -0.2 0.358792 0.467402 523 172 707 169 465 279 673 290 619 130 5.96868 399 510 3.19218
14.7318 0.240152 0.469893 0 3 -0.2 -0.2 0.358792 0.467402 523 172 707 169 465 279 673 290 619 130 5.96868 399 510 3.19218
14.7985 0.240152 0.469893 0 3 -0.2 -0.2 0.358792 0.467402 523 172 707 169 465 279 673 290 619 130 5.96868 399 510 3.19218
14.8652 0.240152 0.469893 0 3 -0.2 -0.2 0.358792 0.467402 523 172 707 169 465 279 673 290 619 130 5.96868 399 510 3.19218
14.9318 0.240152 0.469893 0 3 -0.2 -0.2 0.358792 0.467402 523 172 707 169 465 279 673 290 619 130 5.96868 399 510 3.19218
14.9985 0.240152 0.469893 0 3 -0.2 -0.2 0.358792 0.467402 523 172 707 169 465 279 673 290 619 130 5.96868 399 510 3.19218
15.0651 0.240152 0.469893 0 3 -0.2 -0.2 0.358792 0.467402 523 172 707 169 465 279 673 290 619 130 5.96868 399 510 3.19218
15.1318 0.240152 0.469893 0 3 -0.2 -0.2 0.358792 0.467402 523 172 707 169 465 279 673 290 619 130 5.96868 399 510 3.19218
15.1985 0.240152 0.469893 0 3 -0.2 -0.2 0.358792 0.467402 523 172 707 169 465 279 673 290 619 130 5.96868 399 510 3.19218
15.2651 0.240152 0.469893 0 3 -0.2 -0.2 0.358792 0.467402 523 172 707 169 465 279 673 290 619 130 5.96868 399 510 3.19218
15.3318 0.240152 0.469893 0 3 -0.2 -0.2 0.358792 0.467402 523 172 707 169 465 279 673 290 619 130 5.96868 399 510 3.19218
15.3984 0.240152 0.469893 0 3 -0.2 -0.2 0.358792 0.467402 523 172 707 169 465 279 673 290 619 130 5.96868 399 510 3.19218
15.4651 0.240152 0.469893 0 3 -0.2 -0.2 0.358792 0.467402 523 172 707 169 465 279 673 290 619 130 5.96868 399 510 3.19218
15.5318 0.240152 0.469893 0 0 -0.2 -0.2 0.358792 0.467402 523 172 707 169 465 279 673 290 619 130 5.96868 399 510 3.19218
15.5985 0.240152 0.469893 0 0 0 0 0 0 523 172 707 169 465 279 673 290 619 130 5.96868 399 510 3.19218
15.6651 0 0 0 0 0 0 0 0 523 172 707 169 465 279 673 290 619 130 5.96868 399 510 3.19218
15.7318 0 0 0 0 0 0 0 0 523 172 707 169 465 279 673 290 619 130 5.96868 399 510 3.19218
15.7985 0 0 0 0 0 0 0 0 523 172 707 169 465 279 673 290 619 130 5.96868 399 510 3.19218
15.8651 0 0 0 0 0 0 0 0 523 172 707 169 465 279 673 290 619 130 5.96868 399 510 3.19218
15.9318 0 0 0 0 0 0 0 0 523 172 707 169 465 279 673 290 619 130 5.96868 399 510 3.19218
15.9984 0 0 0 0 0 0 0 0 523 172 707 169 465 279 673 290 619 130 5.96868 399 510 3.19218
16.0651 0 0 0 0 0 0 0 0 523 172 707 169 465 279 673 290 619 130 5.96868 399 510 3.19218
16.1318 0 0 0 0 0 0 0 0 519 170 708 170 462 278 673 290 619 130 5.96868 399 510 3.19218
16.1985 0 0 0 0 0 0 0 0 519 170 708 170 462 278 673 290 619 130 5.96868 399 510 3.19218
16.2651 0 0 0 0 0 0 0 0 519 170 708 170 462 278 673 290 619 130 5.96868 399 510 3.19218
16.3318 0 0 0 0 0 0 0 0 519 170 708 170 462 278 673 290 619 130 5.96868 399 510 3.19218
16.3984 0 0 0 0 0 0 0 0 519 170 708 170 462 278 673 290 619 130 5.96868 399 510 3.19218
16.4651 0 0 0 0 0 0 0 0 519 170 708 170 462 278 673 290 619 130 5.96868 399 510 3.19218
16.5318 0 0 0 0 0 0 0 0 519 170 708 170 462 278 673 290 619 130 5.96868 399 510 3.19218
16.5985 0 0 0 0 0 0 0 0 519 170 708 170 462 278 673 290 619 130 5.96868 399 510 3.19218
16.6651 0 0 0 0 0 0 0 0 519 170 708 170 462 278 673 290 619 130 5.96868 399 510 3.19218
16.7318 0 0 0 0 0 0 0 0 519 170 708 170 462 279 673 290 619 130 5.96868 399 510 3.19218
16.7985 0 0 0 0 0 0 0 0 519 170 708 170 462 278 673 290 619 130 5.96868 399 510 3.19218
16.8651 0 0 0 0 0 0 0 0 519 170 708 170 462 278 673 290 619 130 5.96868 399 510 3.19218
16.9318 0 0 0 0 0 0 0 0 519 170 708 170 462 278 673 290 619 130 5.96868 399 510 3.19218
16.9985 0 0 0 0 0 0 0 0 519 170 708 170 462 278 673 290 619 130 5.96868 399 509 3.14159
17.0651 0 0 0 0 0 0 0 0 519 170 708 170 462 278 673 290 619 130 5.96868 399 510 3.19218
17.1318 0 0 0 0 0 0 0 0 519 170 708 170 462 278 673 290 619 130 5.96868 399 510 3.19155
17.1984 0 0 0 0 0 0 0 0 519 170 708 170 462 278 673 290 619 130 5.96868 399 510 3.19218
17.2651 0 0 0 0 0 0 0 0 519 170 708 170 462 278 673 290 619 130 5.96868 399 510 3.19218
17.3318 0 0 0 0 0 0 0 0 519 170 708 170 462 278 673 290 619 130 5.96868 399 510 3.19218
17.3985 0 0 0 0 0 0 0 0 519 170 708 170 462 278 673 290 619 130 5.96868 399 510 3.19218
17.4651 0 0 0 0 0 0 0 0 519 170 708 170 462 278 673 290 619 130 5.96868 399 510 3.19218
17.5318 0 0 0 0 0 0 0 0 519 170 708 170 462 278 673 290 619 130 5.96868 399 510 3.19218
17.5985 0 0 0 0 0 0 0 0 519 170 708 170 462 278 673 290 619 130 5.96868 399 509 3.18004
17.6651 0 0 0 0 0 0 0 0 519 170 708 170 462 279 673 290 619 130 5.96868 399 510 3.19218
17.7318 0 0 0 0 0 0 0 0 519 170 708 170 462 278 673 290 619 130 5.96868 399 510 3.19218
17.7985 0 0 0 0 0 0 0 0 519 170 708 170 462 278 673 290 619 130 5.96868 399 510 3.19218
17.8651 0 0 0 0 0 0 0 0 519 170 708 170 462 278 673 290 619 130 5.96868 399 510 3.19218
17.9318 0 0 0 0 0 0 0 0 519 170 708 170 462 278 673 290 619 130 5.96868 399 510 3.19218
17.9984 0 0 0 0 0 0 0 0 519 170 708 170 462 278 673 290 619 130 5.96868 399 510 3.19218
18.0651 0 0 0 0 0 0 0 0 519 170 708 170 462 279 673 290 619 130 5.96868 399 510 3.19218
18.1318 0 0 0 0 0 0 0 0 519 170 708 170 462 278 673 290 619 130 5.96868 399 510 3.19218
18.1984 0 0 0 0 0 0 0 0 519 170 708 170 462 278 673 290 619 130 5.96868 399 510 3.19218
18.2651 0 0 0 0 0 0 0 0 519 170 708 170 462 278 673 290 619 130 5.96868 399 510 3.19218
18.3318 0 0 0 0 0 0 0 0 519 170 708 170 462 278 675 290 619 130 5.96868 399 509 3.15425
18.3984 0 0 0 0 0 0 0 0 519 171 708 170 462 278 705 312 619 130 5.96868 399 510 3.19155
18.4651 0 0 0 0 0 0 0 0 519 171 769 205 462 278 708 314 619 130 5.96868 399 510 3.17908
18.5318 0.200051 0.337253 0 1 0 0 0 0 519 171 770 206 462 278 708 314 619 130 5.96868 399 510 3.2048
18.5985 0.200051 0.33057 0 4 0 0 0 0 207 207 771 206 462 278 708 314 619 130 5.96868 399 511 3.19218
18.6651 0.200051 0.33057 0 4 0 0 0.320051 0.337253 200 213 770 207 269 314 708 314 619 130 5.96868 399 510 3.19218
18.7318 0.200051 0.330313 0 4 0 0 0.320051 0.33057 199 212 771 207 269 314 708 314 619 130 5.96868 399 510 3.19155
18.7985 0.200051 0.330313 0 4 0 0 0.320051 0.33057 199 212 770 207 269 314 708 314 619 130 5.96868 399 510 3.19218
18.8651 0.200051 0.330313 0 4 0 0 0.320051 0.330313 199 212 770 206 269 314 708 314 619 130 5.96868 399 510 3.17955
18.9318 0.200051 0.330313 0 4 0 0 0.320051 0.330313 200 212 771 206 269 314 708 314 619 130 5.96868 399 510 3.19218
18.9984 0.200051 0.330313 0 4 0 0 0.320051 0.330313 200 212 770 206 269 314 708 314 619 130 5.96868 399 510 3.19218
19.0651 0.200051 0.330313 0 4 0 0 0.320051 0.330313 200 212 771 206 269 314 708 314 619 130 5.96868 399 510 3.19218
19.1318 0.200051 0.330313 4 -1 0 0 0.320051 0.330313 200 212 770 206 270 313 708 314 619 130 5.96868 399 510 3.19218
19.1985 0.200051 0.330313 4 -1 0 0 0.320051 0.330313 206 208 770 206 272 311 708 314 619 130 5.96868 399 510 3.19218
19.2651 0.200051 0.336996 4 -17 0 0 0.320051 0.330313 207 207 771 206 273 311 708 314 619 130 5.96868 399 510 3.19218
19.3318 0.200051 0.336996 4 -17 0 0 0.320051 0.330313 206 207 770 206 273 311 708 314 619 130 5.96868 399 510 3.19218
19.3984 0.200051 0.336996 4 -17 0 0 0.320051 0.336996 206 207 770 206 273 311 708 313 619 130 5.96868 399 510 3.2048
19.4651 0.200051 0.333141 4 0 0 0 0.320051 0.336996 204 209 771 206 270 313 708 314 619 130 5.96868 399 510 3.19218
19.5318 0.200051 0.333141 4 0 0 0 0.320051 0.336996 199 213 770 206 270 313 708 314 619 130 5.96868 399 510 3.19218
19.5985 0.200051 0.333141 4 0 0 0 0.320051 0.333141 199 213 771 206 269 315 708 314 619 130 5.96868 399 510 3.19218
19.6651 0.200051 0.330827 4 4 0 0 0.320051 0.333141 198 213 770 206 269 315 708 314 619 130 5.96868 399 510 3.19218
19.7318 0.200051 0.330827 4 4 0 0 0.320051 0.333141 199 213 770 206 268 314 708 314 619 130 5.96868 399 510 3.19218
19.7985 0.200051 0.330827 4 4 0 0 0.320051 0.330827 199 213 770 206 268 314 708 314 619 130 5.96868 399 510 3.19218
19.8651 0.200051 0.330827 4 5 0 0 0.320051 0.330827 199 213 770 206 268 315 708 314 619 130 5.96868 399 510 3.19218
19.9318 0.200051 0.330827 4 5 0 0 0.320051 0.330827 199 213 770 206 268 314 708 314 619 130 5.96868 399 509 3.15394
19.9985 0.200051 0.330827 4 5 0 0 0.320051 0.330827 199 213 770 206 269 315 708 314 619 130 5.96868 399 510 3.19155
20.0651 0.200051 0.330827 4 -1 0 0 0.320051 0.330827 198 213 770 206 269 315 708 314 619 130 5.96868 399 510 3.19218
20.1318 0.200051 0.330827 4 -1 0 0 0.320051 0.330827 200 211 770 206 270 313 708 314 619 130 5.96868 399 510 3.19218
20.1985 0.200051 0.330827 4 -1 0 0 0.320051 0.330827 201 211 770 206 270 313 708 314 619 130 5.96868 399 510 3.19218
20.2651 0.200051 0.332883 3 0 0 0 0.320051 0.330827 201 210 770 206 270 313 708 314 619 130 5.96868 399 510 3.19218
20.3318 0.200051 0.332883 3 0 0 0 0.320051 0.330827 201 211 770 206 270 313 708 314 619 130 5.96868 399 510 3.19218
20.3984 0.200051 0.332883 3 0 0 0 0.320051 0.332883 201 211 771 206 270 313 708 314 619 130 5.96868 399 510 3.19218
20.4651 0.200051 0.331598 4 3 0 0 0.320051 0.332883 199 212 770 206 269 315 708 314 619 130 5.96868 399 510 3.19218
20.5318 0.200051 0.331598 4 3 0 0 0.320051 0.332883 199 213 770 206 269 315 708 314 619 130 5.96868 399 510 3.19218
20.5984 0.200051 0.331598 4 3 0 0 0.320051 0.331598 199 213 770 206 269 314 708 314 619 130 5.96868 399 510 3.19218
20.6651 0.200051 0.331084 4 3 0 0 0.320051 0.331598 199 213 770 206 268 314 708 314 619 130 5.96868 399 510 3.19218
20.7318 0.200051 0.331084 4 3 0 0 0.320051 0.331084 199 212 770 206 269 314 708 314 619 130 5.96868 399 510 3.19218
20.7984 0.200051 0.331084 4 4 0 0 0.320051 0.331084 199 212 770 206 269 314 708 314 619 130 5.96868 399 510 3.19218
20.8651 0.200051 0.331084 4 4 0 0 0.320051 0.331084 199 212 770 206 269 314 708 314 619 130 5.96868 399 510 3.19218
20.9318 0.200051 0.331084 4 4 0 0 0.320051 0.331084 199 212 770 206 269 314 708 314 619 130 5.96868 399 510 3.19218
20.9985 0.200051 0.331084 4 0 0 0 0.320051 0.331084 199 212 770 206 269 315 708 314 619 130 5.96868 399 509 3.20561
21.0651 0.200051 0.331084 4 0 0 0 0.320051 0.331084 199 212 770 206 269 314 708 314 619 130 5.96868 399 510 3.19218
21.1318 0.200051 0.331084 4 0 0 0 0.320051 0.331084 199 212 770 206 269 314 708 314 619 130 5.96868 399 510 3.19218
21.1985 0.200051 0.331341 3 -1 0 0 0.320051 0.331084 199 213 770 206 269 314 708 314 619 130 5.96868 399 510 3.19218
21.2651 0.200051 0.331341 3 -1 0 0 0.320051 0.331084 199 212 770 206 269 314 708 314 619 130 5.96868 399 510 3.19218
21.3318 0.200051 0.331341 3 -1 0 0 0.320051 0.331341 199 212 770 206 269 314 708 314 619 130 5.96868 399 510 3.19218
21.3985 0.200051 0.331341 3 3 0 0 0.320051 0.331341 199 212 770 206 269 314 708 314 619 130 5.96868 399 510 3.19218
21.4651 0.200051 0.331341 3 3 0 0 0.320051 0.331341 199 212 770 206 269 314 708 314 619 130 5.96868 399 510 3.19218
21.5318 0.200051 0.331341 3 3 0 0 0.320051 0.331341 199 212 770 206 269 314 708 314 619 130 5.96868 399 510 3.19218
21.5985 0.200051 0.331341 4 3 0 0 0.320051 0.331341 199 212 770 206 269 314 708 314 619 130 5.96868 399 510 3.19218
21.6651 0.200051 0.331341 4 3 0 0 0.320051 0.331341 199 212 770 206 269 314 708 314 619 130 5.96868 399 510 3.19218
21.7318 0.200051 0.331341 4 3 0 0 0.320051 0.331341 199 212 770 206 269 314 708 314 619 130 5.96868 399 510 3.19218
21.7985 0.200051 0.331341 3 1 0 0 0.320051 0.331341 199 212 770 206 269 314 708 314 619 130 5.96868 399 510 3.19218
21.8651 0.200051 0.331341 3 1 0 0 0.320051 0.331341 199 212 770 206 269 314 708 314 619 130 5.96868 399 510 3.19218
21.9318 0.200051 0.331341 3 1 0 0 0.320051 0.331341 199 212 770 206 269 314 708 314 619 130 5.96868 399 510 3.19218
21.9985 0.200051 0.331341 3 0 0 0 0.320051 0.331341 199 212 770 206 269 314 708 314 619 130 5.96868 399 510 3.19218
22.0651 0.200051 0.331341 3 0 0 0 0.320051 0.331341 199 212 770 206 269 314 708 314 619 130 5.96868 399 510 3.19218
22.1318 0.200051 0.331341 3 0 0 0 0.320051 0.331341 199 212 770 206 269 314 708 314 619 130 5.96868 399 510 3.19218
22.1984 0.200051 0.331341 3 0 0 0 0.320051 0.331341 199 212 770 206 269 314 708 314 619 130 5.96868 399 510 3.19218
22.2651 0.200051 0.331341 3 0 0 0 0.320051 0.331341 199 212 770 206 269 314 708 314 619 130 5.96868 399 510 3.19218
22.3318 0.200051 0.331341 3 0 0 0 0.320051 0.331341 199 212 770 206 269 314 708 314 619 130 5.96868 399 510 3.19218
22.3984 0.200051 0.331341 3 0 0 0 0.320051 0.331341 199 212 770 206 269 314 708 314 619 130 5.96868 399 510 3.17955
22.4651 0.200051 0.331341 3 0 0 0 0.320051 0.331341 199 212 770 206 269 314 708 314 619 130 5.96868 399 510 3.19218
22.5318 0.200051 0.331341 3 -1 0 0 0.320051 0.331341 199 212 770 206 269 314 708 314 619 130 5.96868 399 510 3.19218
22.5985 0.200051 0.331341 3 -1 0 0 0.320051 0.331341 199 212 770 206 269 314 708 313 619 130 5.96868 399 510 3.19218
22.6651 0.200051 0.331341 3 -1 0 0 0.320051 0.331341 199 213 770 206 269 314 708 314 619 130 5.96868 399 509 3.15425
22.7318 0.200051 0.331341 3 0 0 0 0.320051 0.331341 199 212 771 206 269 314 708 314 619 130 5.96868 399 509 3.19218
22.7985 0.200051 0.331341 3 0 0 0 0.320051 0.331341 199 212 771 206 269 314 708 314 619 130 5.96868 399 510 3.19218
22.8651 0.200051 0.331341 3 0 0 0 0.320051 0.331341 199 212 771 206 269 314 708 314 619 130 5.96868 399 510 3.17955
22.9318 0.200051 0.331084 3 0 0 0 0.320051 0.331341 199 213 770 206 269 314 708 314 619 130 5.96868 399 510 3.19218
22.9985 0.200051 0.331084 3 0 0 0 0.330051 0.341341 199 212 770 206 269 314 708 314 619 130 5.96868 399 510 3.19218
23.0651 0.200051 0.331084 3 0 0 0 0.330051 0.341341 199 212 770 206 269 314 708 314 490 68 5.26469 399 510 3.19218
23.1318 0.200051 0.331084 3 0 0 0 0.330051 0.341341 199 213 770 206 269 314 708 314 492 83 5.17153 399 510 3.19218
23.1984 0.200051 0.331341 3 0 0 0 0.330051 0.341341 199 212 770 206 269 314 708 314 498 91 5.13985 399 510 3.19218
23.2651 0.200051 0.331341 3 0 0 0 0.330051 0.341341 199 213 770 206 269 314 708 314 498 92 5.14334 399 510 3.19218
23.3318 0.200051 0.331341 3 0 0 0 0.330051 0.341341 199 212 756 196 269 315 698 306 497 91 5.15278 399 510 3.17955
23.3985 0.200051 0.331341 3 0 0 0 0.330051 0.341341 199 212 753 193 269 315 698 306 497 92 5.16215 399 510 3.17955
23.4651 0.200051 0.331341 3 0 0 0 0.340051 0.351341 199 212 753 193 269 315 698 306 497 93 5.16215 399 509 3.14159
23.5318 0.209305 0.331341 6 -1 0 0 0.340051 0.351341 200 212 753 193 270 314 698 306 497 94 5.15278 399 510 3.19218
23.5984 0.209305 0.331341 6 -1 0 0 0.340051 0.351341 212 202 753 193 276 309 698 306 497 95 5.13902 399 510 3.19155
23.6651 0.209305 0.331341 6 -1 0 0 0.340051 0.351341 214 201 753 193 276 309 698 306 496 95 5.12956 399 510 3.19155
23.7318 0.209305 0.331341 6 -1 0 0 0.340051 0.351341 214 201 753 193 278 307 698 306 495 95 5.14408 399 509 3.20561
23.7985 0.209305 0.341109 1 -2 0 0 0.340051 0.351341 214 201 753 193 277 307 690 300 496 95 5.13478 399 510 3.14159
23.8651 0.209305 0.341109 1 -2 0 0 0.340051 0.351341 214 201 735 182 277 307 687 298 495 96 5.13478 399 509 3.15425
23.9318 0.209305 0.341109 1 -2 0 0 0.350051 0.361341 214 201 733 182 277 307 686 298 495 96 5.12539 399 509 3.19218
23.9984 0.209305 0.341109 1 -2 0 0 0.350051 0.361341 214 201 733 182 278 307 686 298 495 95 5.14408 399 509 3.15425
24.0651 0.219587 0.344965 10 -12 0 0 0.350051 0.361341 232 189 733 181 288 300 686 298 496 95 5.13902 399 509 3.19218
24.1318 0.219587 0.344965 10 -12 0 0 0.350051 0.361341 234 189 733 181 289 299 686 298 495 95 5.13478 399 510 3.19218
24.1984 0.219587 0.344965 10 -12 0 0 0.350051 0.361341 234 188 733 181 289 299 686 298 495 95 5.12956 399 510 3.19218
24.2651 0.219587 0.344965 10 -12 0 0 0.350051 0.361341 234 188 732 181 289 298 683 296 495 95 5.15331 399 510 3.19218
24.3318 0.219587 0.344965 10 -12 0 0 0.350051 0.361341 235 188 717 173 290 299 677 292 495 95 5.13478 399 510 3.19155
24.3985 0.223443 0.350877 17 -13 0 0 0.350051 0.361341 235 188 716 173 289 298 676 292 495 95 5.15331 399 510 3.15425
24.4651 0.223443 0.350877 17 -13 0 0 0.360051 0.371341 235 188 715 173 289 298 676 292 495 95 5.13478 399 510 3.15425
24.5318 0.223443 0.350877 17 -13 0 0 0.360051 0.371341 252 179 715 173 301 292 676 292 495 95 5.14839 399 510 3.15425
24.5985 0.223443 0.350877 17 -13 0 0 0.360051 0.371341 256 177 715 172 302 291 676 292 494 95 5.13985 399 510 3.19218
24.6651 0.229612 0.360902 9 -19 0 0 0.360051 0.371341 256 177 715 173 302 291 676 292 495 94 5.14408 399 510 3.15425
24.7318 0.229612 0.360902 9 -19 0 0 0.360051 0.371341 257 177 715 172 302 291 675 292 495 95 5.13902 399 510 3.17955
24.7984 0.229612 0.360902 9 -19 0 0 0.360051 0.371341 256 176 715 172 302 292 664 286 495 95 5.15278 399 509 3.2048
24.8651 0.229612 0.360902 9 -19 0 0 0.360051 0.371341 256 176 695 163 302 292 663 286 495 95 5.15278 399 510 3.19155
24.9318 0.239123 0.360902 13 -1 0 0 0.370051 0.381341 257 176 695 163 302 291 663 286 496 95 5.13902 399 510 3.19155
24.9984 0.239123 0.360902 13 -1 0 0 0.370051 0.381341 257 176 694 163 313 286 664 286 495 95 5.14334 399 509 3.19155
25.0651 0.239123 0.360902 13 -1 0 0 0.370051 0.381341 278 166 694 163 313 286 663 286 495 96 5.13902 399 509 3.19155
25.1318 0.239123 0.360902 13 -1 0 0 0.370051 0.381341 280 166 694 163 317 284 663 286 495 96 5.15278 399 509 3.12909
25.1984 0.239123 0.360902 13 -1 0 0 0.370051 0.381341 280 166 694 163 317 284 663 286 495 96 5.15769 399 510 3.14159
25.2651 0.239381 0.371184 2 -6 0 0 0.370051 0.381341 280 167 676 158 317 283 651 280 495 96 5.14839 399 510 3.19218
25.3318 0.239381 0.371184 2 -6 0 0 0.370051 0.381341 280 167 674 157 317 283 651 280 495 96 5.13902 399 510 3.2048
25.3985 0.239381 0.371184 2 -6 0 0 0.380051 0.391341 280 167 674 157 317 283 651 281 496 96 5.13061 399 510 3.14159
25.4651 0.239381 0.371184 2 -6 0 0 0.380051 0.391341 282 166 673 157 322 281 651 281 495 95 5.14408 399 510 3.14159
25.5318 0.249406 0.37504 16 -15 0 0 0.380051 0.391341 300 160 674 157 329 278 651 281 495 95 5.13061 399 510 3.15409
25.5985 0.249406 0.37504 16 -15 0 0 0.380051 0.391341 303 159 673 157 330 278 650 280 495 95 5.1213 399 510 3.15425
25.6651 0.249406 0.37504 16 -15 0 0 0.380051 0.391341 303 159 673 157 330 279 650 281 496 95 5.13061 399 510 3.12894
25.7318 0.249406 0.37504 16 -15 0 0 0.380051 0.391341 303 158 673 157 330 279 639 277 495 95 5.12956 399 510 3.19155
25.7985 0.253261 0.380952 13 -6 0 0 0.380051 0.391341 303 158 652 150 330 279 638 277 495 95 5.14839 399 510 3.19155
25.8651 0.253261 0.380952 13 -6 0 0 0.390051 0.405 303 158 651 150 330 279 637 277 494 95 5.14408 399 510 3.17908
25.9318 0.253261 0.380952 13 -6 0 0 0.390051 0.405 303 158 651 150 332 278 637 277 493 97 5.13478 399 510 3.17861
25.9985 0.253261 0.380952 13 -6 0 0 0.390051 0.405 324 152 651 150 343 275 637 277 493 97 5.13061 399 510 3.19155
26.0651 0.253261 0.380952 13 -6 0 0 0.390051 0.405 326 152 651 150 345 274 637 277 493 96 5.12539 399 510 3.19155
26.1318 0.259431 0.39072 16 -18 0 0 0.390051 0.405 327 151 651 150 345 274 637 277 493 96 5.12539 399 510 3.17908
26.1985 0.259431 0.39072 16 -18 0 0 0.390051 0.405 327 152 651 150 345 274 630 275 493 96 5.11728 399 510 3.14159
26.2651 0.259431 0.39072 16 -18 0 0 0.390051 0.405 327 152 629 147 345 274 623 273 493 97 5.1213 399 509 3.15409
26.3318 0.259431 0.39072 16 -18 0 0 0.41 0.405 327 152 627 146 345 273 623 272 493 97 5.12539 399 509 3.14159
26.3984 0.269199 0.390977 16 -1 0 0 0.41 0.405 327 152 627 146 345 273 622 272 493 97 5.1213 399 509 3.15425
26.4651 0.269199 0.390977 16 -1 0 0 0.41 0.405 358 147 626 147 365 268 622 272 493 97 5.12653 399 510 3.14159
26.5318 0.269199 0.390977 16 -1 0 0 0.41 0.405 360 147 626 147 365 269 623 272 493 97 5.12539 399 510 3.15409
26.5984 0.269199 0.390977 16 -1 0 0 0.41 0.405 361 147 626 147 365 269 622 273 493 97 5.1213 399 510 3.15409
26.6651 0.269456 0.404601 2 -19 0 0 0.41 0.405 361 147 624 147 365 269 616 272 493 97 5.1213 399 510 3.2048
26.7318 0.269456 0.404601 2 -19 0 0 0.41 0.405 361 148 584 144 366 269 598 269 493 97 5.11334 399 510 3.19218
26.7984 0.269456 0.404601 2 -19 0 0 0.41 0.405 361 148 584 145 366 269 597 269 493 97 5.11334 399 510 3.11628
26.8651 0.269456 0.404601 2 -19 0 0 0.379431 0.39072 361 147 583 144 366 269 597 269 493 96 5.11728 399 510 3.15409
26.9318 0.289249 0.404601 16 -19 0 0 0.389456 0.404601 361 147 583 144 365 269 597 270 493 96 5.12653 399 510 3.19218
26.9984 0.289249 0.404601 16 -19 0 0 0.389456 0.404601 361 147 584 144 365 269 597 270 493 96 5.14408 399 510 3.19218
27.0651 0.289249 0.404601 16 -19 0 0 0.409249 0.404601 361 146 583 143 366 269 597 270 493 96 5.13902 399 510 3.19218
27.1318 0.289249 0.404601 19 -19 0 0 0.409249 0.404601 361 147 583 143 365 270 597 270 493 96 5.13061 399 510 3.19218
27.1985 0.289249 0.404601 19 -19 0 0 0.409249 0.404601 361 146 583 143 366 269 597 270 493 96 5.13902 399 510 3.2048
27.2651 0.289249 0.404601 19 -19 0 0 0.409249 0.404601 361 146 583 143 366 270 597 270 493 96 5.1213 399 510 3.19218
27.3318 0.289249 0.404601 7 -19 0 0 0.409249 0.404601 361 146 583 143 366 270 597 270 493 96 5.13902 399 510 3.17955
27.3985 0.289249 0.404601 7 -19 0 0 0.409249 0.404601 361 146 583 143 366 269 597 270 493 96 5.12539 399 510 3.19218
27.4651 0.289249 0.404601 7 -19 0 0 0.409249 0.404601 361 147 583 143 365 270 597 270 493 96 5.13902 399 509 3.18004
27.5318 0.288992 0.404601 8 2 0 0 0.409249 0.404601 361 146 583 143 366 269 597 270 493 97 5.13061 399 510 3.19218
27.5985 0.288992 0.404601 8 2 0 0 0.409249 0.404601 361 147 583 143 366 270 597 270 493 96 5.1213 399 510 3.19218
27.6651 0.288992 0.404601 8 2 0 0 0.409249 0.404601 361 146 583 143 366 270 597 270 493 96 5.13902 399 510 3.19218
27.7318 0.288735 0.404344 7 0 0 0 0.409249 0.404601 361 146 583 143 366 270 597 270 493 96 5.13902 399 510 3.19218
27.7984 0.288735 0.404344 7 0 0 0 0.409249 0.404601 361 147 583 143 365 270 597 270 493 96 5.13902 399 510 3.19218
27.8651 0.288735 0.404344 7 0 0 0 0.409249 0.404601 361 146 583 143 366 270 597 270 493 96 5.13902 399 510 3.2048
27.9318 0.288992 0.404344 8 0 0 0 0.409249 0.404601 361 147 583 143 365 270 597 270 493 96 5.13902 399 510 3.19218
27.9985 0.288992 0.404344 8 0 0 0 0.409249 0.404601 361 147 583 143 366 270 597 270 493 96 5.13902 399 510 3.17955
28.0651 0.288735 0.404344 8 0 0 0 0.409249 0.404601 361 147 583 143 366 270 597 270 493 96 5.14408 399 510 3.19218
28.1318 0.288735 0.404344 8 0 0 0 0.409249 0.404601 361 147 583 143 365 270 597 270 493 96 5.13902 399 510 3.19218
28.1984 0.288735 0.404344 8 0 0 0 0.409249 0.404601 361 147 583 143 366 270 597 270 493 96 5.14408 399 510 3.19218
28.2651 0.288735 0.404344 9 0 0 0 0.409249 0.404601 361 147 583 143 365 270 597 270 493 96 5.13902 399 510 3.19218
28.3318 0.288735 0.404344 9 0 0 0 0.409249 0.404601 361 147 583 143 366 270 597 270 493 96 5.13902 399 510 3.19218
28.3984 0.288735 0.404344 9 0 0 0 0.409249 0.404601 361 147 583 143 366 270 597 270 493 96 5.13902 399 510 3.19218
28.4651 0.288992 0.404344 10 0 0 0 0.409249 0.404601 361 147 583 143 366 270 597 270 493 96 5.13902 399 510 3.2048
28.5318 0.288992 0.404344 10 0 0 0 0.409249 0.404601 361 147 583 143 366 270 597 270 493 96 5.13902 399 510 3.19218
28.5985 0.288992 0.404344 10 0 0 0 0.409249 0.404601 361 147 583 143 366 270 597 270 493 96 5.14408 399 510 3.19218
28.6651 0.288735 0.404344 12 0 0 0 0.409249 0.404601 361 147 583 143 366 270 597 270 493 96 5.13902 399 510 3.19218
28.7318 0.288735 0.404344 12 0 0.2 0.2 0.409449 0.404801 361 147 583 143 366 270 597 270 493 96 5.13902 399 510 3.19218
28.7985 0.288735 0.404344 12 0 0.2 0.2 0.409649 0.405001 361 147 583 143 365 270 597 270 493 96 5.13902 399 510 3.2048
28.8651 0.288992 0.404344 8 0 0.2 0.2 0.409849 0.405201 361 147 583 143 366 270 597 270 493 96 5.13902 399 510 3.19155
28.9318 0.288992 0.404344 8 0 0.2 0.2 0.410049 0.405401 361 147 583 143 365 270 597 270 493 96 5.13902 399 510 3.19218
28.9985 0.288992 0.404344 8 0 0.2 0.2 0.410249 0.405601 361 147 583 143 366 270 597 270 493 96 5.14408 399 510 3.19218
29.0651 0.288735 0.404344 9 0 0.2 0.2 0.410449 0.405801 361 147 583 143 366 270 597 270 493 96 5.13478 399 510 3.19218
29.1318 0.288735 0.404344 9 0 0.2 0.2 0.410649 0.406001 361 147 583 143 365 270 597 270 493 96 5.13902 399 510 3.2048
29.1985 0.288735 0.404344 9 0 0.2 0.2 0.410849 0.406201 361 147 583 143 366 270 597 270 493 96 5.13902 399 510 3.19218
29.2651 0.288735 0.404344 29 0 0.2 0.2 0.411049 0.406401 361 147 583 143 366 270 597 270 493 96 5.13902 399 510 3.19218
29.3318 0.288735 0.404344 29 0 0.2 0.2 0.411249 0.406601 361 147 583 143 366 270 597 270 492 96 5.12539 399 510 3.19218
29.3985 0.288735 0.404344 29 0 0.2 0.2 0.411449 0.406801 361 147 583 143 366 270 597 270 492 97 5.1213 399 510 3.19218
29.4651 0.289506 0.404858 26 -20 0.2 0.2 0.411649 0.407001 362 147 583 143 366 269 597 270 492 96 5.12539 399 510 3.19218
29.5318 0.289506 0.404858 26 -20 0.2 0.2 0.411849 0.407201 362 147 583 143 366 269 597 270 492 96 5.12539 399 510 3.19218
29.5985 0.29002 0.405115 27 -19 0.2 0.2 0.412049 0.407401 362 147 582 143 366 269 597 270 492 96 5.13061 399 510 3.19218
29.6651 0.29002 0.405115 27 -19 0.2 0.2 0.412249 0.407601 362 146 582 143 366 269 596 270 491 96 5.15331 399 510 3.19218
29.7318 0.29002 0.405115 27 -19 0.2 0.2 0.412449 0.407801 362 146 582 143 366 269 596 270 491 96 5.13902 399 510 3.19218
29.7984 0.290534 0.405887 17 -21 0.2 0.2 0.412649 0.408001 364 146 582 143 367 269 596 270 491 96 5.13902 399 510 3.19218
29.8651 0.290534 0.405887 17 -21 0.2 0.2 0.412849 0.408201 364 146 582 143 368 269 596 270 491 96 5.14408 399 510 3.19218
29.9318 0.290534 0.405887 17 -21 0.2 0.2 0.413049 0.408401 364 146 582 144 367 269 596 270 489 96 5.13985 399 510 3.19218
29.9984 0.291305 0.406144 17 -16 0.2 0.2 0.413249 0.408601 364 146 581 144 368 269 596 270 489 96 5.14408 399 510 3.17955
30.0651 0.291305 0.406144 17 -16 0.2 0.2 0.413449 0.408801 365 146 581 144 369 269 596 270 488 96 5.13985 399 510 3.19218
30.1318 0.291305 0.406144 17 -16 0.2 0.2 0.413649 0.409001 367 146 581 144 369 269 596 270 489 96 5.14408 399 510 3.2048
30.1984 0.291305 0.406915 16 -20 0.2 0.2 0.413849 0.409201 367 146 581 144 369 269 596 270 489 97 5.14902 399 510 3.19218
30.2651 0.291305 0.406915 16 -20 0.2 0.2 0.414049 0.409401 367 146 579 144 369 269 595 270 484 96 5.15331 399 510 3.19218
30.3318 0.291305 0.406915 16 -20 0.2 0.2 0.414249 0.409601 367 146 579 144 369 269 594 270 483 97 5.13478 399 510 3.19218
30.3985 0.292333 0.407429 28 -22 0.2 0.2 0.414449 0.409801 369 146 579 144 371 269 595 270 483 97 5.13478 399 510 3.19218
30.4651 0.292333 0.407429 28 -22 0.2 0.2 0.414649 0.410001 370 146 579 143 371 268 595 270 483 97 5.13478 399 510 3.19218
30.5318 0.292333 0.407429 28 -22 0.2 0.2 0.414849 0.410201 370 146 579 144 371 268 594 270 483 97 5.13478 399 510 3.19218
30.5985 0.292848 0.407943 33 -24 0.2 0.2 0.415049 0.410401 370 146 577 144 371 269 593 270 477 98 5.13985 399 510 3.19218
30.6651 0.292848 0.407943 33 -24 0.2 0.2 0.415249 0.410601 370 146 577 144 371 269 593 271 476 98 5.11728 399 510 3.19218
30.7318 0.292848 0.407943 33 -24 0.2 0.2 0.415449 0.410801 372 145 576 144 372 269 593 270 476 98 5.1213 399 510 3.19218
30.7985 0.293362 0.408971 16 -27 0.2 0.2 0.415649 0.411001 372 145 576 144 372 269 593 270 476 98 5.1213 399 510 3.19218
30.8651 0.293362 0.408971 16 -27 0.2 0.2 0.415849 0.411201 373 145 576 144 372 269 592 270 476 98 5.13061 399 510 3.17955
30.9318 0.293362 0.408971 16 -27 0.2 0.2 0.416049 0.411401 373 145 574 144 372 269 592 270 470 99 5.1119 399 510 3.19218
30.9985 0.294133 0.408971 24 -16 0.2 0.2 0.416249 0.411601 373 145 574 144 372 269 591 270 469 99 5.11728 399 510 3.19218
31.0651 0.294133 0.408971 24 -16 0.2 0.2 0.416449 0.411801 374 145 574 144 374 268 592 270 469 99 5.11728 399 510 3.2048
31.1318 0.294133 0.409999 24 -21 0.2 0.2 0.416649 0.412001 375 146 574 144 374 268 591 270 469 99 5.11728 399 510 3.19218
31.1985 0.294133 0.409999 24 -21 0.2 0.2 0.416849 0.412201 375 145 573 144 374 268 591 270 468 99 5.13985 399 510 3.2048
31.2651 0.294133 0.409999 24 -21 0.2 0.2 0.417049 0.412401 375 145 572 144 374 268 590 270 462 99 5.1213 399 510 3.19218
31.3318 0.295418 0.410513 21 -20 0.2 0.2 0.417249 0.412601 375 145 571 144 374 268 590 270 462 99 5.10409 399 510 3.19218
31.3985 0.295418 0.410513 21 -20 0.2 0.2 0.417449 0.412801 377 145 571 144 376 268 590 270 462 99 5.10796 399 510 3.19218
31.4651 0.295418 0.410513 21 -20 0.2 0.2 0.417649 0.413001 377 145 571 144 376 268 590 270 462 99 5.10796 399 510 3.17955
31.5318 0.295932 0.411028 36 -20 0.2 0.2 0.417849 0.413201 377 145 570 144 376 268 589 270 459 99 5.11728 399 510 3.19218
31.5985 0.295932 0.411028 36 -20 0.2 0.2 0.418049 0.413401 377 145 570 144 376 269 589 270 459 99 5.10409 399 510 3.17955
31.6651 0.295932 0.411028 36 -20 0.2 0.2 0.418249 0.413601 378 145 570 144 376 268 589 270 459 99 5.10409 399 510 3.19218
31.7318 0.295932 0.411799 36 -19 0.2 0.2 0.418449 0.413801 379 145 570 144 377 268 589 270 460 99 5.1213 399 510 3.19218
31.7985 0.295932 0.411799 36 -19 0.2 0.2 0.418649 0.414001 379 145 570 144 376 268 589 270 460 99 5.11728 399 510 3.2048
31.8651 0.295932 0.411799 36 -19 0.2 0.2 0.418849 0.414201 379 145 570 144 376 268 589 270 460 99 5.1213 399 510 3.19218
31.9318 0.29696 0.411799 31 -18 0.2 0.2 0.419049 0.414401 379 145 570 144 376 268 589 270 460 99 5.1213 399 510 3.19218
31.9984 0.29696 0.411799 31 -18 0.2 0.2 0.419249 0.414601 379 145 570 144 377 268 589 270 460 99 5.11728 399 510 3.19218
32.0651 0.29696 0.411799 31 -18 0.2 0.2 0.419449 0.414801 381 145 568 144 378 268 588 270 475 97 5.1119 399 510 3.2048
32.1318 0.297217 0.412827 15 -20 0.2 0.2 0.419649 0.415001 382 145 568 144 378 268 587 270 473 98 5.12539 399 510 3.19218
32.1985 0.297217 0.412827 15 -20 0.2 0.2 0.419849 0.415201 382 145 566 144 378 268 586 270 472 97 5.11592 399 510 3.17955
32.2651 0.297217 0.412827 15 -20 0.2 0.2 0.420049 0.415401 382 145 565 144 378 268 586 270 471 97 5.10638 399 510 3.19218
32.3318 0.298246 0.413341 16 -23 0.2 0.2 0.420249 0.415601 384 145 565 144 379 268 586 270 471 97 5.10638 399 510 3.19218
32.3985 0.298246 0.413341 16 -23 0.2 0.2 0.420449 0.415801 384 145 565 144 380 268 586 270 471 97 5.12539 399 510 3.19218
32.4651 0.298246 0.413341 16 -23 0.2 0.2 0.420649 0.416001 384 145 565 144 379 268 586 270 471 98 5.11592 399 510 3.19218
32.5318 0.29876 0.413855 36 -20 0.2 0.2 0.420849 0.416201 384 145 565 144 379 268 586 270 471 98 5.1119 399 510 3.19218
32.5985 0.29876 0.413855 36 -20 0.2 0.2 0.421049 0.416401 384 145 565 145 379 268 586 270 471 98 5.1119 399 510 3.2048
32.6651 0.29876 0.413855 36 -20 0.2 0.2 0.421249 0.416601 384 145 565 145 379 268 586 270 471 98 5.11592 399 510 3.19218
32.7318 0.299017 0.414626 38 -30 0.2 0.2 0.421449 0.416801 384 145 565 144 379 268 586 270 471 98 5.12539 399 510 3.19155
32.7984 0.299017 0.414626 38 -30 0.2 0.2 0.421649 0.417001 384 145 564 144 379 268 586 270 471 98 5.10244 399 510 3.19218
32.8651 0.299788 0.414626 26 -26 0.2 0.2 0.421849 0.417201 384 145 564 144 379 268 586 270 471 98 5.11592 399 510 3.19218
32.9318 0.299788 0.414626 26 -26 0.2 0.2 0.422049 0.417401 384 145 564 144 379 268 586 270 471 98 5.1119 399 510 3.19218
32.9984 0.299788 0.414626 26 -26 0.2 0.2 0.422249 0.417601 384 145 564 144 380 268 586 270 471 98 5.12539 399 510 3.17955
33.0651 0.299788 0.415397 25 -30 0.2 0.2 0.422449 0.417801 384 145 565 144 380 268 586 270 471 98 5.11592 399 510 3.19218
33.1318 0.299788 0.415397 25 -30 0.2 0.2 0.422649 0.418001 384 145 564 144 379 268 586 270 471 98 5.11592 399 510 3.19218
33.1985 0.299788 0.415397 25 -30 0.2 0.2 0.422849 0.418201 384 145 564 144 379 268 586 270 471 98 5.12539 399 510 3.2048
33.2651 0.300302 0.415912 26 -40 0.2 0.2 0.423049 0.418401 384 145 564 144 380 268 586 270 471 98 5.11592 399 510 3.19218
33.3318 0.300302 0.415912 26 -40 0.2 0.2 0.423249 0.418601 384 145 565 144 380 268 586 270 471 98 5.12002 399 510 3.19218
33.3985 0.300302 0.415912 26 -40 0.2 0.2 0.423449 0.418801 384 145 564 144 380 268 586 270 471 98 5.12539 399 510 3.2048
33.4651 0.301073 0.415912 35 -37 0.2 0.2 0.423649 0.419001 384 145 564 144 380 268 586 270 471 98 5.12539 399 510 3.2048
33.5318 0.301073 0.415912 35 -37 0.2 0.2 0.423849 0.419201 384 145 564 144 380 268 586 270 471 98 5.11592 399 510 3.2048
33.5984 0.301073 0.415912 35 -37 0.2 0.2 0.424049 0.419401 384 145 565 144 380 268 586 270 471 98 5.12539 399 510 3.19218
33.6651 0.30133 0.416683 35 -42 0 0 0.424049 0.419401 384 145 565 144 380 268 586 270 471 98 5.12539 399 510 3.19218
33.7318 0.30133 0.416683 35 -42 0 0 0.424049 0.419401 384 145 565 144 380 268 586 270 471 98 5.12539 399 510 3.19218
33.7984 0.30133 0.416683 35 -42 0 0 0.424049 0.419401 384 145 565 145 380 268 586 270 471 98 5.12539 399 510 3.19218
33.8651 0.302101 0.416683 36 -37 0 0 0.424049 0.419401 384 145 565 145 380 268 586 270 471 98 5.12539 399 510 3.19218
33.9318 0.302101 0.416683 36 -37 0 0 0.424049 0.419401 385 145 565 145 380 268 586 270 472 98 5.11592 399 510 3.19218
33.9985 0.302101 0.416683 36 -37 0 0 0.424049 0.419401 385 145 565 145 380 268 586 270 472 98 5.11592 399 510 3.19218
34.0651 0.302358 0.417711 44 -43 0 0 0.424049 0.419401 385 145 565 145 380 268 586 270 472 98 5.11592 399 510 3.19218
34.1318 0.302358 0.417711 44 -43 0 0 0.424049 0.419401 385 145 565 145 380 268 586 270 472 98 5.11592 399 510 3.2048
34.1984 0.302358 0.417711 44 -43 0 0 0.424049 0.419401 385 145 565 144 380 268 586 270 472 98 5.11592 399 510 3.19218
34.2651 0.302358 0.417711 45 -48 0 0 0.424049 0.419401 385 145 565 145 380 268 586 270 472 98 5.11592 399 510 3.19218
34.3318 0.302358 0.417711 45 -48 0 0 0.424049 0.419401 385 145 565 145 380 268 586 270 472 98 5.11592 399 510 3.19218
34.3984 0.302358 0.417711 45 -46 0 0 0.424049 0.419401 385 145 565 145 380 268 586 270 472 98 5.11592 399 510 3.19218
34.4651 0.302358 0.417711 45 -46 0 0 0.424049 0.419401 385 145 565 144 380 268 586 270 472 98 5.11592 399 510 3.19218
34.5317 0.302358 0.417711 45 -46 0 0 0.424049 0.419401 385 145 565 145 380 268 586 270 472 98 5.11592 399 510 3.19218
34.5984 0.302358 0.417968 46 -45 0 0 0.424049 0.419401 385 145 565 144 380 268 586 270 472 98 5.11592 399 510 3.19218
34.6651 0.302358 0.417968 46 -45 0 0 0.424049 0.419401 385 145 565 145 380 268 586 270 472 98 5.11592 399 510 3.19218
34.7318 0.302358 0.417968 46 -45 0 0 0.424049 0.419401 385 145 565 145 380 268 586 270 472 98 5.11592 399 510 3.2048
34.7984 0.302101 0.417711 43 -48 0 0 0.424049 0.419401 385 145 565 145 380 268 586 270 471 98 5.12539 399 510 3.19218
34.8651 0.302101 0.417711 43 -48 0.2 -0.2 0.424249 0.419201 385 145 565 144 380 268 586 270 472 98 5.11592 399 510 3.19218
34.9318 0.302101 0.417711 43 -48 0.2 -0.2 0.424449 0.419001 385 145 565 145 380 268 586 270 472 98 5.11592 399 510 3.19218
34.9985 0.302358 0.417968 44 -45 0.2 -0.2 0.424649 0.418801 385 145 565 145 380 268 586 270 472 98 5.11592 399 510 3.19218
35.0651 0.302358 0.417968 44 -45 0.2 -0.2 0.424849 0.418601 385 145 565 145 380 268 586 270 472 98 5.11592 399 509 3.12909
35.1318 0.302358 0.417968 44 -45 0.2 -0.2 0.425049 0.418401 385 145 565 144 380 268 586 270 471 98 5.12539 399 510 3.19218
35.1984 0.302358 0.417711 44 -45 0.2 -0.2 0.425249 0.418201 385 145 565 145 380 268 586 270 472 98 5.11592 399 510 3.17955
35.2651 0.302358 0.417711 44 -45 0.2 -0.2 0.425449 0.418001 385 145 565 145 380 268 586 270 472 98 5.11592 399 510 3.19218
35.3318 0.302358 0.417711 44 -45 0.2 -0.2 0.425649 0.417801 385 145 565 145 380 268 586 270 472 98 5.11592 399 510 3.19218
35.3985 0.302873 0.417968 41 -44 0.2 -0.2 0.425849 0.417601 385 145 565 145 380 268 586 270 472 98 5.11592 399 510 3.19218
35.4651 0.302873 0.417968 41 -44 0.2 -0.2 0.426049 0.417401 385 145 565 145 380 268 586 270 472 98 5.11592 399 510 3.19218
35.5318 0.302873 0.417968 41 -44 0.2 -0.2 0.426249 0.417201 385 145 565 145 380 268 586 270 472 98 5.11592 399 510 3.19218
35.5985 0.302873 0.417711 42 -28 0.2 -0.2 0.426449 0.417001 385 145 565 145 380 268 586 270 472 98 5.11592 399 510 3.19218
35.6651 0.302873 0.417711 42 -28 0.2 -0.2 0.426649 0.416801 385 145 565 145 380 268 586 270 472 98 5.11592 399 510 3.17955
35.7318 0.302873 0.417711 42 -28 0.2 -0.2 0.426849 0.416601 384 145 565 145 380 268 586 271 471 98 5.12539 399 510 3.19218
35.7984 0.304158 0.417968 44 -2 0.2 -0.2 0.427049 0.416401 384 145 565 145 380 268 586 270 471 99 5.1213 399 510 3.2048
35.8651 0.304158 0.417968 44 -2 0.2 -0.2 0.427249 0.416201 385 145 565 145 380 268 586 270 471 98 5.12002 399 510 3.19218
35.9318 0.304415 0.417197 46 -14 0.2 -0.2 0.427449 0.416001 384 145 564 145 380 268 586 270 471 98 5.13478 399 510 3.14159
35.9985 0.304415 0.417197 46 -14 0.2 -0.2 0.427649 0.415801 384 145 565 145 380 268 586 270 471 98 5.12956 399 510 3.14159
36.0651 0.304415 0.417197 46 -14 0.2 -0.2 0.427849 0.415601 384 145 565 145 380 268 586 270 471 98 5.12956 399 510 3.19218
36.1318 0.305186 0.41694 45 0 0.2 -0.2 0.428049 0.415401 384 145 564 145 379 268 586 270 471 98 5.12956 399 510 3.17955
36.1985 0.305186 0.41694 45 0 0.2 -0.2 0.428249 0.415201 384 145 564 145 379 268 586 270 470 98 5.12539 399 510 3.2048
36.2651 0.305186 0.41694 45 0 0.2 -0.2 0.428449 0.415001 383 145 563 145 379 268 586 270 470 98 5.13478 399 510 3.2048
36.3318 0.3057 0.416426 48 -11 0.2 -0.2 0.428649 0.414801 383 145 563 145 379 268 585 270 469 98 5.14408 399 510 3.19218
36.3985 0.3057 0.416426 48 -11 0.2 -0.2 0.428849 0.414601 383 145 563 145 379 268 585 270 469 98 5.13478 399 510 3.19218
36.4651 0.3057 0.416426 48 -11 0.2 -0.2 0.429049 0.414401 382 145 563 145 379 268 585 270 469 98 5.13478 399 510 3.2048
36.5318 0.305957 0.415655 41 0 0.2 -0.2 0.429249 0.414201 382 145 563 145 378 268 585 270 469 98 5.13478 399 510 3.19218
36.5985 0.305957 0.415655 41 0 0.2 -0.2 0.429449 0.414001 382 145 563 145 378 268 585 271 469 98 5.13478 399 510 3.17955
36.6651 0.305957 0.415655 41 0 0.2 -0.2 0.429649 0.413801 381 145 562 145 378 268 585 270 468 99 5.14839 399 510 3.2048
36.7318 0.306728 0.415397 51 0 0.2 -0.2 0.429849 0.413601 381 145 562 145 378 268 584 270 468 99 5.14839 399 510 3.19218
36.7985 0.306728 0.415397 51 0 0.2 -0.2 0.430049 0.413401 380 145 561 145 377 268 584 271 467 98 5.15331 399 510 3.2048
36.8651 0.306728 0.415397 51 0 0.2 -0.2 0.430249 0.413201 380 145 561 145 377 268 584 270 466 98 5.14408 399 510 3.2048
36.9318 0.306728 0.414626 39 -12 0.2 -0.2 0.430449 0.413001 380 145 560 145 377 268 583 270 466 99 5.14839 399 510 3.2048
36.9985 0.306728 0.414626 39 -12 0.2 -0.2 0.430649 0.412801 379 145 559 145 376 268 583 271 465 99 5.15769 399 510 3.17955
37.0651 0.306728 0.414626 39 -12 0.2 -0.2 0.430849 0.412601 379 145 559 145 376 268 583 271 465 99 5.15769 399 510 3.2048
37.1318 0.307757 0.414112 41 0 0.2 -0.2 0.431049 0.412401 378 146 558 145 376 268 582 270 464 99 5.16246 399 510 3.2048
37.1985 0.307757 0.414112 41 0 0.2 -0.2 0.431249 0.412201 377 145 558 145 375 269 582 270 463 99 5.1669 399 510 3.19218
37.2651 0.307757 0.414112 41 0 0.2 -0.2 0.431449 0.412001 377 145 557 145 375 269 582 270 463 99 5.16246 399 510 3.19218
37.3318 0.308528 0.413598 43 -8 0.2 -0.2 0.431649 0.411801 376 145 556 145 375 268 581 270 462 99 5.1669 399 510 3.2048
37.3985 0.308528 0.413598 43 -8 0.2 -0.2 0.431849 0.411601 376 145 556 145 375 268 581 270 462 99 5.1669 399 510 3.2048
37.4651 0.308528 0.413598 43 -8 0.2 -0.2 0.432049 0.411401 375 145 556 145 374 269 581 271 461 99 5.17143 399 510 3.19218
37.5318 0.308785 0.412827 47 0 0.2 -0.2 0.432249 0.411201 375 145 555 145 374 268 580 270 460 99 5.17604 399 510 3.2048
37.5985 0.308785 0.412827 47 0 0.2 -0.2 0.432449 0.411001 374 145 554 146 373 269 580 270 459 99 5.18973 399 510 3.19218
37.6651 0.31007 0.412313 45 0 0.2 -0.2 0.432649 0.410801 373 146 554 146 373 269 580 270 459 99 5.17604 399 510 3.19218
37.7318 0.31007 0.412313 45 0 0.2 -0.2 0.432849 0.410601 374 145 554 146 373 269 580 270 459 99 5.18062 399 510 3.19218
37.7984 0.31007 0.412313 45 0 0.2 -0.2 0.433049 0.410401 373 146 553 146 373 269 579 270 458 99 5.19447 399 510 3.2048
37.8651 0.31007 0.411799 33 -12 0.2 -0.2 0.433249 0.410201 373 146 553 146 372 269 579 270 458 99 5.19447 399 510 3.2048
37.9318 0.31007 0.411799 33 -12 0.2 -0.2 0.433449 0.410001 372 146 552 146 372 269 579 270 457 99 5.18062 399 510 3.19218
37.9984 0.31007 0.411799 33 -12 0.2 -0.2 0.433649 0.409801 371 146 552 146 372 269 578 271 456 99 5.2077 399 510 3.2048
38.0651 0.310584 0.411028 39 0 0.2 -0.2 0.433849 0.409601 371 146 552 146 372 269 578 270 457 99 5.20355 399 510 3.17955
38.1318 0.310584 0.411028 39 0 0.2 -0.2 0.434049 0.409401 371 146 551 146 371 269 578 270 455 99 5.2077 399 510 3.19218
38.1984 0.310584 0.411028 39 0 0.2 -0.2 0.434249 0.409201 370 146 551 146 371 269 578 270 455 99 5.19447 399 510 3.2048
38.2651 0.311612 0.410513 43 -1 0.2 -0.2 0.434449 0.409001 369 146 549 146 371 269 577 270 454 99 5.20843 399 510 3.19218
38.3318 0.311612 0.410513 43 -1 0.2 -0.2 0.434649 0.408801 369 146 549 146 371 269 577 270 453 100 5.21749 399 510 3.19218
38.3984 0.311612 0.410513 43 -1 0.2 -0.2 0.434849 0.408601 368 146 549 146 370 269 577 270 453 100 5.21749 399 510 3.19218
38.4651 0.311869 0.410256 45 2 0.2 -0.2 0.435049 0.408401 368 146 549 146 370 269 577 271 453 100 5.20843 399 510 3.19218
38.5318 0.311869 0.410256 45 2 0.2 -0.2 0.435249 0.408201 368 146 549 146 370 269 576 270 453 100 5.19447 399 510 3.19218
38.5985 0.311869 0.410256 45 2 0.2 -0.2 0.435449 0.408001 367 146 548 147 369 269 576 270 452 100 5.20843 399 510 3.2048
38.6651 0.312641 0.409999 42 0 0.2 -0.2 0.435649 0.407801 367 146 548 146 369 270 576 270 451 100 5.21749 399 510 3.2048
38.7318 0.312641 0.409999 42 0 0.2 -0.2 0.435849 0.407601 366 146 547 147 369 269 575 270 450 100 5.21749 399 510 3.19218
38.7984 0.312641 0.409999 42 0 0.2 -0.2 0.436049 0.407401 366 146 546 147 369 269 575 270 450 100 5.22251 399 510 3.19218
38.8651 0.312641 0.408971 36 0 0.2 -0.2 0.436249 0.407201 366 146 546 146 368 269 575 270 449 100 5.23028 399 510 3.17955
38.9318 0.312641 0.408971 36 0 0.2 -0.2 0.436449 0.407001 365 147 545 147 368 270 575 270 449 100 5.24411 399 510 3.19218
38.9985 0.312641 0.408971 36 0 0.2 -0.2 0.436649 0.406801 365 146 545 146 368 269 574 271 448 100 5.23533 399 510 3.19218
39.0652 0.313412 0.408457 41 1 0.2 -0.2 0.436849 0.406601 364 147 544 147 367 270 574 271 447 100 5.23533 399 510 3.19218
39.1318 0.313412 0.408457 41 1 0.2 -0.2 0.437049 0.406401 364 147 544 147 367 270 574 271 447 100 5.23533 399 510 3.19218
39.1985 0.314183 0.407943 46 -2 0.2 -0.2 0.437249 0.406201 363 147 543 147 366 270 573 271 447 101 5.2493 399 510 3.19218
39.2651 0.314183 0.407943 46 -2 0.2 -0.2 0.437449 0.406001 362 147 542 147 366 270 573 271 446 100 5.22645 399 510 3.17955
39.3318 0.314183 0.407943 46 -2 0.2 -0.2 0.437649 0.405801 362 146 542 147 366 270 573 270 445 101 5.24046 399 510 3.19218
39.3984 0.314697 0.407172 47 0 0.2 -0.2 0.437849 0.405601 361 147 542 147 365 270 573 270 444 101 5.24046 399 510 3.17955
39.4651 0.314697 0.407172 47 0 0.2 -0.2 0.438049 0.405401 361 147 541 147 365 270 572 270 444 101 5.24046 399 510 3.19218
39.5318 0.314697 0.407172 47 0 0.2 -0.2 0.438249 0.405201 360 147 540 147 365 270 572 271 444 101 5.2493 399 510 3.19218
39.5984 0.315211 0.406915 42 0 0.2 -0.2 0.438449 0.405001 360 147 540 147 365 270 572 271 443 101 5.25804 399 510 3.2048
39.6651 0.315211 0.406915 42 0 0.2 -0.2 0.438649 0.404801 359 147 540 147 364 270 571 271 442 101 5.24046 399 510 3.19218
39.7318 0.315211 0.406915 42 0 0.2 -0.2 0.438849 0.404601 359 147 539 147 364 270 571 271 442 101 5.26337 399 510 3.19218
39.7984 0.315211 0.406401 41 0 0.2 -0.2 0.439049 0.404401 359 147 539 147 364 270 571 271 442 101 5.25995 399 510 3.19218
39.8651 0.315211 0.406401 41 0 0.2 -0.2 0.439249 0.404201 358 147 538 147 364 270 570 271 440 101 5.26337 399 510 3.19218
39.9318 0.315211 0.406401 41 0 0.2 -0.2 0.439449 0.404001 357 147 537 148 364 270 570 271 440 102 5.26879 399 510 3.2048
39.9984 0.316496 0.405629 43 0 0.2 -0.2 0.439649 0.403801 356 147 537 148 364 270 569 271 439 102 5.27754 399 510 3.19218
40.0651 0.316496 0.405629 43 0 0.2 -0.2 0.439849 0.403601 356 147 536 148 363 271 569 271 439 101 5.25458 399 510 3.19218
40.1318 0.316496 0.405629 43 0 0.2 -0.2 0.440049 0.403401 356 147 536 148 362 270 569 271 438 102 5.27754 399 510 3.19218
40.1985 0.317525 0.405115 47 -11 0.2 -0.2 0.440249 0.403201 355 147 535 148 362 270 568 271 437 102 5.28068 399 510 3.19218
40.2651 0.317525 0.405115 47 -11 0.2 -0.2 0.440449 0.403001 355 147 535 148 362 271 568 271 437 102 5.26879 399 510 3.2048
40.3318 0.317525 0.405115 47 -11 0.2 -0.2 0.440649 0.402801 354 147 534 148 361 271 567 271 436 102 5.2831 399 510 3.19218
40.3985 0.317525 0.404344 45 1 0.2 -0.2 0.440849 0.402601 354 148 534 148 361 270 567 271 436 102 5.29474 399 510 3.19218
40.4651 0.317525 0.404344 45 1 0.2 -0.2 0.441049 0.402401 353 148 533 148 360 271 567 271 435 102 5.28068 399 510 3.19218
40.5318 0.317525 0.404344 45 1 0.2 -0.2 0.441249 0.402201 353 148 532 148 360 271 567 271 434 102 5.29474 399 510 3.2048
40.5985 0.318553 0.404087 43 0 0.2 -0.2 0.441449 0.402001 351 148 532 149 360 271 566 271 434 102 5.29474 399 510 3.2048
40.6651 0.318553 0.404087 43 0 0.2 -0.2 0.441649 0.401801 351 148 531 149 359 271 566 271 433 102 5.2918 399 510 3.17955
40.7318 0.318553 0.403316 50 0 0.2 -0.2 0.441849 0.401601 351 148 531 149 359 271 566 271 433 102 5.31199 399 510 3.19218
40.7985 0.318553 0.403316 50 0 0.2 -0.2 0.442049 0.401401 350 148 530 149 359 271 565 271 432 103 5.2975 399 510 3.19218
40.8651 0.318553 0.403316 50 0 0.2 -0.2 0.442249 0.401201 350 148 530 149 359 271 565 271 431 103 5.29474 399 510 3.19218
40.9318 0.319324 0.402545 49 0 0.2 -0.2 0.442449 0.401001 350 148 530 149 358 271 565 271 431 103 5.30039 399 510 3.19218
40.9984 0.319324 0.402545 49 0 0.2 -0.2 0.442649 0.400801 349 148 529 149 358 271 565 271 430 103 5.30039 399 510 3.19218
41.0651 0.319324 0.402545 49 0 0.2 -0.2 0.442849 0.400601 349 149 528 149 358 271 565 271 430 103 5.32311 399 510 3.19218
41.1318 0.320095 0.402288 42 0 0.2 -0.2 0.443049 0.400401 348 148 528 149 357 271 564 271 429 103 5.31468 399 510 3.19218
41.1985 0.320095 0.402288 42 0 0.2 -0.2 0.443249 0.400201 347 149 527 149 357 271 564 271 429 103 5.32311 399 510 3.19218
41.2651 0.320095 0.402288 42 0 0.2 -0.2 0.443449 0.400001 347 149 527 149 357 271 563 271 428 103 5.30889 399 510 3.19218
41.3318 0.320352 0.401517 47 1 0.2 -0.2 0.443649 0.399801 347 149 526 149 357 271 563 272 428 103 5.32311 399 510 3.19218
41.3985 0.320352 0.401517 47 1 0.2 -0.2 0.443849 0.399601 347 149 526 149 357 271 563 272 427 103 5.31468 399 510 3.2048
41.4651 0.320352 0.401517 47 1 0.2 -0.2 0.444049 0.399401 346 149 525 150 356 272 563 271 427 103 5.32904 399 510 3.19218
41.5318 0.32138 0.40126 46 0 0.2 -0.2 0.444249 0.399201 345 149 525 150 356 272 562 272 425 104 5.33741 399 510 3.2048
41.5984 0.32138 0.40126 46 0 0.2 -0.2 0.444449 0.399001 344 149 524 150 356 272 562 272 425 104 5.32904 399 510 3.19218
41.6651 0.32138 0.40126 46 0 0.2 -0.2 0.444649 0.398801 344 149 524 150 355 272 562 271 424 104 5.33741 399 510 3.19218
41.7318 0.32138 0.400488 36 0 0.2 -0.2 0.444849 0.398601 344 149 524 150 355 272 561 271 424 104 5.34347 399 510 3.19218
41.7984 0.32138 0.400488 36 0 0.2 -0.2 0.445049 0.398401 343 149 522 150 354 272 561 272 423 104 5.32904 399 510 3.19218
41.8651 0.32138 0.400488 36 0 0.2 -0.2 0.445249 0.398201 342 149 522 150 354 272 561 272 423 104 5.33741 399 510 3.19218
41.9318 0.322409 0.39946 44 1 0.2 -0.2 0.445449 0.398001 341 149 521 151 354 272 560 272 422 104 5.34347 399 510 3.19218
41.9984 0.322409 0.39946 44 1 0.2 -0.2 0.445649 0.397801 341 149 521 151 354 272 560 272 421 104 5.35386 399 510 3.19218
42.0651 0.322409 0.39946 44 1 0.2 -0.2 0.445849 0.397601 341 150 521 150 353 272 559 272 421 104 5.33741 399 510 3.2048
42.1318 0.322923 0.399203 43 -4 0.2 -0.2 0.446049 0.397401 340 150 520 151 353 272 559 272 420 105 5.35998 399 510 3.2048
42.1984 0.322923 0.399203 43 -4 0.2 -0.2 0.446249 0.397201 340 150 520 151 353 272 559 272 420 104 5.35386 399 510 3.19218
42.2651 0.322923 0.399203 43 -4 0.2 -0.2 0.446449 0.397001 339 150 518 151 352 273 558 272 419 105 5.35796 399 510 3.19218
42.3318 0.32318 0.398432 43 3 0.2 -0.2 0.446649 0.396801 338 150 518 151 352 273 558 272 418 105 5.35177 399 510 3.19218
42.3985 0.32318 0.398432 43 3 0.2 -0.2 0.446849 0.396601 338 150 518 152 351 273 557 272 418 105 5.3662 399 510 3.19218
42.4651 0.324465 0.397918 43 0 0.2 -0.2 0.447049 0.396401 337 150 517 151 351 272 557 272 417 105 5.37433 399 510 3.2048
42.5318 0.324465 0.397918 43 0 0.2 -0.2 0.447249 0.396201 337 150 517 152 351 273 557 272 417 106 5.36808 399 510 3.19218
42.5985 0.324465 0.397918 43 0 0.2 -0.2 0.447449 0.396001 336 150 516 152 351 273 557 272 415 106 5.38873 399 510 3.19218
42.6651 0.324465 0.397404 30 0 0.2 -0.2 0.447649 0.395801 336 150 516 152 350 273 556 272 415 106 5.37252 399 510 3.19218
42.7318 0.324465 0.397404 30 0 0.2 -0.2 0.447849 0.395601 336 150 515 152 350 273 556 272 415 106 5.38068 399 510 3.19218
42.7985 0.324465 0.397404 30 0 0.2 -0.2 0.448049 0.395401 335 150 514 152 350 273 555 272 414 106 5.38068 399 510 3.19218
42.8651 0.325236 0.39689 44 2 0.2 -0.2 0.448249 0.395201 335 151 514 152 349 273 555 272 414 106 5.38713 399 510 3.2048
42.9318 0.325236 0.39689 44 2 0.2 -0.2 0.448449 0.395001 334 151 514 152 349 273 555 272 414 106 5.38713 399 510 3.19218
42.9984 0.325236 0.39689 44 2 0.2 -0.2 0.448649 0.394801 334 151 514 152 349 273 555 272 413 106 5.38068 399 510 3.19218
43.0651 0.326007 0.396376 45 0 0.2 -0.2 0.448849 0.394601 333 151 513 153 349 273 555 273 412 106 5.38873 399 510 3.19218
43.1318 0.326007 0.396376 45 0 0.2 -0.2 0.449049 0.394401 333 151 512 153 348 273 554 273 412 106 5.39029 399 510 3.2048
43.1984 0.326007 0.396376 45 0 0.2 -0.2 0.449249 0.394201 332 151 511 153 348 273 553 273 411 107 5.39668 399 510 3.2048
43.2651 0.326264 0.395604 46 2 0.2 -0.2 0.449449 0.394001 332 151 511 153 347 274 554 272 410 106 5.38236 399 510 3.2048
43.3318 0.326264 0.395604 46 2 0.2 -0.2 0.449649 0.393801 332 151 511 153 347 273 554 273 410 107 5.38873 399 510 3.2048
43.3985 0.326264 0.395604 46 2 0.2 -0.2 0.449849 0.393601 331 151 510 153 347 273 553 273 409 107 5.41649 399 510 3.19155
43.4651 0.327036 0.395347 43 0 0.2 -0.2 0.450049 0.393401 330 152 509 153 347 274 553 273 409 107 5.39521 399 510 3.19218
43.5318 0.327036 0.395347 43 0 0.2 -0.2 0.450249 0.393201 330 151 509 153 346 274 552 273 408 107 5.40978 399 510 3.19218
43.5985 0.327036 0.395347 43 0 0.2 -0.2 0.450449 0.393001 330 152 509 153 346 274 552 273 408 107 5.40179 399 510 3.19218
43.6651 0.327293 0.394833 31 0 0.2 -0.2 0.450649 0.392801 329 152 509 153 346 274 552 273 408 107 5.40318 399 510 3.2048
43.7318 0.327293 0.394833 31 0 0.2 -0.2 0.450849 0.392601 328 152 508 154 346 274 552 273 407 108 5.41649 399 510 3.2048
43.7985 0.327293 0.394833 31 0 0.2 -0.2 0.451049 0.392401 328 152 508 154 346 274 552 273 406 108 5.42439 399 510 3.2048
43.8651 0.328064 0.394062 47 2 0.2 -0.2 0.451249 0.392201 327 152 507 154 345 275 551 273 405 108 5.42439 399 510 3.2048
43.9318 0.328064 0.394062 47 2 0.2 -0.2 0.451449 0.392001 327 152 506 154 345 275 551 273 405 108 5.41767 399 510 3.19218
43.9984 0.328835 0.393548 41 0 0.2 -0.2 0.451649 0.391801 327 152 506 154 344 274 551 273 404 108 5.41882 399 510 3.19218
44.0651 0.328835 0.393548 41 0 0.2 -0.2 0.451849 0.391601 326 152 505 155 344 275 550 273 404 109 5.42545 399 510 3.19218
44.1318 0.328835 0.393548 41 0 0.2 -0.2 0.452049 0.391401 326 153 505 154 344 275 550 273 403 109 5.43313 399 510 3.19218
44.1985 0.329092 0.392777 45 1 0.2 -0.2 0.452249 0.391201 325 153 504 155 344 274 550 273 403 109 5.43219 399 510 3.19218
44.2651 0.329092 0.392777 45 1 0.2 -0.2 0.452449 0.391001 325 153 504 155 344 274 549 274 402 109 5.45434 399 510 3.19218
44.3318 0.329092 0.392777 45 1 0.2 -0.2 0.452649 0.390801 324 153 503 154 343 275 549 274 402 109 5.43903 399 510 3.19218
44.3985 0.329863 0.39252 46 0 0.2 -0.2 0.45285 0.390601 324 153 503 155 343 275 549 274 401 109 5.43122 399 510 3.19218
44.4651 0.329863 0.39252 46 0 0.2 -0.2 0.45305 0.390401 324 153 503 155 343 275 549 274 401 109 5.42439 399 510 3.2048
44.5318 0.329863 0.39252 46 0 0.2 -0.2 0.45325 0.390201 323 153 503 155 343 275 548 274 400 109 5.43988 399 510 3.19218
44.5985 0.329863 0.392006 41 0 0.2 -0.2 0.45345 0.390001 323 153 502 155 342 275 548 274 400 109 5.43988 399 510 3.19218
44.6651 0.329863 0.392006 41 0 0.2 -0.2 0.45365 0.389801 322 154 501 155 342 275 548 273 399 109 5.44747 399 510 3.19218
44.7318 0.329863 0.392006 41 0 0.2 -0.2 0.45385 0.389601 322 154 500 155 341 275 547 274 398 109 5.46881 399 510 3.19218
44.7985 0.330891 0.391234 47 1 0.2 -0.2 0.45405 0.389401 321 154 500 156 341 275 547 274 397 110 5.4537 399 510 3.19218
44.8651 0.330891 0.391234 47 1 0.2 -0.2 0.45425 0.389201 321 154 500 156 341 276 547 274 397 110 5.46881 399 510 3.19218
44.9318 0.330891 0.391234 47 1 0.2 -0.2 0.45445 0.389001 321 154 499 156 341 275 547 274 397 110 5.4537 399 510 3.19218
44.9984 0.331662 0.39072 41 -8 0.2 -0.2 0.45465 0.388801 320 154 498 156 340 276 546 274 396 110 5.46131 399 510 3.2048
45.0651 0.331662 0.39072 41 -8 0.2 -0.2 0.45485 0.388601 319 154 498 156 340 276 545 274 395 111 5.47589 399 510 3.19218
45.1318 0.331662 0.39072 41 -8 0.2 -0.2 0.45505 0.388401 318 154 497 156 339 276 545 274 394 111 5.47589 399 510 3.19218
45.1984 0.33192 0.390206 47 1 0.2 -0.2 0.45525 0.388201 318 155 497 156 339 276 545 274 394 111 5.47557 399 510 3.19218
45.2651 0.33192 0.390206 47 1 0.2 -0.2 0.45545 0.388001 318 154 496 157 339 276 544 274 394 111 5.46131 399 510 3.2048
45.3318 0.33192 0.390206 47 1 0.2 -0.2 0.45565 0.387801 317 155 495 157 338 276 544 274 393 111 5.51228 399 510 3.19218
45.3985 0.333205 0.389692 44 0 0.2 -0.2 0.45585 0.387601 316 155 495 157 338 276 543 275 392 111 5.50509 399 510 3.2048
45.4651 0.333205 0.389692 44 0 0.2 -0.2 0.45605 0.387401 315 155 494 157 337 276 543 274 391 112 5.50509 399 510 3.2048
45.5318 0.333205 0.388664 44 -1 0.2 -0.2 0.45625 0.387201 315 155 494 157 337 276 543 275 391 112 5.52676 399 510 3.19218
45.5985 0.333205 0.388664 44 -1 0.2 -0.2 0.45645 0.387001 314 155 493 157 337 277 543 275 390 112 5.53374 399 510 3.19218
45.6652 0.333205 0.388664 44 -1 0.2 -0.2 0.45665 0.386801 314 156 492 158 337 277 542 275 389 112 5.53427 399 510 3.2048
45.7318 0.333976 0.38815 48 0 0.2 -0.2 0.45685 0.386601 314 156 492 158 336 277 542 275 389 112 5.53427 399 510 3.19218
45.7985 0.333976 0.38815 48 0 0.2 -0.2 0.45705 0.386401 313 156 491 158 336 277 542 275 388 112 5.53374 399 510 3.2048
45.8651 0.333976 0.38815 48 0 0.2 -0.2 0.45725 0.386201 312 156 491 158 336 277 542 275 388 113 5.54188 399 510 3.2048
45.9318 0.33449 0.387636 46 -3 0.2 -0.2 0.45745 0.386001 312 156 491 158 335 277 541 275 387 113 5.54124 399 510 3.2048
45.9985 0.33449 0.387636 46 -3 0.2 -0.2 0.45765 0.385801 311 156 490 158 335 277 541 275 387 113 5.54884 399 510 3.19218
46.0651 0.33449 0.387636 46 -3 0.2 -0.2 0.45785 0.385601 311 156 490 159 335 277 541 275 386 113 5.55487 399 510 3.19218
46.1318 0.334747 0.387122 42 2 0.2 -0.2 0.45805 0.385401 311 157 489 159 335 277 540 275 386 113 5.54188 399 510 3.2048
46.1985 0.334747 0.387122 42 2 0.2 -0.2 0.45825 0.385201 310 157 489 159 335 277 540 276 386 113 5.54884 399 510 3.2048
46.2651 0.334747 0.387122 42 2 0.2 -0.2 0.45845 0.385001 310 156 488 159 335 278 540 276 385 114 5.56339 399 510 3.2048
46.3318 0.335775 0.386865 45 0 0.2 -0.2 0.45865 0.384801 309 157 488 159 334 278 540 275 385 114 5.55654 399 510 3.19218
46.3984 0.335775 0.386865 45 0 0.2 -0.2 0.45885 0.384601 308 157 486 160 333 278 539 276 383 114 5.57012 399 510 3.2048
46.4651 0.335775 0.386865 45 0 0.2 -0.2 0.45905 0.384401 308 157 486 160 333 278 539 276 383 114 5.55654 399 510 3.19218
46.5318 0.335775 0.386093 32 0 0.2 -0.2 0.45925 0.384201 308 157 486 160 333 278 538 276 383 114 5.55654 399 510 3.2048
46.5985 0.335775 0.386093 32 0 0.2 -0.2 0.45945 0.384001 306 158 485 160 332 278 538 276 381 115 5.57012 399 510 3.19218
46.6651 0.335775 0.386093 32 0 0.2 -0.2 0.45965 0.383801 306 158 485 160 333 278 538 276 381 115 5.57791 399 510 3.19218
46.7318 0.336804 0.385322 44 0 0.2 -0.2 0.45985 0.383601 306 157 484 160 332 278 537 276 380 115 5.56339 399 510 3.19218
46.7985 0.336804 0.385322 44 0 0.2 -0.2 0.46005 0.383401 305 158 484 160 332 279 537 276 380 115 5.57791 399 510 3.19218
46.8652 0.336804 0.385322 44 0 0.2 -0.2 0.46025 0.383201 305 158 483 161 331 279 537 276 379 115 5.58453 399 510 3.2048
46.9318 0.337575 0.384808 47 -7 0.2 -0.2 0.46045 0.383001 304 158 482 161 331 278 536 276 378 116 5.57791 399 510 3.19218
46.9984 0.337575 0.384808 47 -7 0.2 -0.2 0.46065 0.382801 303 158 482 161 330 279 536 277 378 116 5.58453 399 510 3.2048
47.0651 0.337575 0.384808 47 -7 0.2 -0.2 0.46085 0.382601 303 159 482 161 330 279 536 276 377 116 5.59239 399 510 3.19218
47.1318 0.337832 0.384037 44 2 0.2 -0.2 0.46105 0.382401 303 159 481 161 330 279 536 276 377 116 5.59239 399 510 3.19218
47.1985 0.337832 0.384037 44 2 0.2 -0.2 0.46125 0.382201 302 159 480 162 330 279 535 277 376 116 5.57909 399 510 3.19218
47.2651 0.33886 0.38378 46 0 0.2 -0.2 0.46145 0.382001 302 159 480 162 329 279 535 277 376 116 5.57791 399 510 3.19218
47.3318 0.33886 0.38378 46 0 0.2 -0.2 0.46165 0.381801 302 159 480 162 329 279 534 277 375 117 5.60037 399 510 3.19218
47.3985 0.33886 0.38378 46 0 0.2 -0.2 0.46185 0.381601 300 159 479 162 329 279 534 277 374 117 5.60037 399 510 3.19218
47.4651 0.33886 0.383009 33 3 0.2 -0.2 0.46205 0.381401 300 159 479 162 329 279 534 277 374 117 5.59379 399 510 3.19218
47.5318 0.33886 0.383009 33 3 0.2 -0.2 0.46225 0.381201 300 159 478 162 328 280 533 277 374 117 5.60684 399 509 3.18004
47.5985 0.33886 0.383009 33 3 0.2 -0.2 0.46245 0.381001 300 160 478 162 328 280 533 277 373 117 5.60844 399 510 3.19218
47.6651 0.339374 0.382495 48 2 0.2 -0.2 0.46265 0.380801 299 160 478 163 328 280 533 277 373 118 5.59239 399 510 3.19218
47.7318 0.339374 0.382495 48 2 0.2 -0.2 0.46285 0.380601 299 160 477 163 328 280 533 277 372 118 5.60844 399 510 3.19218
47.7985 0.339374 0.382495 48 2 0.2 -0.2 0.46305 0.380401 299 160 477 163 328 280 533 277 372 118 5.60684 399 510 3.19218
47.8651 0.340402 0.381981 49 0 0.2 -0.2 0.46325 0.380201 298 160 477 163 327 280 532 277 371 118 5.62124 399 510 3.2048
47.9318 0.340402 0.381981 49 0 0.2 -0.2 0.46345 0.380001 297 160 476 164 327 280 532 277 370 118 5.61321 399 510 3.19218
47.9985 0.340402 0.381981 49 0 0.2 -0.2 0.46365 0.379801 296 161 475 164 326 281 531 278 370 119 5.62124 399 510 3.19218
48.0651 0.340659 0.381466 45 2 0.2 -0.2 0.46385 0.379601 297 161 474 164 326 281 531 278 370 119 5.62124 399 510 3.19218
48.1318 0.340659 0.381466 45 2 0.2 -0.2 0.46405 0.379401 296 160 474 164 326 281 532 278 369 119 5.62938 399 510 3.19218
48.1984 0.340659 0.381466 45 2 0.2 -0.2 0.46425 0.379201 295 161 474 164 326 281 530 278 368 119 5.62305 399 510 3.19218
48.2651 0.341688 0.381209 43 0 0.2 -0.2 0.46445 0.379001 295 162 473 164 326 280 531 278 368 119 5.62938 399 510 3.19218
48.3318 0.341688 0.381209 43 0 0.2 -0.2 0.46465 0.378801 294 161 473 164 325 281 530 278 367 119 5.63761 399 510 3.19218
48.3984 0.341688 0.381209 43 0 0.2 -0.2 0.46485 0.378601 294 161 472 165 325 281 530 278 367 119 5.63761 399 510 3.19218
48.4651 0.341688 0.380438 34 0 0.2 -0.2 0.46505 0.378401 294 162 472 165 325 281 530 278 367 120 5.63559 399 510 3.19218
48.5318 0.341688 0.380438 34 0 0.2 -0.2 0.46525 0.378201 293 161 471 165 324 281 529 278 366 120 5.63761 399 510 3.19218
48.5985 0.341688 0.380438 34 0 0.2 -0.2 0.46545 0.378001 293 161 471 165 324 281 529 278 366 120 5.63559 399 510 3.19218
48.6651 0.342202 0.379667 43 1 0.2 -0.2 0.46565 0.377801 292 162 471 166 324 281 528 279 365 120 5.6438 399 510 3.19218
48.7318 0.342202 0.379667 43 1 0.2 -0.2 0.46585 0.377601 292 162 470 166 324 281 528 278 365 120 5.6438 399 510 3.19218
48.7985 0.342973 0.379153 46 0 0.2 -0.2 0.46605 0.377401 291 162 469 166 323 282 528 279 364 120 5.65211 399 510 3.19218
48.8651 0.342973 0.379153 46 0 0.2 -0.2 0.46625 0.377201 290 163 468 166 323 282 527 279 363 121 5.65211 399 510 3.2048
48.9318 0.342973 0.379153 46 0 0.2 -0.2 0.46645 0.377001 290 163 468 166 322 282 527 279 363 121 5.65588 399 510 3.19218
48.9985 0.343487 0.378382 46 2 0.2 -0.2 0.46665 0.376801 289 163 468 166 322 282 527 279 362 121 5.65816 399 510 3.19218
49.0651 0.343487 0.378382 46 2 0.2 -0.2 0.46685 0.376601 289 163 468 166 322 282 527 279 362 121 5.66412 399 510 3.19218
49.1318 0.343487 0.378382 46 2 0.2 -0.2 0.46705 0.376401 289 163 467 167 322 282 527 279 361 122 5.66654 399 510 3.2048
49.1985 0.344258 0.378125 46 0 0.2 -0.2 0.46725 0.376201 288 163 467 166 321 282 526 279 361 122 5.66051 399 510 3.19218
49.2651 0.344258 0.378125 46 0 0.2 -0.2 0.46745 0.376001 288 163 466 167 321 282 526 279 360 122 5.66654 399 510 3.19218
49.3318 0.344258 0.378125 46 0 0.2 -0.2 0.46765 0.375801 287 164 466 167 321 282 526 279 360 122 5.66654 399 510 3.19218
49.3984 0.344258 0.377611 31 0 0.2 -0.2 0.46785 0.375601 287 164 466 167 321 283 526 279 360 122 5.66903 399 510 3.19218
49.4651 0.344258 0.377611 31 0 0.2 -0.2 0.46805 0.375401 286 164 465 168 320 283 525 280 358 123 5.67501 399 510 3.19218
49.5318 0.344258 0.377611 31 0 0.2 -0.2 0.46825 0.375201 286 164 465 167 320 283 525 280 358 122 5.6809 399 510 3.2048
49.5985 0.345286 0.37684 45 0 0.2 -0.2 0.46845 0.375001 285 165 464 168 320 283 524 279 357 123 5.67246 399 510 3.19218
49.6651 0.345286 0.37684 45 0 0.2 -0.2 0.46865 0.374801 285 165 464 168 320 283 525 280 357 123 5.6809 399 510 3.2048
49.7318 0.345286 0.37684 45 0 0.2 -0.2 0.46885 0.374601 285 165 463 168 319 283 524 280 357 123 5.6809 399 510 3.17955
49.7985 0.346057 0.376325 44 -1 0.2 -0.2 0.46905 0.374401 284 165 463 168 319 284 523 280 356 123 5.69807 399 510 3.19218
49.8651 0.346057 0.376325 44 -1 0.2 -0.2 0.46925 0.374201 283 165 462 169 318 283 523 280 355 124 5.67501 399 510 3.19218
49.9318 0.346057 0.376325 44 -1 0.2 -0.2 0.46945 0.374001 283 166 462 169 318 284 523 280 354 124 5.70378 399 510 3.19218
49.9985 0.346057 0.376325 44 -1 0.2 -0.2 0.46965 0.373801 283 165 462 169 318 283 522 280 354 124 5.70378 399 510 3.19218
50.0651 0.346057 0.376325 44 -1 0.2 -0.2 0.46985 0.373601 283 165 460 169 318 284 522 280 354 124 5.70939 399 509 3.18004
50.1318 0.346314 0.375811 47 1 0.2 -0.2 0.47005 0.373401 283 165 461 169 318 284 523 280 354 124 5.70939 399 510 3.19218
50.1985 0.346314 0.375811 47 1 0.2 -0.2 0.47025 0.373201 283 165 461 169 318 284 523 280 354 124 5.70939 399 510 3.19218
50.2651 0.346314 0.375811 47 1 0.2 -0.2 0.47045 0.373001 282 166 460 170 318 284 522 281 354 124 5.70378 399 510 3.19218
50.3318 0.347343 0.375297 46 0 0.2 -0.2 0.47065 0.372801 282 166 460 170 317 284 522 281 353 124 5.70939 399 510 3.19218
50.3984 0.347343 0.375297 46 0 0.2 -0.2 0.47085 0.372601 281 166 459 170 317 284 522 280 353 125 5.69807 399 510 3.19218
50.4651 0.347343 0.375297 46 0 0.2 -0.2 0.47105 0.372401 280 166 458 170 317 284 522 280 352 125 5.70083 399 510 3.2048
50.5318 0.347343 0.374783 49 2 0.2 -0.2 0.47125 0.372201 280 166 458 170 317 284 522 281 352 125 5.70083 399 510 3.2048
50.5985 0.347343 0.374783 49 2 0.2 -0.2 0.47145 0.372001 280 167 458 171 316 285 521 281 351 126 5.71804 399 510 3.2048
50.6651 0.347343 0.374783 49 2 0.2 -0.2 0.47165 0.371801 279 167 457 171 316 285 520 281 350 126 5.71247 399 510 3.19218
50.7318 0.348885 0.374269 45 0 0.2 -0.2 0.47185 0.371601 279 167 457 171 315 285 520 281 350 126 5.7235 399 510 3.19218
50.7984 0.348885 0.374269 45 0 -0.2 -0.2 0.47165 0.371401 279 167 455 172 315 285 519 282 348 127 5.741 399 510 3.19218
50.8651 0.348885 0.374269 45 0 -0.2 -0.2 0.47145 0.371201 277 168 455 172 315 285 519 281 348 127 5.741 399 510 3.19218
50.9318 0.348885 0.372984 36 0 -0.2 -0.2 0.47125 0.371001 276 168 454 172 314 285 519 282 347 128 5.73562 399 510 3.2048
50.9985 0.348885 0.372984 36 0 -0.2 -0.2 0.47105 0.370801 275 168 454 172 314 285 518 282 347 127 5.72678 399 510 3.19218
51.0651 0.348885 0.372984 36 0 -0.2 -0.2 0.47085 0.370601 275 169 454 172 313 286 518 282 346 128 5.7322 399 510 3.19218
51.1318 0.349656 0.37247 49 1 -0.2 -0.2 0.47065 0.370401 275 168 453 173 313 286 518 282 346 128 5.74988 399 510 3.19218
51.1985 0.349656 0.37247 49 1 -0.2 -0.2 0.47045 0.370201 275 169 453 173 313 286 518 282 346 128 5.75511 399 510 3.19218
51.2651 0.349913 0.371956 46 1 -0.2 -0.2 0.47025 0.370001 274 169 453 173 313 286 518 282 345 128 5.75146 399 510 3.2048
51.3318 0.349913 0.371956 46 1 -0.2 -0.2 0.47005 0.369801 274 169 453 173 313 286 518 282 345 128 5.74988 399 510 3.19218
51.3985 0.349913 0.371956 46 1 -0.2 -0.2 0.46985 0.369601 273 169 453 173 313 286 517 282 344 128 5.73753 399 510 3.19218
51.4651 0.349913 0.371184 14 3 -0.2 -0.2 0.46965 0.369401 273 169 451 173 313 286 517 282 344 128 5.74456 399 510 3.19218
51.5318 0.349913 0.371184 14 3 -0.2 -0.2 0.46945 0.369201 273 169 452 173 312 286 517 282 344 128 5.74456 399 510 3.2048
51.5984 0.349913 0.371184 14 3 -0.2 -0.2 0.46925 0.369001 273 169 452 173 312 286 517 282 344 128 5.74456 399 510 3.19218
51.6651 0.349913 0.371184 14 3 -0.2 -0.2 0.46905 0.368801 273 169 452 173 312 286 517 282 344 128 5.74456 399 510 3.19218
51.7318 0.349913 0.371184 14 3 -0.2 -0.2 0.46885 0.368601 273 169 451 174 312 286 517 282 344 129 5.76404 399 510 3.19218
51.7985 0.349913 0.371184 14 3 -0.2 -0.2 0.46865 0.368401 273 169 451 174 312 286 517 283 344 129 5.76404 399 510 3.19218
51.8651 0.349656 0.370413 10 3 -0.2 -0.2 0.46845 0.368201 273 169 451 173 312 286 517 282 344 128 5.75511 399 510 3.19218
51.9318 0.349656 0.370413 10 3 -0.2 -0.2 0.46825 0.368001 273 169 451 173 312 286 517 282 344 128 5.75511 399 510 3.19218
51.9984 0.349656 0.370413 10 3 -0.2 -0.2 0.46805 0.367801 273 169 451 173 312 286 517 282 344 129 5.75886 399 510 3.19218
52.0651 0.348885 0.369385 12 3 -0.2 -0.2 0.46785 0.367601 273 170 451 174 312 286 516 282 343 128 5.75511 399 510 3.2048
52.1318 0.348885 0.369385 12 3 -0.2 -0.2 0.46765 0.367401 272 170 451 174 312 286 516 282 343 128 5.75511 399 510 3.2048
52.1985 0.348885 0.369385 12 3 -0.2 -0.2 0.46745 0.367201 272 170 451 174 312 286 516 282 343 128 5.75511 399 510 3.2048
52.2651 0.348371 0.369385 7 3 -0.2 -0.2 0.46725 0.367001 273 170 451 173 312 286 517 282 343 128 5.75511 399 510 3.19218
52.3318 0.348371 0.369385 7 3 -0.2 -0.2 0.46705 0.366801 273 170 451 174 312 286 516 282 344 127 5.75886 399 510 3.19218
52.3985 0.348371 0.369385 7 3 -0.2 -0.2 0.46685 0.366601 271 170 451 173 312 286 517 282 344 127 5.75886 399 510 3.19218
52.4651 0.347857 0.368357 -1 4 -0.2 -0.2 0.46665 0.366401 271 170 451 173 311 287 517 283 344 127 5.75886 399 511 3.19155
52.5318 0.347857 0.368357 -1 4 -0.2 -0.2 0.46645 0.366201 271 170 451 174 311 287 516 283 344 127 5.75886 399 512 3.19155
52.5985 0.347857 0.368357 -1 4 -0.2 -0.2 0.46625 0.366001 271 170 451 174 311 287 517 284 344 127 5.75886 399 511 3.19349
52.6651 0.347343 0.3681 4 4 -0.2 -0.2 0.46605 0.365801 270 170 451 174 311 288 517 284 344 127 5.75886 399 511 3.19155
52.7318 0.347343 0.3681 4 4 -0.2 -0.2 0.46585 0.365601 270 169 451 174 310 288 517 284 344 127 5.75886 399 510 3.16659
52.7985 0.347343 0.367586 0 4 -0.2 -0.2 0.46565 0.365401 270 170 451 174 310 288 517 283 344 127 5.75886 399 509 3.15425
52.8651 0.347343 0.367586 0 4 -0.2 -0.2 0.46545 0.365201 270 170 452 172 311 287 517 282 344 127 5.75886 399 509 3.15425
52.9318 0.347343 0.367586 0 4 -0.2 -0.2 0.46525 0.365001 270 170 452 173 310 287 517 282 344 127 5.75886 399 511 3.14159
52.9984 0.346572 0.366557 0 3 -0.2 -0.2 0.46505 0.364801 268 172 452 173 310 287 518 281 344 127 5.75886 398 510 3.12877
53.0651 0.346572 0.366557 0 3 -0.2 -0.2 0.46485 0.364601 267 172 452 173 309 286 517 280 344 127 5.75886 399 509 3.19349
53.1318 0.346572 0.366557 0 3 -0.2 -0.2 0.46465 0.364401 267 172 452 172 308 288 517 282 344 127 5.75886 398 510 3.12894
53.1985 0.345543 0.366557 2 4 -0.2 -0.2 0.46445 0.364201 270 171 455 172 310 287 519 281 344 127 5.75886 398 512 3.2048
53.2651 0.345543 0.366557 2 4 -0.2 -0.2 0.46425 0.364001 268 173 453 173 310 287 518 281 344 127 5.75886 399 510 3.2048
53.3318 0.345543 0.366557 2 4 -0.2 -0.2 0.46405 0.363801 267 172 454 172 308 288 518 281 344 127 5.75886 399 509 3.19218
53.3985 0.345543 0.365529 -6 3 -0.2 -0.2 0.46385 0.363601 266 172 453 171 308 289 518 282 344 127 5.75886 399 510 3.19218
53.4651 0.345543 0.365529 -6 3 -0.2 -0.2 0.46365 0.363401 266 172 456 171 308 288 519 281 344 127 5.75886 398 511 3.18004
53.5318 0.345543 0.365529 -6 3 -0.2 -0.2 0.46345 0.363201 266 172 456 172 309 287 520 281 344 127 5.75886 399 510 3.15409
53.5985 0.344258 0.365529 2 3 -0.2 -0.2 0.46325 0.363001 266 172 455 171 307 288 519 281 344 127 5.75886 399 509 3.2048
53.6651 0.344258 0.365529 2 3 -0.2 -0.2 0.46305 0.362801 266 172 456 170 307 289 520 281 344 127 5.75886 398 510 3.17955
53.7318 0.344258 0.365529 2 3 -0.2 -0.2 0.46285 0.362601 266 172 456 170 307 289 520 281 344 127 5.75886 398 510 3.17955
53.7984 0.344258 0.365529 2 3 -0.2 -0.2 0.46285 0.362601 266 172 456 170 307 289 520 281 344 127 5.75886 398 510 3.17955
53.8652 0.344258 0.365529 2 3 -0.2 -0.2 0.46285 0.362601 266 172 456 170 307 289 520 281 344 127 5.75886 398 510 3.17955
53.9318 0.344258 0.365529 2 3 -0.2 -0.2 0.46285 0.362601 266 172 456 170 307 289 520 281 344 127 5.75886 398 510 3.17955
53.9985 0.344258 0.365529 2 3 -0.2 -0.2 0.46285 0.362601 266 172 456 170 307 289 520 281 344 127 5.75886 398 510 3.17955
