178.6 -410.64 2.7773 0.06 0.06
178.6 -410.64 2.7797 0.06 0.06
178.6 -410.64 2.7773 0.06 0.06
178.6 -410.64 2.7748 0.06 0.06
178.6 -410.64 2.7836 0.06 0.06
178.6 -410.64 2.7836 0.06 0.06
178.6 -410.64 2.7748 0.06 0.06
178.6 -410.64 2.7773 0.06 0.06
178.6 -410.64 2.7773 0.06 0.06
178.6 -410.64 2.7773 0.06 0.06
178.6 -410.64 2.7773 0.06 0.06
178.6 -410.64 2.7773 0.06 0.06
178.6 -410.64 2.7773 0.06 0.06
178.6 -410.64 2.7748 0.06 0.06
178.67 -410.55 2.7836 0.06 0.06
178.66 -410.48 2.7836 0.06 0.06
178.74 -410.47 2.7884 0.06 0.06
178.81 -410.39 2.7836 0.06 0.06
178.88 -410.3 2.7836 0.06 0.06
178.95 -410.22 2.7836 0.06 0.06
179.02 -410.14 2.7948 0.06 0.06
179.09 -410.05 2.7971 0.06 0.06
179.16 -409.97 2.7884 0.06 0.06
179.22 -409.89 2.7797 0.06 0.06
179.29 -409.8 2.7797 0.06 0.06
179.36 -409.72 2.7797 0.06 0.06
179.43 -409.64 2.7884 0.06 0.06
179.43 -409.64 2.7884 0.06 0.06
179.51 -409.63 2.7884 0.06 0.06
179.5 -409.55 2.7948 0.06 0.06
179.5 -409.55 2.7948 0.06 0.06
179.58 -409.55 2.7884 0.06 0.06
179.58 -409.55 2.7748 0.06 0.06
179.58 -409.55 2.7748 0.06 0.06
179.66 -409.54 2.7748 0.06 0.06
179.73 -409.53 2.7748 0.06 0.06
179.81 -409.53 2.7748 0.06 0.06
179.89 -409.52 2.7685 0.06 0.06
179.96 -409.51 2.7748 0.06 0.06
180.04 -409.5 2.7748 0.06 0.06
180.12 -409.5 2.7773 0.06 0.06
180.19 -409.49 2.7685 0.06 0.06
180.27 -409.48 2.7773 0.06 0.06
180.35 -409.48 2.7773 0.06 0.06
180.35 -409.48 2.7773 0.06 0.06
180.42 -409.39 2.7773 0.06 0.06
180.56 -409.3 2.7685 0.06 0.06
180.63 -409.22 2.7685 0.06 0.06
180.7 -409.14 2.7685 0.06 0.06
180.7 -409.06 2.7685 0.06 0.06
180.77 -408.98 2.766 0.06 0.06
180.84 -408.89 2.7572 0.06 0.06
180.91 -408.81 2.7685 0.06 0.06
180.98 -408.73 2.7685 0.06 0.06
181.05 -408.64 2.7685 0.06 0.06
181.11 -408.56 2.7572 0.06 0.06
181.18 -408.48 2.7685 0.06 0.06
181.25 -408.39 2.7685 0.06 0.06
181.33 -408.39 2.7685 0.06 0.06
181.33 -408.39 2.7685 0.06 0.06
181.33 -408.39 2.7685 0.06 0.06
181.33 -408.39 2.7685 0.06 0.06
181.41 -408.38 2.766 0.06 0.06
181.41 -408.38 2.766 0.06 0.06
181.41 -408.38 2.766 0.06 0.06
181.41 -408.38 2.766 0.06 0.06
181.41 -408.38 2.7572 0.06 0.06
181.41 -408.38 2.7572 0.06 0.06
181.41 -408.38 2.7572 0.06 0.06
181.41 -408.38 2.7599 0.06 0.06
181.4 -408.3 2.7485 0.06 0.06
181.39 -408.23 2.7485 0.06 0.06
181.39 -408.15 2.7599 -0.06 0.06
181.38 -408.07 2.7485 -0.06 0.06
181.45 -407.99 2.7485 -0.06 0.06
181.44 -407.91 2.7485 -0.06 0.06
181.44 -407.84 2.7399 -0.06 0.06
181.43 -407.76 2.7399 -0.06 0.06
181.5 -407.68 2.7399 -0.06 0.06
181.57 -407.59 2.7399 -0.06 0.06
181.64 -407.51 2.7427 -0.06 0.06
181.71 -407.43 2.7485 -0.06 0.06
181.78 -407.34 2.7485 -0.06 0.06
181.86 -407.34 2.7485 -0.06 0.06
181.93 -407.33 2.7512 -0.06 0.06
182.01 -407.32 2.7572 -0.06 0.06
182.09 -407.32 2.7485 -0.06 0.06
182.09 -407.32 2.7485 -0.06 0.06
182.16 -407.31 2.7427 -0.06 0.06
182.24 -407.3 2.7427 -0.06 0.06
182.32 -407.3 2.7427 -0.06 0.06
182.32 -407.3 2.7427 -0.06 0.06
182.32 -407.3 2.7427 -0.06 0.06
182.39 -407.29 2.7371 -0.06 0.06
182.47 -407.28 2.7371 -0.06 0.06
182.54 -407.2 2.7485 -0.06 0.06
182.62 -407.19 2.7399 -0.06 0.06
182.69 -407.18 2.7399 -0.06 0.06
182.76 -407.1 2.7313 -0.06 0.06
182.91 -407.09 2.7284 -0.06 0.06
183.06 -407 2.7284 -0.06 0.06
183.21 -406.91 2.7399 -0.06 0.06
183.35 -406.82 2.7284 -0.06 0.06
183.58 -406.72 2.7284 -0.06 0.06
183.8 -406.62 2.7399 -0.06 0.06
184.1 -406.52 2.7341 -0.06 0.06
184.32 -406.42 2.7371 -0.06 0.06
184.55 -406.32 2.7371 -0.06 0.06
184.85 -406.22 2.7371 -0.06 0.06
185.14 -406.04 2.7228 -0.06 0.06
185.43 -405.86 2.7228 -0.06 0.06
185.81 -405.75 2.7198 -0.06 0.06
186.1 -405.57 2.7198 -0.06 0.06
186.39 -405.39 2.7113 -0.06 0.06
186.76 -405.2 2.6996 -0.06 0.06
187.13 -405.01 2.6911 -0.06 0.06
187.43 -404.83 2.6911 -0.06 0.06
187.72 -404.65 2.7082 -0.06 0.06
188.01 -404.47 2.6996 -0.06 0.06
188.3 -404.29 2.6826 -0.06 0.06
188.6 -404.11 2.6996 -0.06 0.06
188.81 -403.94 2.6996 -0.06 0.06
189.03 -403.76 2.6826 -0.06 0.06
189.25 -403.67 2.6826 -0.06 0.06
189.47 -403.49 2.6879 -0.06 0.06
189.69 -403.32 2.6826 -0.06 0.06
189.98 -403.22 2.6709 -0.06 0.06
190.21 -403.12 2.6826 -0.06 0.06
190.43 -403.02 2.6826 -0.06 0.06
190.65 -402.93 2.6674 -0.06 0.06
190.95 -402.82 2.6793 -0.06 0.06
191.18 -402.72 2.6826 -0.06 0.06
191.4 -402.63 2.6742 -0.06 0.06
191.69 -402.45 2.659 -0.06 0.06
191.99 -402.34 2.659 -0.06 0.06
192.29 -402.24 2.659 -0.06 0.06
192.66 -402.05 2.6541 -0.06 0.06
192.96 -401.95 2.6541 -0.06 0.06
193.26 -401.84 2.6554 -0.06 0.06
193.48 -401.75 2.6625 -0.06 0.06
193.71 -401.65 2.6625 -0.06 0.06
194.01 -401.55 2.6625 -0.06 0.06
194.3 -401.37 2.6541 -0.06 0.06
194.52 -401.19 2.6541 -0.06 0.06
194.73 -401.02 2.6422 -0.06 0.06
194.95 -400.85 2.6422 -0.06 0.06
195.17 -400.75 2.6422 -0.06 0.06
195.46 -400.57 2.6302 -0.06 0.06
195.76 -400.46 2.6264 -0.06 0.06
195.99 -400.37 2.6264 -0.06 0.06
196.21 -400.27 2.6219 -0.06 0.06
196.43 -400.1 2.6257 -0.06 0.06
196.72 -399.92 2.6339 -0.06 0.06
197.01 -399.74 2.6181 -0.06 0.06
197.31 -399.55 2.6302 -0.06 0.06
197.6 -399.45 2.6302 -0.06 0.06
197.9 -399.27 2.6137 -0.06 0.06
198.19 -399.09 2.6098 -0.06 0.06
198.56 -398.9 2.6016 -0.06 0.06
198.93 -398.72 2.6137 -0.06 0.06
199.23 -398.61 2.5894 -0.06 0.06
199.52 -398.43 2.6098 -0.06 0.06
199.89 -398.24 2.6016 -0.06 0.06
200.26 -398.06 2.6016 -0.06 0.06
200.71 -397.86 2.6016 -0.06 0.06
201.15 -397.67 2.5854 -0.06 0.06
201.6 -397.47 2.5853 -0.06 0.06
201.97 -397.29 2.5853 -0.06 0.06
202.34 -397.1 2.5732 -0.06 0.06
202.79 -396.98 2.5853 -0.06 0.06
203.32 -396.86 2.5854 -0.06 0.06
203.77 -396.74 2.5813 -0.06 0.06
204.15 -396.63 2.5854 -0.06 0.06
204.53 -396.52 2.5732 -0.06 0.06
204.9 -396.33 2.5771 -0.06 0.06
205.27 -396.22 2.5729 -0.06 0.06
205.64 -396.03 2.5652 -0.06 0.06
206.02 -395.92 2.5652 -0.06 0.06
206.32 -395.82 2.5652 -0.06 0.06
206.62 -395.72 2.5732 -0.06 0.06
207.07 -395.6 2.561 -0.06 0.06
207.59 -395.4 2.5486 -0.06 0.06
208.12 -395.2 2.5652 -0.06 0.06
208.56 -395 2.561 -0.06 0.06
209.09 -394.8 2.561 -0.06 0.06
209.61 -394.6 2.561 -0.06 0.06
210.28 -394.31 2.5486 -0.06 0.06
210.95 -394.1 2.5451 -0.06 0.06
211.62 -393.8 2.5566 -0.06 0.06
212.3 -393.59 2.5486 -0.06 0.06
212.9 -393.38 2.5486 -0.06 0.06
213.49 -393.1 2.5328 -0.06 0.06
214.24 -392.8 2.5316 -0.06 0.06
214.91 -392.51 2.5407 -0.06 0.06
215.5 -392.3 2.5407 -0.06 0.06
216.1 -392.09 2.5328 -0.06 0.06
216.77 -391.8 2.5328 -0.06 0.06
217.37 -391.52 2.5204 -0.06 0.06
218.03 -391.23 2.5316 -0.06 0.06
218.56 -391.03 2.5237 -0.06 0.06
219.15 -390.74 2.5204 -0.06 0.06
219.75 -390.54 2.519 -0.06 0.06
220.34 -390.25 2.5158 -0.06 0.06
221.01 -389.96 2.5111 -0.06 0.06
221.76 -389.74 2.508 -0.06 0.06
222.51 -389.44 2.508 -0.06 0.06
223.18 -389.15 2.5111 -0.06 0.06
223.85 -388.86 2.508 -0.06 0.06
224.52 -388.57 2.5032 -0.06 0.06
225.12 -388.36 2.508 -0.06 0.06
225.86 -388.06 2.4925 -0.06 0.06
226.53 -387.77 2.4925 -0.06 0.06
227.28 -387.47 2.5002 -0.06 0.06
227.95 -387.26 2.4954 -0.06 0.06
228.55 -386.97 2.4925 -0.06 0.06
229.22 -386.76 2.4954 -0.06 0.06
229.9 -386.55 2.4801 -0.06 0.06
230.49 -386.26 2.4906 -0.06 0.06
231.01 -386.06 2.4925 -0.06 0.06
231.54 -385.86 2.4701 -0.06 0.06
232.06 -385.66 2.4701 -0.06 0.06
232.58 -385.46 2.4752 -0.06 0.06
233.18 -385.25 2.4701 -0.06 0.06
233.63 -385.13 2.4752 -0.06 0.06
234.09 -385.02 2.4752 -0.06 0.06
234.46 -384.9 2.4752 -0.06 0.06
234.84 -384.79 2.4801 -0.06 0.06
235.38 -384.82 2.4625 -0.06 0.06
236 -384.77 2.4601 -0.06 0.06
236.44 -384.57 2.4601 -0.06 0.06
236.96 -384.37 2.4676 -0.06 0.06
237.49 -384.17 2.4599 -0.06 0.06
238.16 -383.96 2.4599 -0.06 0.06
238.83 -383.67 2.47 -0.06 0.06
239.5 -383.38 2.4576 -0.06 0.06
240.09 -383.09 2.4423 -0.06 0.06
240.76 -382.8 2.4574 -0.06 0.06
241.43 -382.51 2.4522 -0.06 0.06
242.18 -382.21 2.4423 -0.06 0.06
242.92 -381.84 2.4349 -0.06 0.06
243.57 -381.32 2.4498 -0.06 0.06
244.14 -380.8 2.4498 -0.06 0.06
244.81 -380.51 2.4371 -0.06 0.06
245.41 -380.3 2.4317 -0.06 0.06
246.01 -380.1 2.4243 -0.06 0.06
246.45 -379.83 2.4393 -0.06 0.06
247.11 -379.53 2.4423 -0.06 0.06
247.71 -379.25 2.4296 -0.06 0.06
248.3 -378.97 2.4223 -0.06 0.06
248.89 -378.68 2.4223 -0.06 0.06
249.49 -378.4 2.4169 -0.06 0.06
250.08 -378.11 2.4296 -0.06 0.06
250.75 -377.82 2.4243 -0.06 0.06
251.34 -377.54 2.4243 -0.06 0.06
251.94 -377.33 2.4317 -0.06 0.06
252.53 -377.05 2.4169 -0.06 0.06
253.12 -376.76 2.4041 -0.06 0.06
253.71 -376.4 2.4058 -0.06 0.06
254.3 -376.12 2.4169 -0.06 0.06
254.67 -375.93 2.3912 -0.06 0.06
255.12 -375.73 2.3985 -0.06 0.06
255.71 -375.45 2.3968 -0.06 0.06
256.16 -375.26 2.3968 -0.06 0.06
256.75 -374.97 2.4096 -0.06 0.06
257.27 -374.69 2.3912 -0.06 0.06
257.86 -374.41 2.3912 -0.06 0.06
258.45 -374.13 2.3912 -0.06 0.06
258.97 -373.85 2.3985 -0.06 0.06
259.56 -373.56 2.3855 -0.06 0.06
260.07 -373.21 2.3912 -0.06 0.06
260.66 -372.93 2.3912 -0.06 0.06
261.25 -372.64 2.3783 -0.06 0.06
261.92 -372.35 2.3783 -0.06 0.06
262.51 -372.07 2.3712 -0.06 0.06
262.95 -371.8 2.3725 -0.06 0.06
263.54 -371.43 2.3783 -0.06 0.06
264.06 -371.16 2.3699 -0.06 0.06
264.57 -370.88 2.3712 -0.06 0.06
265.01 -370.61 2.3725 -0.06 0.06
265.53 -370.33 2.3654 -0.06 0.06
266.04 -369.98 2.3641 -0.06 0.06
266.47 -369.63 2.3641 -0.06 0.06
267.06 -369.35 2.3654 -0.06 0.06
267.58 -369.07 2.3583 -0.06 0.06
268.09 -368.79 2.3583 0.06 -0.06
268.53 -368.52 2.3524 0.06 -0.06
268.97 -368.25 2.3524 0.06 -0.06
269.42 -368.06 2.3524 0.06 -0.06
269.86 -367.86 2.3394 0.06 -0.06
270.23 -367.67 2.3524 0.06 -0.06
270.53 -367.49 2.3444 0.06 -0.06
270.75 -367.4 2.3524 0.06 -0.06
270.9 -367.31 2.3454 0.06 -0.06
271.05 -367.29 2.3524 0.06 -0.06
271.2 -367.28 2.3394 0.06 -0.06
271.28 -367.27 2.3464 0.06 -0.06
271.28 -367.27 2.3454 0.06 -0.06
271.28 -367.27 2.3524 0.06 -0.06
271.28 -367.27 2.3524 0.06 -0.06
271.28 -367.27 2.3524 0.06 -0.06
271.28 -367.27 2.3524 0.06 -0.06
271.2 -367.28 2.3524 0.06 -0.06
271.13 -367.29 2.3524 0.06 -0.06
271.13 -367.29 2.3524 0.06 -0.06
271.13 -367.29 2.3524 0.06 -0.06
271.13 -367.29 2.3524 0.06 -0.06
271.13 -367.29 2.3524 0.06 -0.06
271.13 -367.29 2.3524 0.06 -0.06
271.13 -367.29 2.3513 0.06 -0.06
271.13 -367.29 2.3524 0.06 -0.06
271.13 -367.29 2.3454 0.06 -0.06
271.13 -367.29 2.3513 0.06 -0.06
271.13 -367.29 2.3454 0.06 -0.06
271.06 -367.37 2.3454 0.06 -0.06
270.99 -367.45 2.3454 0.06 -0.06
270.91 -367.46 2.3524 0.06 -0.06
270.76 -367.47 2.3524 0.06 -0.06
270.68 -367.48 2.3524 0.06 -0.06
270.6 -367.49 2.3524 0.06 -0.06
270.46 -367.58 2.3454 0.06 -0.06
270.23 -367.67 2.3524 0.06 -0.06
270.01 -367.77 2.3524 0.06 -0.06
269.79 -367.94 2.3524 0.06 -0.06
269.42 -368.13 2.3583 0.06 -0.06
269.06 -368.32 2.3583 0.06 -0.06
268.62 -368.59 2.3513 0.06 -0.06
268.25 -368.78 2.3454 0.06 -0.06
267.88 -368.96 2.3583 0.06 -0.06
267.51 -369.23 2.3654 0.06 -0.06
267.15 -369.49 2.3783 0.06 -0.06
266.64 -369.85 2.3725 0.06 -0.06
266.13 -370.12 2.3783 0.06 -0.06
265.61 -370.4 2.3783 0.06 -0.06
265.17 -370.67 2.3712 0.06 -0.06
264.66 -370.95 2.3725 0.06 -0.06
264.14 -371.23 2.3725 0.06 -0.06
263.78 -371.49 2.3769 0.06 -0.06
263.26 -371.77 2.3783 0.06 -0.06
262.82 -372.04 2.3783 0.06 -0.06
262.31 -372.32 2.3783 0.06 -0.06
261.79 -372.59 2.3783 0.06 -0.06
261.27 -372.87 2.3912 0.06 -0.06
260.76 -373.15 2.384 0.06 -0.06
260.24 -373.43 2.4041 0.06 -0.06
259.66 -373.79 2.3912 0.06 -0.06
259.14 -374.06 2.3968 0.06 -0.06
258.62 -374.34 2.3912 0.06 -0.06
258.03 -374.63 2.3912 0.06 -0.06
257.43 -374.83 2.4169 0.06 -0.06
256.84 -375.12 2.4058 0.06 -0.06
256.4 -375.39 2.4041 0.06 -0.06
255.95 -375.58 2.4096 0.06 -0.06
255.51 -375.78 2.4169 0.06 -0.06
254.99 -375.98 2.4041 0.06 -0.06
254.47 -376.26 2.4041 0.06 -0.06
254.03 -376.53 2.4041 0.06 -0.06
253.51 -376.73 2.4096 0.06 -0.06
253.06 -376.92 2.4169 0.06 -0.06
252.62 -377.19 2.4243 0.06 -0.06
252.11 -377.47 2.4243 0.06 -0.06
251.74 -377.73 2.4169 0.06 -0.06
251.38 -378 2.4169 0.06 -0.06
250.93 -378.19 2.4296 0.06 -0.06
250.49 -378.39 2.4371 0.06 -0.06
249.97 -378.59 2.4169 0.06 -0.06
249.52 -378.78 2.4223 0.06 -0.06
249.08 -379.05 2.4223 0.06 -0.06
248.56 -379.25 2.4423 0.06 -0.06
247.96 -379.54 2.4423 0.06 -0.06
247.53 -379.81 2.4349 0.06 -0.06
247.09 -380.08 2.4296 0.06 -0.06
246.56 -380.28 2.4423 0.06 -0.06
246.04 -380.48 2.4423 0.06 -0.06
245.52 -380.68 2.4498 0.06 -0.06
244.92 -380.89 2.4317 0.06 -0.06
244.4 -381.16 2.4446 0.06 -0.06
243.89 -381.44 2.4423 0.06 -0.06
243.37 -381.72 2.4574 0.06 -0.06
242.85 -382 2.455 0.06 -0.06
242.41 -382.19 2.455 0.06 -0.06
241.96 -382.39 2.4446 0.06 -0.06
241.52 -382.58 2.4446 0.06 -0.06
241.07 -382.77 2.4625 0.06 -0.06
240.55 -382.97 2.4625 0.06 -0.06
240.1 -383.17 2.4676 0.06 -0.06
239.65 -383.36 2.4676 0.06 -0.06
239.22 -383.63 2.4625 0.06 -0.06
238.78 -383.9 2.4574 0.06 -0.06
238.33 -384.1 2.4651 0.06 -0.06
237.88 -384.29 2.4752 0.06 -0.06
237.44 -384.56 2.4752 0.06 -0.06
237 -384.76 2.4701 0.06 -0.06
236.48 -385.03 2.4828 0.06 -0.06
235.97 -385.31 2.4752 0.06 -0.06
235.52 -385.51 2.4828 0.06 -0.06
235 -385.71 2.4828 0.06 -0.06
234.55 -385.9 2.4828 0.06 -0.06
234.03 -386.1 2.4828 0.06 -0.06
233.58 -386.3 2.4828 0.06 -0.06
233.14 -386.49 2.4906 0.06 -0.06
232.69 -386.68 2.4828 0.06 -0.06
232.24 -386.88 2.4877 0.06 -0.06
231.72 -387.08 2.4856 0.06 -0.06
231.27 -387.2 2.4954 0.06 -0.06
230.75 -387.47 2.4954 0.06 -0.06
230.31 -387.67 2.508 0.06 -0.06
229.86 -387.86 2.508 0.06 -0.06
229.34 -388.06 2.4954 0.06 -0.06
228.89 -388.26 2.4954 0.06 -0.06
228.37 -388.46 2.4954 0.06 -0.06
227.93 -388.73 2.508 0.06 -0.06
227.49 -389 2.5158 0.06 -0.06
226.97 -389.2 2.5126 0.06 -0.06
226.52 -389.39 2.508 0.06 -0.06
226 -389.59 2.508 0.06 -0.06
225.55 -389.79 2.5204 0.06 -0.06
224.96 -390.07 2.5283 0.06 -0.06
224.44 -390.27 2.5237 0.06 -0.06
223.91 -390.47 2.5237 0.06 -0.06
223.39 -390.68 2.5316 0.06 -0.06
222.95 -390.87 2.5237 0.06 -0.06
222.42 -391.07 2.5158 0.06 -0.06
221.98 -391.26 2.5362 0.06 -0.06
221.53 -391.46 2.5328 0.06 -0.06
221.01 -391.66 2.5328 0.06 -0.06
220.56 -391.85 2.5283 0.06 -0.06
220.04 -392.05 2.5486 0.06 -0.06
219.59 -392.25 2.5316 0.06 -0.06
218.99 -392.46 2.5407 0.06 -0.06
218.55 -392.65 2.5486 0.06 -0.06
218.1 -392.84 2.5372 0.06 -0.06
217.58 -393.04 2.5486 0.06 -0.06
217.13 -393.24 2.5362 0.06 -0.06
216.61 -393.44 2.5486 0.06 -0.06
216.16 -393.63 2.561 0.06 -0.06
215.64 -393.83 2.5486 0.06 -0.06
215.12 -394.04 2.5486 0.06 -0.06
214.59 -394.16 2.5566 0.06 -0.06
213.99 -394.37 2.5566 0.06 -0.06
213.46 -394.49 2.5522 0.06 -0.06
212.94 -394.69 2.5652 0.06 -0.06
212.49 -394.89 2.569 0.06 -0.06
212.04 -395 2.5732 0.06 -0.06
211.51 -395.13 2.5771 0.06 -0.06
211.06 -395.25 2.561 0.06 -0.06
210.53 -395.37 2.561 0.06 -0.06
210 -395.49 2.5647 0.06 -0.06
209.47 -395.69 2.5732 0.06 -0.06
208.95 -395.9 2.5732 0.06 -0.06
208.42 -396.02 2.5771 0.06 -0.06
207.9 -396.3 2.5774 0.06 -0.06
207.45 -396.41 2.5813 0.06 -0.06
206.94 -396.69 2.5771 0.06 -0.06
206.41 -396.82 2.5771 0.06 -0.06
205.88 -397.02 2.5894 0.06 -0.06
205.28 -397.22 2.5854 0.06 -0.06
204.76 -397.43 2.5894 0.06 -0.06
204.16 -397.63 2.5894 0.06 -0.06
203.56 -397.84 2.5894 0.06 -0.06
203.04 -398.04 2.5894 0.06 -0.06
202.43 -398.17 2.5853 0.06 -0.06
201.9 -398.3 2.5894 0.06 -0.06
201.31 -398.5 2.6016 0.06 -0.06
200.7 -398.64 2.6059 0.06 -0.06
200.1 -398.84 2.5935 0.06 -0.06
199.49 -398.97 2.5976 0.06 -0.06
198.89 -399.18 2.6016 0.06 -0.06
198.36 -399.31 2.5976 0.06 -0.06
197.83 -399.43 2.6181 0.06 -0.06
197.23 -399.56 2.6181 0.06 -0.06
196.71 -399.76 2.6137 0.06 -0.06
196.18 -399.96 2.6137 0.06 -0.06
195.58 -400.17 2.6137 0.06 -0.06
195.06 -400.37 2.6142 0.06 -0.06
194.46 -400.58 2.6059 0.06 -0.06
193.86 -400.71 2.6142 0.06 -0.06
193.33 -400.83 2.6302 0.06 -0.06
192.73 -401.04 2.6175 0.06 -0.06
192.2 -401.24 2.6257 0.06 -0.06
191.53 -401.46 2.6181 0.06 -0.06
190.85 -401.67 2.6264 0.06 -0.06
190.18 -401.89 2.6257 0.06 -0.06
189.58 -402.09 2.6422 0.06 -0.06
188.89 -402.23 2.6302 0.06 -0.06
188.21 -402.37 2.6302 0.06 -0.06
187.6 -402.5 2.6386 0.06 -0.06
186.92 -402.64 2.6386 0.06 -0.06
186.32 -402.77 2.6348 0.06 -0.06
185.71 -402.9 2.6386 0.06 -0.06
185.03 -403.04 2.6422 0.06 -0.06
184.42 -403.17 2.659 0.06 -0.06
183.81 -403.3 2.6386 0.06 -0.06
183.28 -403.43 2.659 0.06 -0.06
182.68 -403.56 2.6625 0.06 -0.06
182.15 -403.68 2.6625 0.06 -0.06
181.62 -403.8 2.659 0.06 -0.06
181.09 -403.93 2.647 0.06 -0.06
180.56 -404.05 2.6506 0.06 -0.06
179.96 -404.26 2.6554 0.06 -0.06
179.43 -404.38 2.659 0.06 -0.06
178.83 -404.52 2.659 0.06 -0.06
178.3 -404.64 2.659 0.06 -0.06
177.77 -404.84 2.6709 0.06 -0.06
177.17 -404.97 2.6709 0.06 -0.06
176.56 -405.1 2.6709 0.06 -0.06
175.95 -405.23 2.676 0.06 -0.06
175.42 -405.36 2.6793 0.06 -0.06
174.82 -405.49 2.6793 0.06 -0.06
174.21 -405.62 2.6742 0.06 -0.06
173.68 -405.74 2.6826 0.06 -0.06
173.08 -405.88 2.6996 0.06 -0.06
172.55 -406 2.6911 0.06 -0.06
171.94 -406.13 2.6996 0.06 -0.06
171.34 -406.26 2.6911 0.06 -0.06
170.73 -406.39 2.6996 0.06 -0.06
170.2 -406.52 2.6879 0.06 -0.06
169.67 -406.64 2.6879 0.06 -0.06
169.14 -406.77 2.6879 0.06 -0.06
168.61 -406.89 2.6964 0.06 -0.06
168.08 -407.01 2.6996 0.06 -0.06
167.55 -407.14 2.6996 0.06 -0.06
166.95 -407.27 2.7082 0.06 -0.06
166.26 -407.41 2.6943 0.06 -0.06
165.73 -407.53 2.7027 0.06 -0.06
165.12 -407.59 2.6996 0.06 -0.06
164.51 -407.72 2.7027 0.06 -0.06
163.98 -407.84 2.7027 0.06 -0.06
163.38 -407.97 2.7113 0.06 -0.06
162.77 -408.03 2.7113 0.06 -0.06
162.16 -408.16 2.7027 0.06 -0.06
161.55 -408.21 2.7168 0.06 -0.06
160.94 -408.34 2.7168 0.06 -0.06
160.26 -408.48 2.7228 0.06 -0.06
159.64 -408.54 2.7284 0.06 -0.06
159.04 -408.67 2.7284 0.06 -0.06
158.5 -408.71 2.7313 0.06 -0.06
157.9 -408.84 2.7228 0.06 -0.06
157.29 -408.98 2.7313 0.06 -0.06
156.76 -409.1 2.7284 0.06 -0.06
156.15 -409.23 2.7257 0.06 -0.06
155.62 -409.36 2.7313 0.06 -0.06
155.02 -409.49 2.7371 0.06 -0.06
154.48 -409.53 2.743 0.06 -0.06
153.95 -409.66 2.7313 0.06 -0.06
153.42 -409.71 2.7313 0.06 -0.06
152.88 -409.75 2.7485 0.06 -0.06
152.27 -409.88 2.7572 0.06 -0.06
151.74 -409.93 2.7512 0.06 -0.06
151.13 -410.06 2.7572 0.06 -0.06
150.59 -410.11 2.7427 0.06 -0.06
150.13 -410.15 2.7427 0.06 -0.06
149.6 -410.2 2.7572 0.06 -0.06
149.06 -410.25 2.7572 0.06 -0.06
148.45 -410.3 2.7572 0.06 -0.06
147.84 -410.36 2.7599 0.06 -0.06
147.22 -410.41 2.7572 0.06 -0.06
146.53 -410.47 2.766 0.06 -0.06
145.92 -410.53 2.7634 0.06 -0.06
145.31 -410.58 2.7599 0.06 -0.06
144.77 -410.63 2.7685 0.06 -0.06
144.16 -410.68 2.766 0.06 -0.06
143.62 -410.73 2.7685 0.06 -0.06
143.01 -410.78 2.7599 0.06 -0.06
142.4 -410.84 2.7797 0.06 -0.06
141.86 -410.89 2.7797 0.06 -0.06
141.32 -410.93 2.786 0.06 -0.06
140.79 -411.06 2.7797 0.06 -0.06
140.33 -411.1 2.7773 0.06 -0.06
139.8 -411.22 2.7925 0.06 -0.06
139.34 -411.26 2.7797 0.06 -0.06
138.81 -411.31 2.786 0.06 -0.06
138.27 -411.36 2.786 0.06 -0.06
137.74 -411.41 2.7884 0.06 -0.06
137.2 -411.45 2.786 0.06 -0.06
136.67 -411.58 2.786 0.06 -0.06
136.14 -411.7 2.786 0.06 -0.06
135.6 -411.75 2.7925 0.06 -0.06
135 -411.88 2.7971 0.06 -0.06
134.39 -412.01 2.7948 0.06 -0.06
133.85 -412.06 2.7948 0.06 -0.06
133.33 -412.18 2.8036 0.06 -0.06
132.79 -412.23 2.8036 0.06 -0.06
132.26 -412.36 2.7948 0.06 -0.06
131.73 -412.48 2.8036 0.06 -0.06
131.28 -412.6 2.7994 0.06 -0.06
130.74 -412.65 2.8059 0.06 -0.06
130.28 -412.69 2.8125 0.06 -0.06
129.74 -412.73 2.8059 0.06 -0.06
129.21 -412.78 2.8147 0.06 -0.06
128.68 -412.91 2.8059 0.06 -0.06
128.14 -412.95 2.8147 0.06 -0.06
127.68 -412.99 2.8147 0.06 -0.06
127.15 -413.04 2.8147 0.06 -0.06
126.61 -413.09 2.8147 0.06 -0.06
126.07 -413.14 2.8214 0.06 -0.06
125.53 -413.11 2.8147 0.06 -0.06
124.99 -413.08 2.8214 0.06 -0.06
124.37 -413.13 2.8168 0.06 -0.06
123.92 -413.25 2.8214 0.06 -0.06
123.38 -413.3 2.8256 0.06 -0.06
122.85 -413.35 2.8276 0.06 -0.06
122.31 -413.32 2.8344 0.06 -0.06
121.76 -413.29 2.8344 0.06 -0.06
121.3 -413.33 2.8413 0.06 -0.06
120.77 -413.38 2.8432 0.06 -0.06
120.22 -413.35 2.8344 0.06 -0.06
119.69 -413.39 2.8413 0.06 -0.06
119.14 -413.37 2.8503 0.06 -0.06
118.53 -413.42 2.8344 0.06 -0.06
118 -413.54 2.8432 0.06 -0.06
117.54 -413.59 2.8432 0.06 -0.06
116.92 -413.56 2.8521 0.06 -0.06
116.38 -413.61 2.8432 0.06 -0.06
115.93 -413.65 2.8521 0.06 -0.06
115.47 -413.77 2.8503 0.06 -0.06
114.94 -413.89 2.861 0.06 -0.06
114.41 -413.94 2.8413 0.06 -0.06
113.86 -413.91 2.8503 0.06 -0.06
113.33 -413.96 2.8503 0.06 -0.06
112.78 -413.93 2.8413 0.06 -0.06
112.25 -413.98 2.861 0.06 -0.06
111.71 -414.03 2.8627 0.06 -0.06
111.17 -414 2.8789 0.06 -0.06
110.55 -413.97 2.8716 0.06 -0.06
109.94 -414.03 2.8894 0.06 -0.06
109.25 -414.09 2.8716 0.06 -0.06
108.55 -414.07 2.8732 0.06 -0.06
107.85 -414.06 2.8805 0.06 -0.06
107.23 -414.04 2.8894 0.06 -0.06
106.54 -414.02 2.8894 0.06 -0.06
105.92 -414.08 2.8894 0.06 -0.06
105.39 -414.12 2.8805 0.06 -0.06
104.77 -414.18 2.8955 0.06 -0.06
104.24 -414.23 2.8805 0.06 -0.06
103.78 -414.27 2.8969 0.06 -0.06
103.24 -414.31 2.8894 -0.06 0.06
102.71 -414.36 2.9073 -0.06 0.06
102.25 -414.4 2.8909 -0.06 0.06
101.86 -414.44 2.9073 -0.06 0.06
101.48 -414.47 2.9073 -0.06 0.06
101.17 -414.5 2.8909 -0.06 0.06
100.87 -414.52 2.9073 -0.06 0.06
100.64 -414.55 2.8983 -0.06 0.06
100.41 -414.57 2.9073 -0.06 0.06
100.18 -414.59 2.9073 -0.06 0.06
100.02 -414.6 2.9073 -0.06 0.06
99.87 -414.61 2.9073 -0.06 0.06
99.717 -414.63 2.8983 -0.06 0.06
99.641 -414.63 2.9073 -0.06 0.06
99.641 -414.63 2.8983 -0.06 0.06
99.641 -414.63 2.9073 -0.06 0.06
99.641 -414.63 2.9073 -0.06 0.06
99.641 -414.63 2.9073 -0.06 0.06
99.641 -414.63 2.9073 -0.06 0.06
99.641 -414.63 2.9073 -0.06 0.06
99.641 -414.63 2.9073 -0.06 0.06
99.641 -414.63 2.8969 -0.06 0.06
99.641 -414.63 2.9073 -0.06 0.06
99.641 -414.63 2.9073 -0.06 0.06
99.641 -414.63 2.9073 -0.06 0.06
99.641 -414.63 2.9073 -0.06 0.06
99.641 -414.63 2.8969 -0.06 0.06
99.641 -414.63 2.8969 -0.06 0.06
99.641 -414.63 2.9073 -0.06 0.06
99.634 -414.56 2.9073 -0.06 0.06
99.71 -414.55 2.9073 -0.06 0.06
99.71 -414.55 2.9073 -0.06 0.06
99.71 -414.55 2.9073 -0.06 0.06
99.787 -414.54 2.9073 -0.06 0.06
99.864 -414.54 2.9073 -0.06 0.06
99.94 -414.53 2.8879 -0.06 0.06
100.02 -414.52 2.8909 -0.06 0.06
100.09 -414.44 2.8805 -0.06 0.06
100.16 -414.43 2.8894 -0.06 0.06
100.24 -414.43 2.8997 -0.06 0.06
100.32 -414.42 2.8997 -0.06 0.06
100.39 -414.41 2.9073 -0.06 0.06
100.48 -414.48 2.8997 -0.06 0.06
100.48 -414.48 2.8894 -0.06 0.06
100.55 -414.48 2.8969 -0.06 0.06
100.71 -414.46 2.9073 -0.06 0.06
100.7 -414.39 2.9073 -0.06 0.06
100.7 -414.39 2.9073 -0.06 0.06
100.78 -414.38 2.9073 -0.06 0.06
100.85 -414.37 2.8805 -0.06 0.06
101.01 -414.36 2.8983 -0.06 0.06
101.16 -414.34 2.8789 -0.06 0.06
101.38 -414.25 2.8894 -0.06 0.06
101.61 -414.23 2.8983 -0.06 0.06
101.84 -414.21 2.8894 -0.06 0.06
102.15 -414.18 2.8805 -0.06 0.06
102.53 -414.15 2.8894 -0.06 0.06
102.99 -414.1 2.8894 -0.06 0.06
103.37 -414.07 2.8879 -0.06 0.06
103.84 -414.11 2.8699 -0.06 0.06
104.38 -414.06 2.8683 -0.06 0.06
104.91 -414.01 2.8773 -0.06 0.06
105.53 -413.96 2.8627 -0.06 0.06
106.07 -413.99 2.8699 -0.06 0.06
106.61 -413.94 2.8683 -0.06 0.06
107.15 -413.97 2.8683 -0.06 0.06
107.69 -413.92 2.8716 -0.06 0.06
108.3 -413.87 2.8627 -0.06 0.06
108.91 -413.81 2.861 -0.06 0.06
109.45 -413.76 2.861 -0.06 0.06
109.98 -413.72 2.8699 -0.06 0.06
110.52 -413.67 2.861 -0.06 0.06
111.13 -413.61 2.8451 -0.06 0.06
111.75 -413.56 2.8539 -0.06 0.06
112.28 -413.51 2.861 -0.06 0.06
112.75 -413.55 2.861 -0.06 0.06
113.29 -413.5 2.8503 -0.06 0.06
113.9 -413.45 2.8503 -0.06 0.06
114.44 -413.47 2.8344 -0.06 0.06
115.06 -413.42 2.8432 -0.06 0.06
115.59 -413.37 2.8503 -0.06 0.06
116.13 -413.4 2.8432 -0.06 0.06
116.67 -413.35 2.8432 -0.06 0.06
117.21 -413.31 2.8503 -0.06 0.06
117.75 -413.34 2.8432 -0.06 0.06
118.29 -413.29 2.8432 -0.06 0.06
118.82 -413.24 2.8324 -0.06 0.06
119.44 -413.26 2.8413 -0.06 0.06
120.05 -413.13 2.8324 -0.06 0.06
120.67 -413.15 2.8344 -0.06 0.06
121.21 -413.18 2.8413 -0.06 0.06
121.83 -413.13 2.8344 -0.06 0.06
122.44 -413.15 2.8324 -0.06 0.06
123.06 -413.17 2.8276 -0.06 0.06
123.6 -413.12 2.8344 -0.06 0.06
124.22 -413.15 2.8147 -0.06 0.06
124.84 -413.17 2.8214 -0.06 0.06
125.45 -413.11 2.8214 -0.06 0.06
126.07 -413.14 2.8256 -0.06 0.06
126.62 -413.17 2.8147 -0.06 0.06
127.15 -413.04 2.8147 -0.06 0.06
127.77 -413.06 2.8147 -0.06 0.06
128.3 -412.94 2.8147 -0.06 0.06
128.91 -412.89 2.8147 -0.06 0.06
129.44 -412.76 2.8036 -0.06 0.06
129.97 -412.64 2.8036 -0.06 0.06
130.57 -412.51 2.7948 -0.06 0.06
131.18 -412.37 2.8036 -0.06 0.06
131.79 -412.24 2.7948 -0.06 0.06
132.32 -412.12 2.8014 -0.06 0.06
133 -411.98 2.7948 -0.06 0.06
133.6 -411.85 2.7948 -0.06 0.06
134.22 -411.8 2.7925 -0.06 0.06
134.83 -411.74 2.7925 -0.06 0.06
135.36 -411.62 2.7948 -0.06 0.06
136.05 -411.56 2.7925 -0.06 0.06
136.66 -411.43 2.7948 -0.06 0.06
137.27 -411.37 2.786 -0.06 0.06
137.81 -411.32 2.786 -0.06 0.06
138.26 -411.28 2.7797 -0.06 0.06
138.88 -411.23 2.7948 -0.06 0.06
139.41 -411.18 2.786 -0.06 0.06
140.03 -411.13 2.786 -0.06 0.06
140.49 -411.09 2.7797 -0.06 0.06
141.02 -411.04 2.766 -0.06 0.06
141.63 -410.91 2.7836 -0.06 0.06
142.17 -410.86 2.7797 -0.06 0.06
142.78 -410.8 2.7599 -0.06 0.06
143.24 -410.76 2.7685 -0.06 0.06
143.85 -410.71 2.7599 -0.06 0.06
144.46 -410.65 2.766 -0.06 0.06
145.08 -410.6 2.7572 -0.06 0.06
145.77 -410.54 2.7572 -0.06 0.06
146.3 -410.49 2.7572 -0.06 0.06
146.99 -410.43 2.7599 -0.06 0.06
147.61 -410.38 2.766 -0.06 0.06
148.21 -410.25 2.7572 -0.06 0.06
148.82 -410.11 2.7485 -0.06 0.06
149.35 -410.07 2.7572 -0.06 0.06
149.97 -410.01 2.7485 -0.06 0.06
150.5 -409.89 2.7458 -0.06 0.06
151.1 -409.76 2.7512 -0.06 0.06
151.63 -409.63 2.7399 -0.06 0.06
152.16 -409.51 2.7371 -0.06 0.06
152.77 -409.38 2.7458 -0.06 0.06
153.37 -409.25 2.743 -0.06 0.06
153.98 -409.12 2.7399 -0.06 0.06
154.44 -409.07 2.7371 -0.06 0.06
154.89 -408.96 2.7284 -0.06 0.06
155.51 -408.9 2.7371 -0.06 0.06
156.04 -408.85 2.7371 -0.06 0.06
156.57 -408.73 2.7284 -0.06 0.06
157.1 -408.61 2.7284 -0.06 0.06
157.71 -408.55 2.7284 -0.06 0.06
158.25 -408.5 2.7168 -0.06 0.06
158.79 -408.46 2.7138 -0.06 0.06
159.32 -408.41 2.7082 -0.06 0.06
159.86 -408.36 2.7168 -0.06 0.06
160.4 -408.31 2.7082 -0.06 0.06
160.93 -408.19 2.7082 -0.06 0.06
161.53 -407.98 2.7168 -0.06 0.06
162.21 -407.84 2.6996 -0.06 0.06
162.74 -407.72 2.7051 -0.06 0.06
163.34 -407.59 2.7082 -0.06 0.06
164.03 -407.45 2.7082 -0.06 0.06
164.63 -407.32 2.6932 -0.06 0.06
165.16 -407.2 2.6932 -0.06 0.06
165.69 -407.07 2.6996 -0.06 0.06
166.22 -406.95 2.6964 -0.06 0.06
166.75 -406.82 2.6911 -0.06 0.06
167.35 -406.62 2.6996 -0.06 0.06
167.88 -406.49 2.6996 -0.06 0.06
168.49 -406.36 2.6964 -0.06 0.06
169.09 -406.23 2.6826 -0.06 0.06
169.62 -406.11 2.6996 -0.06 0.06
170.23 -405.97 2.6911 -0.06 0.06
170.76 -405.93 2.6793 -0.06 0.06
171.29 -405.8 2.6879 -0.06 0.06
171.82 -405.68 2.6793 -0.06 0.06
172.43 -405.55 2.6793 -0.06 0.06
173.11 -405.33 2.6709 -0.06 0.06
173.71 -405.2 2.6709 -0.06 0.06
174.39 -404.99 2.6709 -0.06 0.06
174.92 -404.94 2.6709 -0.06 0.06
175.53 -404.81 2.6674 -0.06 0.06
176.06 -404.68 2.6625 -0.06 0.06
176.6 -404.64 2.6625 -0.06 0.06
177.2 -404.51 2.6554 -0.06 0.06
177.81 -404.37 2.6625 -0.06 0.06
178.41 -404.17 2.6554 -0.06 0.06
179.01 -404.04 2.6541 -0.06 0.06
179.62 -403.9 2.659 -0.06 0.06
180.15 -403.78 2.6674 -0.06 0.06
180.69 -403.73 2.6506 -0.06 0.06
181.22 -403.61 2.6541 -0.06 0.06
181.75 -403.56 2.6386 -0.06 0.06
182.28 -403.44 2.647 -0.06 0.06
182.81 -403.31 2.6541 -0.06 0.06
183.35 -403.27 2.6348 -0.06 0.06
183.87 -403.06 2.6422 -0.06 0.06
184.4 -402.94 2.6348 -0.06 0.06
184.93 -402.82 2.6422 -0.06 0.06
185.46 -402.69 2.6339 -0.06 0.06
185.99 -402.57 2.6302 -0.06 0.06
186.59 -402.44 2.6302 -0.06 0.06
187.2 -402.31 2.6422 -0.06 0.06
187.8 -402.1 2.6506 -0.06 0.06
188.4 -401.89 2.6264 -0.06 0.06
189 -401.68 2.6257 -0.06 0.06
189.6 -401.47 2.6302 -0.06 0.06
190.2 -401.27 2.6302 -0.06 0.06
190.87 -401.05 2.6175 -0.06 0.06
191.48 -400.92 2.6016 -0.06 0.06
192.09 -400.79 2.6098 -0.06 0.06
192.62 -400.67 2.6264 -0.06 0.06
193.22 -400.54 2.6016 -0.06 0.06
193.82 -400.33 2.6142 -0.06 0.06
194.34 -400.13 2.6181 -0.06 0.06
194.94 -399.92 2.6137 -0.06 0.06
195.47 -399.79 2.6137 -0.06 0.06
196.08 -399.66 2.6098 -0.06 0.06
196.69 -399.53 2.6181 -0.06 0.06
197.29 -399.4 2.5976 -0.06 0.06
197.9 -399.27 2.5935 -0.06 0.06
198.43 -399.15 2.5976 -0.06 0.06
199.03 -398.94 2.5894 -0.06 0.06
199.55 -398.74 2.5976 -0.06 0.06
200.07 -398.54 2.5853 -0.06 0.06
200.67 -398.33 2.5853 -0.06 0.06
201.2 -398.21 2.5894 -0.06 0.06
201.81 -398.07 2.5894 -0.06 0.06
202.33 -397.87 2.5854 -0.06 0.06
202.93 -397.67 2.5894 -0.06 0.06
203.53 -397.46 2.5853 -0.06 0.06
204.05 -397.26 2.5732 -0.06 0.06
204.65 -397.05 2.5729 -0.06 0.06
205.17 -396.85 2.5647 -0.06 0.06
205.77 -396.64 2.5771 -0.06 0.06
206.3 -396.52 2.5771 -0.06 0.06
206.91 -396.39 2.5732 -0.06 0.06
207.58 -396.17 2.5729 -0.06 0.06
208.11 -395.97 2.561 -0.06 0.06
208.71 -395.76 2.5604 -0.06 0.06
209.23 -395.56 2.5486 -0.06 0.06
209.84 -395.43 2.5604 -0.06 0.06
210.37 -395.31 2.5486 -0.06 0.06
210.89 -395.18 2.561 -0.06 0.06
211.42 -395.06 2.569 0.06 0.06
211.88 -394.94 2.561 0.06 0.06
212.33 -394.82 2.5522 0.06 0.06
212.78 -394.63 2.5486 0.06 0.06
213.22 -394.44 2.5442 0.06 0.06
213.59 -394.25 2.5486 0.06 0.06
213.89 -394.14 2.5486 0.06 0.06
214.27 -394.03 2.5486 0.06 0.06
214.57 -393.93 2.5362 0.06 0.06
214.87 -393.83 2.5486 0.06 0.06
215.09 -393.73 2.5486 0.06 0.06
215.31 -393.63 2.5362 0.06 0.06
215.46 -393.54 2.5451 0.06 0.06
215.61 -393.45 2.5442 0.06 0.06
215.75 -393.36 2.5442 0.06 0.06
215.89 -393.19 2.5362 0.06 0.06
215.96 -393.11 2.5362 0.06 0.06
216.03 -393.03 2.5362 0.06 0.06
216.1 -392.94 2.5362 0.06 0.06
216.18 -392.94 2.5442 0.06 0.06
216.18 -392.94 2.5442 0.06 0.06
216.18 -392.94 2.5362 0.06 0.06
216.26 -392.93 2.5362 0.06 0.06
216.33 -392.85 2.5362 0.06 0.06
216.39 -392.76 2.5362 0.06 0.06
216.46 -392.68 2.5328 0.06 0.06
216.53 -392.6 2.5328 0.06 0.06
216.6 -392.51 2.5328 0.06 0.06
216.68 -392.51 2.5237 0.06 0.06
216.76 -392.5 2.5158 0.06 0.06
216.83 -392.49 2.5158 0.06 0.06
216.91 -392.49 2.5316 0.06 0.06
216.98 -392.4 2.5316 0.06 0.06
217.05 -392.32 2.5316 0.06 0.06
217.11 -392.16 2.5237 0.06 0.06
217.1 -392.01 2.5237 0.06 0.06
217.09 -391.93 2.5237 0.06 0.06
217.09 -391.85 2.5237 0.06 0.06
217.08 -391.78 2.5032 0.06 0.06
217.07 -391.7 2.5237 0.06 0.06
217.07 -391.62 2.5032 0.06 0.06
217.14 -391.54 2.508 0.06 0.06
217.21 -391.46 2.508 0.06 0.06
217.28 -391.37 2.508 0.06 0.06
217.35 -391.29 2.5204 0.06 0.06
217.42 -391.21 2.508 0.06 0.06
217.48 -391.12 2.4954 0.06 0.06
217.55 -391.04 2.4984 0.06 0.06
217.62 -390.96 2.5111 0.06 0.06
217.69 -390.87 2.5111 0.06 0.06
217.76 -390.79 2.5111 0.06 0.06
217.83 -390.71 2.5111 0.06 0.06
217.9 -390.62 2.5158 0.06 0.06
217.97 -390.54 2.4954 0.06 0.06
217.97 -390.46 2.4954 0.06 0.06
217.96 -390.39 2.4954 0.06 0.06
217.95 -390.31 2.4954 0.06 0.06
217.95 -390.23 2.4954 0.06 0.06
217.94 -390.16 2.4954 0.06 0.06
217.93 -390.08 2.4877 0.06 0.06
218.01 -390.07 2.4828 0.06 0.06
218.08 -389.99 2.4906 0.06 0.06
218.16 -389.98 2.4906 0.06 0.06
218.23 -389.97 2.4906 0.06 0.06
218.31 -389.97 2.4906 0.06 0.06
218.38 -389.88 2.4906 0.06 0.06
218.45 -389.8 2.4828 0.06 0.06
218.52 -389.72 2.4801 0.06 0.06
218.59 -389.63 2.4828 0.06 0.06
218.66 -389.55 2.4828 0.06 0.06
218.73 -389.47 2.4828 0.06 0.06
218.8 -389.38 2.4906 0.06 0.06
218.87 -389.3 2.4906 0.06 0.06
218.86 -389.22 2.4828 0.06 0.06
218.86 -389.22 2.4828 0.06 0.06
218.85 -389.07 2.4828 0.06 0.06
218.91 -388.91 2.4828 0.06 0.06
218.97 -388.75 2.4828 0.06 0.06
219.04 -388.67 2.4828 0.06 0.06
219.11 -388.58 2.4828 0.06 0.06
219.18 -388.5 2.4701 0.06 0.06
219.25 -388.42 2.4701 0.06 0.06
219.32 -388.33 2.4752 0.06 0.06
219.39 -388.25 2.4752 0.06 0.06
219.46 -388.17 2.4625 0.06 0.06
219.53 -388.08 2.4625 0.06 0.06
219.6 -388 2.4676 0.06 0.06
219.67 -387.92 2.4676 0.06 0.06
219.75 -387.91 2.4676 0.06 0.06
219.75 -387.91 2.4701 0.06 0.06
219.75 -387.91 2.4446 0.06 0.06
219.82 -387.9 2.4498 0.06 0.06
219.82 -387.83 2.4446 0.06 0.06
219.89 -387.82 2.4446 0.06 0.06
219.96 -387.74 2.4498 0.06 0.06
220.03 -387.65 2.4446 0.06 0.06
220.1 -387.57 2.4574 0.06 0.06
220.17 -387.49 2.4498 0.06 0.06
220.24 -387.4 2.4498 0.06 0.06
220.31 -387.32 2.4423 0.06 0.06
220.38 -387.24 2.4498 0.06 0.06
220.45 -387.15 2.455 0.06 0.06
220.52 -387.07 2.4498 0.06 0.06
220.59 -386.99 2.4498 0.06 0.06
220.58 -386.83 2.4498 0.06 0.06
220.65 -386.75 2.4423 0.06 0.06
220.64 -386.6 2.4371 0.06 0.06
220.63 -386.52 2.4371 0.06 0.06
220.62 -386.44 2.4296 0.06 0.06
220.62 -386.44 2.4371 0.06 0.06
220.62 -386.44 2.4296 0.06 0.06
220.62 -386.44 2.4296 0.06 0.06
220.62 -386.44 2.4296 0.06 0.06
220.62 -386.37 2.4296 0.06 0.06
220.61 -386.29 2.4296 0.06 0.06
220.6 -386.21 2.4317 0.06 0.06
220.59 -386.14 2.4317 0.06 0.06
220.67 -386.13 2.4317 0.06 0.06
220.75 -386.12 2.4317 0.06 0.06
220.82 -386.12 2.4296 0.06 0.06
220.9 -386.11 2.4296 0.06 0.06
220.98 -386.1 2.4371 0.06 0.06
221.05 -386.02 2.4371 0.06 0.06
221.12 -385.93 2.4243 0.06 0.06
221.19 -385.85 2.4243 0.06 0.06
221.26 -385.77 2.4169 0.06 0.06
221.33 -385.76 2.4169 0.06 0.06
221.41 -385.75 2.4169 0.06 0.06
221.48 -385.67 2.4169 0.06 0.06
221.55 -385.59 2.4169 0.06 0.06
221.54 -385.51 2.4169 0.06 0.06
221.56 -385.74 2.4169 0.06 0.06
221.56 -385.74 2.4169 0.06 0.06
221.56 -385.74 2.4169 0.06 0.06
221.48 -384.74 2.4096 0.06 0.06
221.48 -384.74 2.4041 0.06 0.06
221.48 -384.74 2.4096 0.06 0.06
221.48 -384.74 2.4096 0 0
