121.55 -413.02 1.5463 0.06 0.06
121.55 -413.02 1.5463 0.06 0.06
121.55 -413.02 1.5372 0.06 0.06
122.49 -411.96 1.5463 0.06 0.06
121.55 -413.02 1.5463 0.06 0.06
122.49 -411.96 1.5463 0.06 0.06
121.7 -412.86 1.5372 0.06 0.06
121.7 -412.86 1.5463 0.06 0.06
121.7 -412.86 1.5372 0.06 0.06
121.7 -412.86 1.5463 0.06 0.06
121.63 -412.94 1.5369 0.06 0.06
121.7 -412.86 1.5369 0.06 0.06
121.63 -412.94 1.5372 0.06 0.06
121.63 -412.94 1.5369 0.06 0.06
121.7 -412.94 1.5463 0.06 0.06
121.7 -412.94 1.5369 0.06 0.06
121.78 -412.93 1.5369 0.06 0.06
121.86 -412.93 1.5463 0.06 0.06
121.93 -412.92 1.5369 0.06 0.06
122.01 -412.84 1.5369 0.06 0.06
122.08 -412.84 1.5466 0.06 0.06
122.16 -412.83 1.5369 0.06 0.06
122.24 -412.83 1.5463 0.06 0.06
122.31 -412.82 1.5466 0.06 0.06
122.32 -412.9 1.5463 0.06 0.06
122.39 -412.9 1.5463 0.06 0.06
122.47 -412.89 1.5459 0.06 0.06
122.47 -412.81 1.5463 0.06 0.06
122.54 -412.81 1.5463 0.06 0.06
122.54 -412.81 1.5463 0.06 0.06
122.54 -412.81 1.5459 0.06 0.06
122.54 -412.81 1.5369 0.06 0.06
122.55 -412.89 1.5463 0.06 0.06
122.55 -412.89 1.5456 0.06 0.06
122.55 -412.89 1.5459 0.06 0.06
122.55 -412.89 1.5549 0.06 0.06
122.54 -412.81 1.5463 0.06 0.06
122.54 -412.73 1.5549 0.06 0.06
122.53 -412.66 1.5549 0.06 0.06
122.53 -412.58 1.5549 0.06 0.06
122.53 -412.58 1.5549 0.06 0.06
122.52 -412.5 1.5549 0.06 0.06
122.52 -412.43 1.5367 0.06 0.06
122.52 -412.35 1.5456 0.06 0.06
122.59 -412.27 1.5456 0.06 0.06
122.66 -412.19 1.5456 0.06 0.06
122.73 -412.1 1.5456 0.06 0.06
122.73 -412.03 1.5367 0.06 0.06
122.8 -411.95 1.5456 0.06 0.06
122.88 -411.94 1.5367 0.06 0.06
122.95 -411.94 1.5456 0.06 0.06
123.03 -411.93 1.5456 0.06 0.06
123.11 -411.93 1.5549 0.06 0.06
123.18 -411.92 1.5369 0.06 0.06
123.26 -411.92 1.5463 0.06 0.06
123.34 -411.91 1.5463 0.06 0.06
123.41 -411.91 1.5463 0.06 0.06
123.41 -411.91 1.5372 0.06 0.06
123.41 -411.91 1.5463 0.06 0.06
123.41 -411.91 1.5463 0.06 0.06
123.49 -411.9 1.5372 0.06 0.06
123.49 -411.9 1.5372 0.06 0.06
123.49 -411.9 1.5372 0.06 0.06
123.49 -411.9 1.5372 0.06 0.06
123.49 -411.9 1.5372 0.06 0.06
123.49 -411.9 1.5369 0.06 0.06
123.49 -411.9 1.5369 0.06 0.06
123.49 -411.9 1.5369 0.06 0.06
123.49 -411.83 1.5369 0.06 0.06
123.49 -411.83 1.5369 0.06 0.06
123.49 -411.83 1.5369 0.06 0.06
123.48 -411.75 1.5369 0.06 0.06
123.48 -411.67 1.5369 0.06 0.06
123.47 -411.6 1.5369 0.06 0.06
123.55 -411.59 1.5456 0.06 0.06
123.54 -411.52 1.5369 0.06 0.06
123.54 -411.44 1.5369 0.06 0.06
123.53 -411.36 1.5281 0.06 0.06
123.53 -411.29 1.5456 0.06 0.06
123.52 -411.21 1.519 0.06 0.06
123.52 -411.13 1.5369 0.06 0.06
123.52 -411.13 1.5279 0.06 0.06
123.52 -411.05 1.5279 0.06 0.06
123.59 -410.97 1.5279 0.06 0.06
123.59 -410.97 1.5369 0.06 0.06
123.59 -410.97 1.5369 0.06 0.06
123.59 -410.97 1.5369 0.06 0.06
123.58 -410.9 1.5369 0.06 0.06
123.66 -410.89 1.5369 0.06 0.06
123.74 -410.89 1.5463 0.06 0.06
123.81 -410.88 1.5369 0.06 0.06
123.89 -410.88 1.5369 0.06 0.06
123.97 -410.87 1.5369 0.06 0.06
124.04 -410.87 1.5188 0.06 0.06
124.12 -410.86 1.5369 0.06 0.06
124.2 -410.86 1.5188 0.06 0.06
124.2 -410.86 1.5279 0.06 0.06
124.27 -410.78 1.5188 0.06 0.06
124.34 -410.7 1.5279 0.06 0.06
124.41 -410.61 1.5279 0.06 0.06
124.41 -410.61 1.5279 0.06 0.06
124.41 -410.54 1.5369 0.06 0.06
124.4 -410.46 1.5369 0.06 0.06
124.4 -410.38 1.5281 0.06 0.06
124.39 -410.31 1.519 0.06 0.06
124.39 -410.23 1.5281 0.06 0.06
124.38 -410.15 1.5369 0.06 0.06
124.46 -410.07 1.5281 0.06 0.06
124.53 -409.99 1.519 0.06 0.06
124.6 -409.91 1.519 0.06 0.06
124.68 -409.9 1.519 0.06 0.06
124.75 -409.9 1.519 0.06 0.06
124.83 -409.9 1.519 0.06 0.06
124.9 -409.81 1.5189 0.06 0.06
124.98 -409.81 1.5189 0.06 0.06
125.06 -409.8 1.5189 0.06 0.06
125.13 -409.8 1.5189 0.06 0.06
125.21 -409.8 1.5189 0.06 0.06
125.29 -409.79 1.5189 0.06 0.06
125.36 -409.79 1.5189 0.06 0.06
125.36 -409.79 1.5189 0.06 0.06
125.36 -409.79 1.5189 0.06 0.06
125.36 -409.79 1.5099 0.06 0.06
125.36 -409.79 1.5099 0.06 0.06
125.36 -409.71 1.5099 0.06 0.06
125.36 -409.71 1.5189 0.06 0.06
125.36 -409.63 1.5099 0.06 0.06
125.35 -409.56 1.5189 0.06 0.06
125.42 -409.47 1.5189 0.06 0.06
125.49 -409.39 1.5189 0.06 0.06
125.57 -409.31 1.5099 0.06 0.06
125.64 -409.23 1.5189 0.06 0.06
125.71 -409.15 1.5099 0.06 0.06
125.78 -409.07 1.5189 0.06 0.06
125.86 -408.99 1.5099 0.06 0.06
125.93 -408.9 1.5099 0.06 0.06
126 -408.82 1.5099 0.06 0.06
126.08 -408.82 1.5099 0.06 0.06
126.15 -408.74 1.5099 0.06 0.06
126.22 -408.73 1.5099 0.06 0.06
126.3 -408.73 1.5099 0.06 0.06
126.3 -408.73 1.5099 0.06 0.06
126.3 -408.73 1.5189 0.06 0.06
126.3 -408.73 1.5099 0.06 0.06
126.3 -408.73 1.5099 0.06 0.06
126.3 -408.73 1.5189 0.06 0.06
126.3 -408.73 1.4829 0.06 0.06
126.3 -408.73 1.4831 0.06 0.06
126.3 -408.73 1.4831 0.06 0.06
126.3 -408.73 1.4831 0.06 0.06
126.3 -408.73 1.4831 0.06 0.06
126.3 -408.73 1.4831 0.06 0.06
126.3 -408.73 1.4831 0.06 0.06
126.3 -408.73 1.4739 0.06 0.06
126.3 -408.73 1.4739 0.06 0.06
126.3 -408.73 1.4739 0.06 0.06
126.3 -408.65 1.4736 0.06 0.06
126.37 -408.57 1.4649 0.06 0.06
126.44 -408.49 1.4736 0.06 0.06
126.51 -408.41 1.4736 0.06 0.06
126.59 -408.32 1.4739 0.06 0.06
126.66 -408.24 1.4739 0.06 0.06
126.73 -408.16 1.4653 0.06 0.06
126.8 -408.08 1.4739 0.06 0.06
126.87 -408 1.4739 0.06 0.06
126.95 -407.92 1.4831 0.06 0.06
127.02 -407.84 1.4736 0.06 0.06
127.09 -407.75 1.4736 0.06 0.06
127.16 -407.67 1.4736 0.06 0.06
127.24 -407.67 1.4736 0.06 0.06
127.24 -407.67 1.4736 0.06 0.06
127.24 -407.67 1.4641 0.06 0.06
127.24 -407.67 1.4736 0.06 0.06
127.24 -407.67 1.4736 0.06 0.06
127.24 -407.67 1.4831 0.06 0.06
127.24 -407.67 1.4739 0.06 0.06
127.24 -407.67 1.4739 0.06 0.06
127.24 -407.67 1.4739 0.06 0.06
127.23 -407.59 1.4739 0.06 0.06
127.23 -407.51 1.4653 0.06 0.06
127.22 -407.44 1.4827 0.06 0.06
127.3 -407.43 1.4649 0.06 0.06
127.3 -407.36 1.4649 0.06 0.06
127.37 -407.27 1.4649 0.06 0.06
127.45 -407.27 1.4653 0.06 0.06
127.52 -407.27 1.4653 0.06 0.06
127.59 -407.18 1.4653 0.06 0.06
127.67 -407.18 1.4559 0.06 0.06
127.74 -407.1 1.4653 0.06 0.06
127.82 -407.02 1.4554 0.06 0.06
127.89 -406.93 1.4559 0.06 0.06
127.96 -406.93 1.4559 0.06 0.06
128.04 -406.93 1.4554 0.06 0.06
128.12 -406.92 1.4559 0.06 0.06
128.11 -406.84 1.4469 0.06 0.06
128.19 -406.84 1.4475 0.06 0.06
128.19 -406.84 1.4475 0.06 0.06
128.19 -406.76 1.4475 0.06 0.06
128.18 -406.69 1.4475 0.06 0.06
128.18 -406.69 1.4475 0.06 0.06
128.18 -406.61 1.4386 0.06 0.06
128.18 -406.61 1.4475 0.06 0.06
128.18 -406.61 1.4475 0.06 0.06
128.25 -406.6 1.4475 0.06 0.06
128.25 -406.53 1.4373 0.06 0.06
128.24 -406.45 1.4373 0.06 0.06
128.24 -406.37 1.4458 0.06 0.06
128.31 -406.29 1.4373 0.06 0.06
128.38 -406.21 1.4458 0.06 0.06
128.46 -406.13 1.4559 0.06 0.06
128.53 -406.05 1.4464 0.06 0.06
128.6 -405.97 1.4464 0.06 0.06
128.67 -405.89 1.4464 0.06 0.06
128.74 -405.8 1.438 0.06 0.06
128.82 -405.72 1.4469 0.06 0.06
128.89 -405.64 1.4373 0.06 0.06
128.88 -405.56 1.4469 0.06 0.06
128.96 -405.56 1.4373 0.06 0.06
129.04 -405.55 1.4469 0.06 0.06
129.11 -405.55 1.4469 0.06 0.06
129.11 -405.55 1.4373 0.06 0.06
129.11 -405.55 1.4469 0.06 0.06
129.11 -405.55 1.4373 0.06 0.06
129.11 -405.47 1.438 0.06 0.06
129.1 -405.4 1.429 0.06 0.06
129.1 -405.32 1.429 0.06 0.06
129.09 -405.24 1.429 0.06 0.06
129.17 -405.16 1.429 0.06 0.06
129.24 -405.08 1.429 0.06 0.06
129.31 -405 1.4297 0.06 0.06
129.38 -404.92 1.4297 0.06 0.06
129.46 -404.84 1.4297 0.06 0.06
129.53 -404.75 1.4297 0.06 0.06
129.52 -404.6 1.4193 0.06 0.06
129.67 -404.51 1.4111 0.06 0.06
129.66 -404.44 1.4193 0.06 0.06
129.74 -404.43 1.4209 0.06 0.06
129.82 -404.43 1.4193 0.06 0.06
129.89 -404.42 1.4022 0.06 0.06
129.97 -404.42 1.4193 0.06 0.06
129.96 -404.34 1.4201 0.06 0.06
129.96 -404.34 1.4013 0.06 0.06
129.96 -404.27 1.4111 0.06 0.06
130.03 -404.18 1.4093 0.06 0.06
130.1 -404.1 1.4111 0.06 0.06
130.1 -404.03 1.4093 0.06 0.06
130.25 -404.02 1.4103 0.06 0.06
130.17 -403.94 1.4093 0.06 0.06
130.32 -403.86 1.412 0.06 0.06
130.39 -403.78 1.4013 0.06 0.06
130.39 -403.7 1.4013 0.06 0.06
130.46 -403.62 1.4022 0.06 0.06
130.53 -403.54 1.4013 0.06 0.06
130.6 -403.46 1.3933 0.06 0.06
130.67 -403.3 1.4013 0.06 0.06
130.74 -403.22 1.4013 0.06 0.06
130.74 -403.14 1.3923 0.06 0.06
130.73 -403.06 1.4013 0.06 0.06
130.73 -403.06 1.3845 0.06 0.06
130.73 -402.99 1.3856 0.06 0.06
130.8 -402.9 1.3856 0.06 0.06
130.72 -402.83 1.3856 0.06 0.06
130.72 -402.76 1.3845 0.06 0.06
130.79 -402.67 1.3744 0.06 0.06
130.78 -402.6 1.3933 0.06 0.06
130.78 -402.52 1.3845 0.06 0.06
130.78 -402.52 1.3744 0.06 0.06
130.78 -402.52 1.3933 0.06 0.06
130.78 -402.52 1.3912 0.06 0.06
130.78 -402.52 1.3822 0.06 0.06
130.77 -402.44 1.3912 0.06 0.06
130.84 -402.29 1.3912 0.06 0.06
130.84 -402.21 1.3912 0.06 0.06
130.83 -402.13 1.3901 0.06 0.06
130.98 -402.05 1.3833 0.06 0.06
130.98 -401.97 1.3822 0.06 0.06
130.97 -401.89 1.3833 0.06 0.06
130.97 -401.82 1.3833 0.06 0.06
130.96 -401.74 1.3833 0.06 0.06
130.96 -401.66 1.3845 0.06 0.06
130.95 -401.58 1.3833 0.06 0.06
131.02 -401.5 1.3744 0.06 0.06
131.02 -401.43 1.3923 0.06 0.06
131.02 -401.43 1.3833 0.06 0.06
131.02 -401.43 1.3833 0.06 0.06
131.02 -401.43 1.3923 0.06 0.06
131.1 -401.42 1.3744 0.06 0.06
131.02 -401.43 1.3744 0.06 0.06
131.02 -401.43 1.3833 0.06 0.06
131.1 -401.42 1.3822 0.06 0.06
131.1 -401.42 1.3933 0.06 0.06
131.17 -401.42 1.3655 0.06 0.06
131.17 -401.42 1.3756 0.06 0.06
131.25 -401.41 1.3668 0.06 0.06
131.25 -401.41 1.3668 0.06 0.06
131.33 -401.41 1.3668 0.06 0.06
131.4 -401.33 1.3668 0.06 0.06
131.47 -401.24 1.3668 0.06 0.06
131.54 -401.16 1.3668 0.06 0.06
131.54 -401.09 1.3655 0.06 0.06
131.61 -401.01 1.3732 0.06 0.06
131.68 -400.92 1.3732 0.06 0.06
131.68 -400.85 1.3744 0.06 0.06
131.75 -400.77 1.3628 0.06 0.06
131.75 -400.69 1.3744 0.06 0.06
131.82 -400.61 1.3744 0.06 0.06
131.81 -400.53 1.3668 0.06 0.06
131.81 -400.45 1.3668 0.06 0.06
131.8 -400.38 1.3668 0.06 0.06
131.8 -400.38 1.3668 0.06 0.06
131.8 -400.38 1.3655 0.06 0.06
131.8 -400.38 1.3655 0.06 0.06
131.8 -400.38 1.3655 0.06 0.06
131.8 -400.38 1.3655 0.06 0.06
131.8 -400.38 1.3655 0.06 0.06
131.8 -400.38 1.3655 0.06 0.06
131.8 -400.38 1.3655 0.06 0.06
131.8 -400.38 1.3668 0.06 0.06
131.8 -400.38 1.3744 0.06 0.06
131.8 -400.38 1.3668 0.06 0.06
131.8 -400.3 1.3756 0.06 0.06
131.79 -400.22 1.3756 0.06 0.06
131.79 -400.15 1.3655 0.06 0.06
131.79 -400.07 1.3668 0.06 0.06
131.78 -399.99 1.3492 0.06 0.06
131.78 -399.92 1.3579 0.06 0.06
131.77 -399.84 1.3477 0.06 0.06
131.77 -399.76 1.3552 0.06 0.06
131.84 -399.68 1.3477 0.06 0.06
131.83 -399.6 1.3492 0.06 0.06
131.83 -399.53 1.3552 0.06 0.06
131.82 -399.45 1.3492 0.06 0.06
131.82 -399.37 1.3404 0.06 0.06
131.82 -399.37 1.3552 0.06 0.06
131.9 -399.37 1.3477 0.06 0.06
131.9 -399.37 1.3552 0.06 0.06
131.97 -399.36 1.3566 0.06 0.06
132.05 -399.28 1.3552 0.06 0.06
132.12 -399.2 1.3566 0.06 0.06
132.19 -399.12 1.3566 0.06 0.06
132.26 -399.04 1.3492 0.06 0.06
132.18 -398.97 1.3566 0.06 0.06
132.25 -398.89 1.3492 0.06 0.06
132.25 -398.81 1.3477 0.06 0.06
132.24 -398.73 1.3477 0.06 0.06
132.24 -398.65 1.3477 0.06 0.06
132.23 -398.58 1.3477 0.06 0.06
132.15 -398.51 1.3566 0.06 0.06
132.22 -398.42 1.3477 0.06 0.06
132.14 -398.28 1.3477 0.06 0.06
132.06 -398.2 1.3492 0.06 0.06
132.05 -398.13 1.3566 0.06 0.06
132.05 -398.05 1.3492 0.06 0.06
132.04 -397.97 1.3566 0.06 0.06
132.11 -397.89 1.3492 0.06 0.06
132.03 -397.82 1.3389 0.06 0.06
132.03 -397.74 1.3389 0.06 0.06
132.02 -397.67 1.3477 0.06 0.06
132.02 -397.67 1.3477 0.06 0.06
132.02 -397.59 1.3477 0.06 0.06
132.01 -397.51 1.3477 0.06 0.06
131.93 -397.44 1.3389 0.06 0.06
131.93 -397.44 1.3373 0.06 0.06
131.93 -397.44 1.3389 0.06 0.06
131.86 -397.45 1.3373 0.06 0.06
131.78 -397.45 1.3389 0.06 0.06
131.7 -397.38 1.3477 0.06 0.06
131.62 -397.31 1.3301 0.06 0.06
131.61 -397.23 1.3213 0.06 0.06
131.61 -397.15 1.3373 0.06 0.06
131.6 -397.08 1.3285 0.06 0.06
131.59 -396.92 1.3373 0.06 0.06
131.59 -396.84 1.3301 0.06 0.06
131.58 -396.77 1.3301 0.06 0.06
131.58 -396.69 1.3285 0.06 0.06
131.57 -396.54 1.3285 0.06 0.06
131.56 -396.38 1.3301 0.06 0.06
131.55 -396.23 1.3301 0.06 0.06
131.54 -396.08 1.3196 0.06 0.06
131.46 -396.01 1.3179 0.06 0.06
131.38 -395.93 1.3213 0.06 0.06
131.29 -395.78 1.3358 0.06 0.06
131.21 -395.64 1.3108 0.06 0.06
131.12 -395.49 1.3108 0.06 0.06
131.03 -395.34 1.3108 0.06 0.06
130.95 -395.19 1.3301 0.06 0.06
130.86 -394.96 1.3196 0.06 0.06
130.77 -394.74 1.3038 0.06 0.06
130.6 -394.59 1.3038 0.06 0.06
130.44 -394.45 1.3038 0.06 0.06
130.28 -394.3 1.2982 0.06 0.06
130.11 -394.08 1.302 0.06 0.06
130.02 -393.86 1.2913 0.06 0.06
129.85 -393.64 1.2913 0.06 0.06
129.69 -393.49 1.302 0.06 0.06
129.52 -393.27 1.2932 0.06 0.06
129.35 -393.05 1.2845 0.06 0.06
129.11 -392.83 1.2913 0.06 0.06
128.86 -392.62 1.2824 0.06 0.06
128.63 -392.48 1.2758 0.06 0.06
128.38 -392.26 1.2845 0.06 0.06
128.21 -392.04 1.2758 0.06 0.06
128.05 -391.82 1.2737 0.06 0.06
127.8 -391.6 1.2649 0.06 0.06
127.63 -391.38 1.2649 0.06 0.06
127.47 -391.16 1.2737 0.06 0.06
127.3 -390.94 1.2649 0.06 0.06
127.21 -390.72 1.2627 0.06 0.06
127.12 -390.49 1.2517 0.06 0.06
127.03 -390.26 1.2627 0.06 0.06
126.94 -390.04 1.2562 0.06 0.06
126.84 -389.81 1.2453 0.06 0.06
126.76 -389.66 1.2476 0.06 0.06
126.67 -389.52 1.254 0.06 0.06
126.59 -389.37 1.2562 0.06 0.06
126.5 -389.22 1.2562 0.06 0.06
126.49 -388.99 1.2366 0.06 0.06
126.4 -388.91 1.2366 0.06 0.06
126.32 -388.77 1.2453 0.06 0.06
126.31 -388.61 1.2562 0.06 0.06
126.22 -388.46 1.2304 0.06 0.06
126.14 -388.39 1.2366 0.06 0.06
126.06 -388.32 1.2341 0.06 0.06
126.05 -388.24 1.2453 0.06 0.06
125.97 -388.17 1.2429 0.06 0.06
125.88 -387.94 1.2453 0.06 0.06
125.8 -387.87 1.2279 0.06 0.06
125.72 -387.72 1.2279 0.06 0.06
125.63 -387.57 1.2279 0.06 0.06
125.62 -387.5 1.2279 0.06 0.06
125.61 -387.34 1.2279 0.06 0.06
125.53 -387.27 1.2228 0.06 0.06
125.45 -387.2 1.2228 0.06 0.06
125.37 -387.13 1.2341 0.06 0.06
125.29 -387.06 1.2279 0.06 0.06
125.2 -386.91 1.2167 0.06 0.06
125.12 -386.76 1.2167 0.06 0.06
125.11 -386.6 1.2279 0.06 0.06
125.1 -386.53 1.2279 0.06 0.06
125.09 -386.37 1.2167 0.06 0.06
125.01 -386.3 1.2108 0.06 0.06
124.93 -386.23 1.2193 0.06 0.06
124.77 -386.09 1.2167 0.06 0.06
124.6 -385.94 1.2167 0.06 0.06
124.52 -385.79 1.2167 0.06 0.06
124.43 -385.64 1.2167 0.06 0.06
124.35 -385.5 1.2108 0.06 0.06
124.26 -385.35 1.2141 0.06 0.06
124.17 -385.2 1.2081 0.06 0.06
124.09 -385.05 1.1995 0.06 0.06
124 -384.9 1.2081 0.06 0.06
123.84 -384.76 1.2027 0.06 0.06
123.75 -384.53 1.2141 0.06 0.06
123.73 -384.3 1.2027 0.06 0.06
123.64 -384.07 1.1882 0.06 0.06
123.56 -383.93 1.1882 0.06 0.06
123.47 -383.78 1.1995 0.06 0.06
123.38 -383.55 1.1995 0.06 0.06
123.29 -383.32 1.1995 0.06 0.06
123.2 -383.1 1.1995 0.06 0.06
123.1 -382.8 1.1882 0.06 0.06
122.94 -382.58 1.1882 0.06 0.06
122.84 -382.35 1.1741 0.06 0.06
122.75 -382.12 1.1796 0.06 0.06
122.73 -381.82 1.1711 0.06 0.06
122.49 -381.6 1.1711 0.06 0.06
122.24 -381.31 1.1596 0.06 0.06
122.07 -381.01 1.1596 0.06 0.06
121.89 -380.64 1.1681 0.06 0.06
121.56 -380.27 1.1565 0.06 0.06
121.24 -379.98 1.1427 0.06 0.06
120.83 -379.62 1.1512 0.06 0.06
120.49 -379.18 1.1596 0.06 0.06
120.09 -378.82 1.148 0.06 0.06
119.76 -378.45 1.1427 0.06 0.06
119.35 -378.09 1.1427 0.06 0.06
118.94 -377.66 1.1227 0.06 0.06
118.53 -377.3 1.1311 0.06 0.06
118.28 -376.93 1.1193 0.06 0.06
118.03 -376.63 1.1311 0.06 0.06
117.7 -376.34 1.1243 0.06 0.06
117.37 -376.06 1.1193 0.06 0.06
117.2 -375.76 1.111 0.06 0.06
117.03 -375.46 1.1074 0.06 0.06
116.94 -375.23 1.1027 0.06 0.06
116.77 -375.01 1.0991 0.06 0.06
116.69 -374.86 1.1144 0.06 0.06
116.59 -374.64 1.1038 0.06 0.06
116.58 -374.41 1.1038 0.06 0.06
116.49 -374.26 1.0908 0.06 0.06
116.41 -374.11 1.1027 0.06 0.06
116.32 -373.89 1.1027 0.06 0.06
116.23 -373.66 1.0908 0.06 0.06
116.21 -373.43 1.0744 0.06 0.06
116.13 -373.28 1.0788 0.06 0.06
116.12 -373.13 1.0991 0.06 0.06
116.1 -372.9 1.0908 0.06 0.06
116.09 -372.67 1.0788 0.06 0.06
116 -372.52 1.0863 0.06 0.06
115.91 -372.29 1.0825 0.06 0.06
115.83 -372.14 1.0744 0.06 0.06
115.66 -372 1.075 0.06 0.06
115.57 -371.77 1.0788 0.06 0.06
115.48 -371.55 1.0627 0.06 0.06
115.4 -371.4 1.0744 0.06 0.06
115.31 -371.25 1.0744 0.06 0.06
115.22 -371.1 1.0667 0.06 0.06
115.21 -370.87 1.0667 0.06 0.06
115.04 -370.65 1.0503 0.06 0.06
114.88 -370.51 1.0706 0.06 0.06
114.79 -370.28 1.0503 0.06 0.06
114.7 -370.05 1.0503 0.06 0.06
114.61 -369.83 1.0503 0.06 0.06
114.51 -369.53 1.0503 0.06 0.06
114.41 -369.22 1.0667 0.06 0.06
114.32 -368.92 1.0503 0.06 0.06
114.22 -368.62 1.0463 0.06 0.06
114.05 -368.24 1.0463 0.06 0.06
113.79 -367.8 1.0342 0.06 0.06
113.53 -367.35 1.034 0.06 0.06
113.35 -366.9 1.0263 0.06 -0.06
113.17 -366.45 1.0178 0.06 -0.06
112.9 -365.92 1.0099 0.06 -0.06
112.56 -365.41 0.99304 0.06 -0.06
112.22 -364.89 1.0055 0.06 -0.06
111.88 -364.37 0.98512 0.06 -0.06
111.54 -363.85 0.97727 0.06 -0.06
111.13 -363.34 0.97727 0.06 -0.06
110.72 -362.9 0.97727 0.06 -0.06
110.22 -362.39 0.95228 0.06 -0.06
109.89 -361.95 0.96482 0.06 -0.06
109.56 -361.58 0.96792 0.06 -0.06
109.15 -361.22 0.95228 0.06 -0.06
108.67 -360.94 0.9695 0.06 -0.06
108.26 -360.58 0.95708 0.06 -0.06
107.86 -360.3 0.97263 0.06 -0.06
107.46 -360.09 0.95708 0.06 -0.06
107.14 -359.8 0.9695 0.06 -0.06
106.73 -359.52 0.97585 0.06 -0.06
106.41 -359.31 0.96792 0.06 -0.06
106.09 -359.1 0.9695 0.06 -0.06
105.77 -358.88 0.9695 0.06 -0.06
105.53 -358.67 0.97727 0.06 -0.06
105.13 -358.46 0.97263 0.06 -0.06
104.81 -358.25 0.98052 0.06 -0.06
104.56 -358.03 0.97727 0.06 -0.06
104.32 -357.82 0.97727 0.06 -0.06
104.08 -357.68 0.97727 0.06 -0.06
103.91 -357.53 0.97263 0.06 -0.06
103.75 -357.31 0.98052 0.06 -0.06
103.51 -357.17 0.97263 0.06 -0.06
103.34 -357.03 0.9695 0.06 -0.06
103.1 -356.89 0.9695 0.06 -0.06
102.94 -356.74 0.97263 0.06 -0.06
102.77 -356.52 0.95708 0.06 -0.06
102.53 -356.38 0.97263 0.06 -0.06
102.38 -356.32 0.98052 0.06 -0.06
102.21 -356.17 0.9695 0.06 -0.06
102.05 -356.03 0.97263 0.06 -0.06
101.81 -355.89 0.97727 0.06 -0.06
101.57 -355.75 0.97263 0.06 -0.06
101.33 -355.61 0.98052 0.06 -0.06
101.01 -355.47 0.98052 0.06 -0.06
100.78 -355.34 0.97727 0.06 -0.06
100.54 -355.2 0.98184 0.06 -0.06
100.3 -355.06 0.98052 0.06 -0.06
99.979 -354.92 0.98052 0.06 -0.06
99.663 -354.79 0.98052 0.06 -0.06
99.351 -354.73 0.98052 0.06 -0.06
99.03 -354.52 0.9695 0.06 -0.06
98.713 -354.38 0.99411 0.06 -0.06
98.32 -354.25 0.98512 0.06 -0.06
97.922 -354.04 0.98512 0.06 -0.06
97.524 -353.84 1.0055 0.06 -0.06
97.126 -353.63 0.99304 0.06 -0.06
96.733 -353.5 1.001 0.06 -0.06
96.34 -353.37 1.0055 0.06 -0.06
95.865 -353.17 1.0178 0.06 -0.06
95.39 -352.97 1.0221 0.06 -0.06
94.992 -352.76 1.0216 0.06 -0.06
94.522 -352.63 1.0135 0.06 -0.06
94.124 -352.43 1.0216 0.06 -0.06
93.654 -352.3 1.0216 0.06 -0.06
93.18 -352.1 1.0221 0.06 -0.06
92.71 -351.97 1.0221 0.06 -0.06
92.316 -351.84 1.0301 0.06 -0.06
91.923 -351.71 1.0503 0.06 -0.06
91.453 -351.59 1.0381 0.06 -0.06
91.06 -351.46 1.0381 0.06 -0.06
90.59 -351.33 1.0545 0.06 -0.06
90.201 -351.28 1.0667 0.06 -0.06
89.736 -351.23 1.0543 0.06 -0.06
89.266 -351.1 1.0585 0.06 -0.06
88.873 -350.97 1.0624 0.06 -0.06
88.402 -350.85 1.0667 0.06 -0.06
88.009 -350.72 1.0667 0.06 -0.06
87.539 -350.59 1.0788 0.06 -0.06
87.141 -350.39 1.075 0.06 -0.06
86.671 -350.26 1.0871 0.06 -0.06
86.201 -350.14 1.0954 0.06 -0.06
85.808 -350 1.0908 0.06 -0.06
85.333 -349.8 1.0908 0.06 -0.06
84.863 -349.68 1.0954 0.06 -0.06
84.388 -349.47 1.1193 0.06 -0.06
83.99 -349.27 1.1277 0.06 -0.06
83.597 -349.14 1.1074 0.06 -0.06
83.127 -349.01 1.1208 0.06 -0.06
82.734 -348.88 1.1311 0.06 -0.06
82.264 -348.76 1.1328 0.06 -0.06
81.871 -348.63 1.1362 0.06 -0.06
81.477 -348.5 1.1277 0.06 -0.06
81.084 -348.37 1.1362 0.06 -0.06
80.691 -348.24 1.1414 0.06 -0.06
80.298 -348.11 1.148 0.06 -0.06
79.904 -347.98 1.148 0.06 -0.06
79.583 -347.76 1.1447 0.06 -0.06
79.267 -347.63 1.1651 0.06 -0.06
78.95 -347.49 1.1651 0.06 -0.06
78.634 -347.36 1.1651 0.06 -0.06
78.399 -347.3 1.1651 0.06 -0.06
78.082 -347.16 1.1651 0.06 -0.06
77.842 -347.02 1.1767 0.06 -0.06
77.531 -346.96 1.1681 0.06 -0.06
77.142 -346.91 1.1681 0.06 -0.06
76.902 -346.77 1.1681 0.06 -0.06
76.509 -346.64 1.1651 0.06 -0.06
76.116 -346.51 1.1681 0.06 -0.06
75.804 -346.45 1.194 0.06 -0.06
75.411 -346.32 1.1853 0.06 -0.06
75.017 -346.19 1.2054 0.06 -0.06
74.547 -346.07 1.1968 0.06 -0.06
74.073 -345.87 1.2054 0.06 -0.06
73.593 -345.59 1.2167 0.06 -0.06
73.195 -345.38 1.2228 0.06 -0.06
72.721 -345.18 1.2316 0.06 -0.06
72.323 -344.97 1.2254 0.06 -0.06
71.925 -344.76 1.2316 0.06 -0.06
71.455 -344.64 1.2254 0.06 -0.06
71.134 -344.43 1.2341 0.06 -0.06
70.736 -344.22 1.2366 0.06 -0.06
70.338 -344.01 1.2429 0.06 -0.06
70.021 -343.88 1.2517 0.06 -0.06
69.628 -343.75 1.2429 0.06 -0.06
69.311 -343.61 1.2627 0.06 -0.06
68.918 -343.48 1.2605 0.06 -0.06
68.525 -343.35 1.2716 0.06 -0.06
68.055 -343.23 1.2783 0.06 -0.06
67.662 -343.1 1.2627 0.06 -0.06
67.264 -342.89 1.2716 0.06 -0.06
66.866 -342.68 1.2716 0.06 -0.06
66.468 -342.48 1.2824 0.06 -0.06
66.075 -342.35 1.2913 0.06 -0.06
65.677 -342.14 1.3001 0.06 -0.06
65.279 -341.93 1.2873 0.06 -0.06
64.804 -341.73 1.2982 0.06 -0.06
64.406 -341.52 1.3108 0.06 -0.06
63.931 -341.32 1.3108 0.06 -0.06
63.533 -341.11 1.3108 0.06 -0.06
63.135 -340.91 1.3268 0.06 -0.06
62.737 -340.7 1.3179 0.06 -0.06
62.339 -340.49 1.3342 0.06 -0.06
61.946 -340.36 1.3268 0.06 -0.06
61.548 -340.15 1.3373 0.06 -0.06
61.155 -340.02 1.3358 0.06 -0.06
60.762 -339.89 1.3463 0.06 -0.06
60.445 -339.76 1.3566 0.06 -0.06
60.052 -339.63 1.3552 0.06 -0.06
59.736 -339.49 1.3552 0.06 -0.06
59.414 -339.28 1.3538 0.06 -0.06
59.093 -339.07 1.3642 0.06 -0.06
58.777 -338.94 1.3642 0.06 -0.06
58.383 -338.81 1.3719 0.06 -0.06
58.067 -338.67 1.3822 0.06 -0.06
57.669 -338.46 1.3642 0.06 -0.06
57.271 -338.26 1.3822 0.06 -0.06
56.955 -338.12 1.3719 0.06 -0.06
56.633 -337.91 1.3822 0.06 -0.06
56.308 -337.62 1.3901 0.06 -0.06
55.91 -337.42 1.4003 0.06 -0.06
55.512 -337.21 1.4013 0.06 -0.06
55.114 -337 1.4093 0.06 -0.06
54.639 -336.8 1.4013 0.06 -0.06
54.241 -336.59 1.4013 0.06 -0.06
53.766 -336.39 1.4193 0.06 -0.06
53.368 -336.18 1.4184 0.06 -0.06
52.966 -335.9 1.4184 0.06 -0.06
52.645 -335.69 1.4268 0.06 -0.06
52.247 -335.48 1.4268 0.06 -0.06
51.849 -335.27 1.429 0.06 -0.06
51.451 -335.07 1.4645 0.06 -0.06
51.058 -334.94 1.4645 0.06 -0.06
50.741 -334.8 1.4373 0.06 -0.06
50.42 -334.59 1.4554 0.06 -0.06
50.099 -334.38 1.4645 0.06 -0.06
49.859 -334.24 1.4554 0.06 -0.06
49.619 -334.1 1.4641 0.06 -0.06
49.375 -333.88 1.4827 0.06 -0.06
49.054 -333.67 1.4732 0.06 -0.06
48.737 -333.54 1.4827 0.06 -0.06
48.421 -333.4 1.4736 0.06 -0.06
48.181 -333.26 1.4736 0.06 -0.06
47.941 -333.12 1.4827 0.06 -0.06
47.625 -332.99 1.4736 0.06 -0.06
47.308 -332.85 1.5099 0.06 -0.06
46.987 -332.64 1.5099 0.06 -0.06
46.748 -332.5 1.5099 0.06 -0.06
46.431 -332.37 1.5191 0.06 -0.06
46.115 -332.23 1.5191 0.06 -0.06
45.793 -332.02 1.5281 0.06 -0.06
45.477 -331.89 1.5279 0.06 -0.06
45.237 -331.75 1.5191 0.06 -0.06
44.998 -331.61 1.5284 0.06 -0.06
44.758 -331.47 1.5466 0.06 -0.06
44.518 -331.33 1.5466 0.06 -0.06
44.202 -331.19 1.5281 0.06 -0.06
43.957 -330.98 1.5463 0.06 -0.06
43.636 -330.77 1.5463 0.06 -0.06
43.32 -330.63 1.5558 0.06 -0.06
43.003 -330.5 1.5558 0.06 -0.06
42.759 -330.28 1.5553 0.06 -0.06
42.514 -330.06 1.5644 0.06 -0.06
42.198 -329.93 1.5644 0.06 -0.06
41.958 -329.79 1.5832 0.06 -0.06
41.719 -329.65 1.5832 0.06 -0.06
41.479 -329.51 1.5832 0.06 -0.06
41.234 -329.29 1.5839 0.06 -0.06
40.913 -329.08 1.5819 0.06 -0.06
40.669 -328.87 1.5825 0.06 -0.06
40.429 -328.73 1.5825 0.06 -0.06
40.19 -328.59 1.5923 0.06 -0.06
39.945 -328.37 1.5931 0.06 -0.06
39.705 -328.23 1.6006 0.06 -0.06
39.389 -328.1 1.6014 -0.06 0.06
39.072 -327.96 1.6014 -0.06 0.06
38.833 -327.82 1.5931 -0.06 0.06
38.593 -327.68 1.6196 -0.06 0.06
38.353 -327.54 1.6206 -0.06 0.06
38.114 -327.4 1.6196 -0.06 0.06
37.879 -327.34 1.6286 -0.06 0.06
37.72 -327.27 1.6286 -0.06 0.06
37.562 -327.21 1.6286 -0.06 0.06
37.404 -327.14 1.6286 -0.06 0.06
37.322 -327.07 1.6276 -0.06 0.06
37.246 -327.07 1.6286 -0.06 0.06
37.164 -327 1.6276 -0.06 0.06
37.164 -327 1.6276 -0.06 0.06
37.164 -327 1.6276 -0.06 0.06
37.164 -327 1.6276 -0.06 0.06
37.164 -327 1.6276 -0.06 0.06
37.164 -327 1.6276 -0.06 0.06
37.164 -327 1.6286 -0.06 0.06
37.164 -327 1.6286 -0.06 0.06
37.164 -327 1.6286 -0.06 0.06
37.164 -327 1.6286 -0.06 0.06
37.164 -327 1.6286 -0.06 0.06
37.164 -327 1.6388 -0.06 0.06
37.164 -327 1.6286 -0.06 0.06
37.164 -327 1.6286 -0.06 0.06
37.164 -327 1.6286 -0.06 0.06
37.164 -327 1.6388 -0.06 0.06
37.164 -327 1.6286 -0.06 0.06
37.164 -327 1.6276 -0.06 0.06
37.164 -327 1.6286 -0.06 0.06
37.164 -327 1.6276 -0.06 0.06
37.241 -326.99 1.6276 -0.06 0.06
37.318 -326.99 1.6196 -0.06 0.06
37.395 -326.98 1.6286 -0.06 0.06
37.471 -326.98 1.6276 -0.06 0.06
37.548 -326.98 1.6286 -0.06 0.06
37.625 -326.97 1.6297 -0.06 0.06
37.702 -326.97 1.6286 -0.06 0.06
37.778 -326.96 1.6388 -0.06 0.06
37.855 -326.96 1.6206 -0.06 0.06
37.932 -326.95 1.6286 -0.06 0.06
38.009 -326.95 1.6388 -0.06 0.06
38.086 -326.94 1.6388 -0.06 0.06
38.162 -326.94 1.6286 -0.06 0.06
38.162 -326.94 1.6286 -0.06 0.06
38.162 -326.94 1.6276 -0.06 0.06
38.162 -326.94 1.6276 -0.06 0.06
38.162 -326.94 1.6276 -0.06 0.06
38.162 -326.94 1.6276 -0.06 0.06
38.162 -326.94 1.6276 -0.06 0.06
38.162 -326.94 1.6286 -0.06 0.06
38.162 -326.94 1.6286 -0.06 0.06
38.162 -326.94 1.6286 -0.06 0.06
38.162 -326.94 1.6286 -0.06 0.06
38.162 -326.94 1.6286 -0.06 0.06
38.239 -326.93 1.6286 -0.06 0.06
38.316 -326.93 1.6286 -0.06 0.06
38.393 -326.92 1.6286 -0.06 0.06
38.469 -326.92 1.6286 -0.06 0.06
38.546 -326.91 1.6286 -0.06 0.06
38.623 -326.91 1.6286 -0.06 0.06
38.7 -326.91 1.6297 -0.06 0.06
38.777 -326.9 1.6388 -0.06 0.06
38.853 -326.9 1.6297 -0.06 0.06
38.93 -326.89 1.6286 -0.06 0.06
39.007 -326.89 1.6388 -0.06 0.06
39.084 -326.88 1.6286 -0.06 0.06
39.161 -326.88 1.6297 -0.06 0.06
39.161 -326.88 1.6276 -0.06 0.06
39.161 -326.88 1.6276 -0.06 0.06
39.161 -326.88 1.6186 -0.06 0.06
39.161 -326.88 1.6276 -0.06 0.06
39.161 -326.88 1.6286 -0.06 0.06
39.161 -326.88 1.6286 -0.06 0.06
39.161 -326.88 1.6286 -0.06 0.06
39.161 -326.88 1.6286 -0.06 0.06
39.161 -326.88 1.6286 -0.06 0.06
39.161 -326.88 1.6276 -0.06 0.06
39.161 -326.88 1.6286 -0.06 0.06
39.161 -326.88 1.6276 -0.06 0.06
39.161 -326.88 1.6286 -0.06 0.06
39.237 -326.87 1.6286 -0.06 0.06
39.314 -326.87 1.6286 -0.06 0.06
39.386 -326.79 1.6286 -0.06 0.06
39.463 -326.78 1.6286 -0.06 0.06
39.54 -326.78 1.6286 -0.06 0.06
39.693 -326.77 1.6206 -0.06 0.06
39.847 -326.76 1.6014 -0.06 0.06
40 -326.75 1.6105 -0.06 0.06
40.154 -326.74 1.6206 -0.06 0.06
40.308 -326.73 1.6196 -0.06 0.06
40.533 -326.64 1.6196 -0.06 0.06
40.759 -326.55 1.6014 -0.06 0.06
40.985 -326.46 1.6105 -0.06 0.06
41.133 -326.37 1.6105 -0.06 0.06
41.282 -326.29 1.6105 -0.06 0.06
41.589 -326.27 1.6014 -0.06 0.06
41.815 -326.18 1.6014 -0.06 0.06
42.118 -326.08 1.6014 -0.06 0.06
42.343 -325.99 1.5931 -0.06 0.06
42.569 -325.9 1.5923 -0.06 0.06
42.867 -325.73 1.5746 -0.06 0.06
43.164 -325.55 1.5654 -0.06 0.06
43.539 -325.38 1.5741 -0.06 0.06
43.841 -325.28 1.5649 -0.06 0.06
44.216 -325.1 1.5558 -0.06 0.06
44.595 -325 1.5558 -0.06 0.06
44.974 -324.9 1.5562 -0.06 0.06
45.426 -324.72 1.5562 -0.06 0.06
45.723 -324.55 1.5463 -0.06 0.06
46.098 -324.37 1.5466 -0.06 0.06
46.396 -324.2 1.5281 -0.06 0.06
46.77 -324.02 1.5372 -0.06 0.06
47.145 -323.85 1.5191 -0.06 0.06
47.447 -323.75 1.5283 -0.06 0.06
47.826 -323.65 1.5191 -0.06 0.06
48.129 -323.56 1.5099 -0.06 0.06
48.431 -323.46 1.519 -0.06 0.06
48.738 -323.44 1.5099 -0.06 0.06
49.036 -323.27 1.4736 -0.06 0.06
49.411 -323.09 1.4637 -0.06 0.06
49.713 -323 1.4827 -0.06 0.06
50.016 -322.9 1.5008 -0.06 0.06
50.395 -322.8 1.4637 -0.06 0.06
50.774 -322.7 1.4637 -0.06 0.06
51.077 -322.61 1.4559 -0.06 0.06
51.379 -322.51 1.4452 -0.06 0.06
51.758 -322.41 1.4452 -0.06 0.06
52.061 -322.31 1.4452 -0.06 0.06
52.44 -322.21 1.4549 -0.06 0.06
52.819 -322.11 1.4452 -0.06 0.06
53.122 -322.02 1.426 -0.06 0.06
53.501 -321.92 1.426 -0.06 0.06
53.803 -321.82 1.4373 -0.06 0.06
54.182 -321.72 1.4268 -0.06 0.06
54.566 -321.7 1.4184 -0.06 0.06
54.873 -321.68 1.4268 -0.06 0.06
55.257 -321.66 1.4268 -0.06 0.06
55.637 -321.56 1.4176 -0.06 0.06
56.016 -321.46 1.3993 -0.06 0.06
56.395 -321.36 1.4184 -0.06 0.06
56.779 -321.33 1.3912 -0.06 0.06
57.158 -321.23 1.3912 -0.06 0.06
57.537 -321.13 1.4003 -0.06 0.06
57.917 -321.03 1.3993 -0.06 0.06
58.224 -321.01 1.3901 -0.06 0.06
58.608 -320.99 1.3993 -0.06 0.06
58.992 -320.97 1.3798 -0.06 0.06
59.371 -320.87 1.3822 -0.06 0.06
59.827 -320.76 1.3706 -0.06 0.06
60.206 -320.66 1.3732 -0.06 0.06
60.585 -320.56 1.3719 -0.06 0.06
61.046 -320.53 1.3615 -0.06 0.06
61.425 -320.43 1.3538 -0.06 0.06
61.881 -320.33 1.3538 -0.06 0.06
62.265 -320.31 1.3538 -0.06 0.06
62.726 -320.28 1.3538 -0.06 0.06
63.186 -320.25 1.3448 -0.06 0.06
63.724 -320.22 1.3433 -0.06 0.06
64.261 -320.18 1.3538 -0.06 0.06
64.722 -320.16 1.3342 -0.06 0.06
65.183 -320.13 1.3342 -0.06 0.06
65.567 -320.1 1.3342 -0.06 0.06
66.099 -319.99 1.3358 -0.06 0.06
66.642 -320.04 1.3196 -0.06 0.06
67.102 -320.01 1.3071 -0.06 0.06
67.644 -320.05 1.3071 -0.06 0.06
68.105 -320.03 1.3358 -0.06 0.06
68.643 -319.99 1.3342 -0.06 0.06
69.103 -319.97 1.3179 -0.06 0.06
69.641 -319.93 1.3071 -0.06 0.06
70.101 -319.9 1.3125 -0.06 0.06
70.485 -319.88 1.3071 -0.06 0.06
70.946 -319.85 1.3071 -0.06 0.06
71.407 -319.83 1.3071 -0.06 0.06
71.944 -319.79 1.3071 -0.06 0.06
72.333 -319.85 1.2873 -0.06 0.06
72.717 -319.82 1.2873 -0.06 0.06
73.254 -319.79 1.3071 -0.06 0.06
73.715 -319.76 1.2893 -0.06 0.06
74.252 -319.73 1.2783 -0.06 0.06
74.713 -319.7 1.2893 -0.06 0.06
75.174 -319.67 1.2893 -0.06 0.06
75.634 -319.64 1.2783 -0.06 0.06
76.095 -319.62 1.2873 -0.06 0.06
76.632 -319.58 1.2873 -0.06 0.06
77.17 -319.55 1.2672 -0.06 0.06
77.707 -319.52 1.2672 -0.06 0.06
78.245 -319.49 1.2783 -0.06 0.06
78.782 -319.45 1.2649 -0.06 0.06
79.396 -319.42 1.2672 -0.06 0.06
79.857 -319.39 1.2559 -0.06 0.06
80.395 -319.35 1.2716 -0.06 0.06
80.855 -319.33 1.238 -0.06 0.06
81.393 -319.29 1.2605 -0.06 0.06
81.93 -319.26 1.2605 -0.06 0.06
82.391 -319.23 1.2582 -0.06 0.06
82.928 -319.2 1.2582 -0.06 0.06
83.389 -319.17 1.2582 -0.06 0.06
83.85 -319.14 1.2582 -0.06 0.06
84.31 -319.12 1.2316 -0.06 0.06
84.771 -319.09 1.2404 -0.06 0.06
85.232 -319.06 1.238 -0.06 0.06
85.616 -319.04 1.2316 -0.06 0.06
86.076 -319.01 1.2329 -0.06 0.06
86.46 -318.98 1.2291 -0.06 0.06
86.844 -318.96 1.2176 -0.06 0.06
87.228 -318.94 1.2316 -0.06 0.06
87.612 -318.91 1.2291 -0.06 0.06
88.073 -318.89 1.2087 -0.06 0.06
88.457 -318.86 1.2291 -0.06 0.06
88.84 -318.84 1.2087 -0.06 0.06
89.224 -318.82 1.2114 -0.06 0.06
89.608 -318.79 1.2114 -0.06 0.06
89.992 -318.77 1.2114 -0.06 0.06
90.376 -318.75 1.2114 -0.06 0.06
90.837 -318.72 1.1999 -0.06 0.06
91.221 -318.69 1.2114 -0.06 0.06
91.605 -318.67 1.1999 -0.06 0.06
92.065 -318.64 1.1999 -0.06 0.06
92.449 -318.62 1.1999 -0.06 0.06
92.91 -318.59 1.194 -0.06 0.06
93.294 -318.57 1.1853 -0.06 0.06
93.754 -318.54 1.194 -0.06 0.06
94.215 -318.51 1.1824 -0.06 0.06
94.599 -318.49 1.1824 -0.06 0.06
95.06 -318.46 1.1794 -0.06 0.06
95.444 -318.44 1.1588 -0.06 0.06
95.904 -318.41 1.1794 -0.06 0.06
96.288 -318.39 1.1737 -0.06 0.06
96.749 -318.36 1.1588 -0.06 0.06
97.205 -318.25 1.1706 -0.06 0.06
97.584 -318.15 1.1588 -0.06 0.06
98.04 -318.05 1.1588 -0.06 0.06
98.419 -317.95 1.1588 -0.06 0.06
98.875 -317.84 1.1588 -0.06 0.06
99.331 -317.74 1.1414 -0.06 0.06
99.787 -317.63 1.1447 -0.06 0.06
100.32 -317.52 1.1447 -0.06 0.06
100.78 -317.42 1.1533 -0.06 0.06
101.23 -317.31 1.1501 -0.06 0.06
101.61 -317.21 1.1414 -0.06 0.06
102.07 -317.11 1.1294 -0.06 0.06
102.52 -317 1.1414 -0.06 0.06
102.98 -316.98 1.1414 -0.06 0.06
103.44 -316.95 1.1414 -0.06 0.06
103.91 -316.92 1.1208 -0.06 0.06
104.37 -316.89 1.1173 -0.06 0.06
104.83 -316.86 1.1414 -0.06 0.06
105.21 -316.84 1.1123 -0.06 0.06
105.67 -316.81 1.1123 -0.06 0.06
106.06 -316.79 1.1158 -0.06 0.06
106.52 -316.76 1.1123 -0.06 0.06
106.98 -316.73 1.1002 -0.06 0.06
107.43 -316.63 1.1087 -0.06 0.06
107.89 -316.52 1.0964 -0.06 0.06
108.27 -316.42 1.1087 -0.06 0.06
108.72 -316.32 1.0964 -0.06 0.06
109.18 -316.21 1.0879 -0.06 0.06
109.64 -316.11 1.0841 -0.06 0.06
110.09 -316 1.0833 -0.06 0.06
110.55 -315.9 1.0795 -0.06 0.06
111 -315.79 1.075 -0.06 0.06
111.38 -315.69 1.0795 -0.06 0.06
111.84 -315.59 1.0711 -0.06 0.06
112.22 -315.49 1.0711 -0.06 0.06
112.6 -315.39 1.0546 -0.06 0.06
113.06 -315.36 1.0671 -0.06 0.06
113.44 -315.34 1.0463 -0.06 0.06
113.9 -315.31 1.0422 -0.06 0.06
114.29 -315.28 1.0545 -0.06 0.06
114.75 -315.26 1.038 -0.06 0.06
115.13 -315.16 1.0422 -0.06 0.06
115.51 -315.06 1.0504 -0.06 0.06
115.89 -315.03 1.0504 -0.06 0.06
116.27 -314.93 1.0504 -0.06 0.06
116.65 -314.83 1.0504 -0.06 0.06
117.03 -314.73 1.0422 -0.06 0.06
117.41 -314.63 1.0297 -0.06 0.06
117.87 -314.6 1.0297 -0.06 0.06
118.25 -314.5 1.0297 -0.06 0.06
118.7 -314.4 1.0297 -0.06 0.06
119.08 -314.3 1.0337 -0.06 0.06
119.54 -314.19 1.0172 -0.06 0.06
119.92 -314.09 1.0297 -0.06 0.06
120.38 -314.07 1.0254 -0.06 0.06
120.84 -314.04 1.0099 -0.06 0.06
121.29 -313.93 1.0172 -0.06 0.06
121.76 -313.9 1.0172 -0.06 0.06
122.22 -313.88 0.99193 -0.06 0.06
122.68 -313.85 1.0128 -0.06 0.06
123.21 -313.82 0.99193 -0.06 0.06
123.67 -313.71 1.0172 -0.06 0.06
124.21 -313.68 0.99547 -0.06 0.06
124.66 -313.57 0.99193 -0.06 0.06
125.2 -313.46 1.0128 -0.06 0.06
125.65 -313.36 0.99193 -0.06 0.06
126.11 -313.25 0.97914 -0.06 0.06
126.56 -313.15 0.99193 -0.06 0.06
127.02 -313.04 0.97585 -0.06 0.06
127.48 -312.94 0.97585 -0.06 0.06
127.93 -312.83 0.98385 -0.06 0.06
128.46 -312.73 0.9711 -0.06 0.06
128.92 -312.62 0.97585 -0.06 0.06
129.3 -312.52 0.9711 -0.06 0.06
129.68 -312.42 0.97585 -0.06 0.06
130.06 -312.32 0.97585 -0.06 0.06
130.52 -312.29 0.9711 -0.06 0.06
130.9 -312.27 0.96313 -0.06 0.06
131.36 -312.24 0.9711 -0.06 0.06
131.9 -312.21 0.95826 -0.06 0.06
132.36 -312.18 0.95826 -0.06 0.06
132.82 -312.15 0.94535 -0.06 0.06
133.2 -312.05 0.96313 -0.06 0.06
133.66 -312.02 0.94535 -0.06 0.06
134.04 -311.92 0.94248 -0.06 0.06
134.5 -311.89 0.94742 -0.06 0.06
134.96 -311.79 0.94248 -0.06 0.06
135.5 -311.76 0.92965 -0.06 0.06
136.03 -311.72 0.92965 -0.06 0.06
136.49 -311.62 0.9347 -0.06 0.06
136.95 -311.51 0.92965 -0.06 0.06
137.4 -311.41 0.94248 -0.06 0.06
137.86 -311.38 0.92192 -0.06 0.06
138.39 -311.27 0.94248 -0.06 0.06
138.92 -311.09 0.91675 -0.06 0.06
139.54 -311.05 0.92192 -0.06 0.06
140.15 -310.93 0.91675 -0.06 0.06
140.76 -310.9 0.91675 -0.06 0.06
141.37 -310.78 0.90906 -0.06 0.06
141.98 -310.75 0.90378 -0.06 0.06
142.51 -310.56 0.90378 -0.06 0.06
143.05 -310.45 0.90378 -0.06 0.06
143.58 -310.34 0.90906 -0.06 0.06
144.19 -310.23 0.89615 -0.06 0.06
144.72 -310.12 0.89615 -0.06 0.06
145.25 -310.01 0.89076 -0.06 0.06
145.71 -309.9 0.90378 -0.06 0.06
146.25 -309.87 0.89076 -0.06 0.06
146.78 -309.76 0.88318 -0.06 0.06
147.24 -309.65 0.88528 -0.06 0.06
147.69 -309.55 0.88528 -0.06 0.06
148.15 -309.44 0.88318 -0.06 0.06
148.68 -309.34 0.88528 -0.06 0.06
149.22 -309.3 0.86454 -0.06 0.06
149.67 -309.2 0.87015 -0.06 0.06
150.21 -309.16 0.84969 -0.06 0.06
150.74 -309.06 0.86271 -0.06 0.06
151.36 -309.02 0.87015 -0.06 0.06
151.89 -308.91 0.84969 -0.06 0.06
152.43 -308.88 0.87015 -0.06 0.06
152.88 -308.77 0.85707 -0.06 0.06
153.35 -308.74 0.86271 -0.06 0.06
153.8 -308.64 0.85884 -0.06 0.06
154.26 -308.53 0.83812 -0.06 0.06
154.71 -308.43 0.83812 -0.06 0.06
155.09 -308.33 0.85707 -0.06 0.06
155.55 -308.22 0.85884 -0.06 0.06
156.08 -308.11 0.83812 -0.06 0.06
156.54 -308.01 0.84807 -0.06 0.06
157 -307.98 0.84239 -0.06 0.06
157.38 -307.88 0.83221 -0.06 0.06
157.83 -307.78 0.84239 -0.06 0.06
158.29 -307.67 0.82353 -0.06 0.06
158.83 -307.64 0.82353 -0.06 0.06
159.36 -307.53 0.83663 -0.06 0.06
159.89 -307.42 0.81758 -0.06 0.06
160.5 -307.3 0.83812 -0.06 0.06
161.03 -307.2 0.83812 -0.06 0.06
161.57 -307.09 0.81883 -0.06 0.06
162.02 -306.98 0.81155 -0.06 0.06
162.48 -306.88 0.81155 -0.06 0.06
163.01 -306.77 0.80435 -0.06 0.06
163.55 -306.66 0.79724 -0.06 0.06
164.07 -306.47 0.79724 -0.06 0.06
164.6 -306.28 0.81758 -0.06 0.06
165.13 -306.1 0.81758 -0.06 0.06
165.66 -305.91 0.8104 -0.06 0.06
166.11 -305.73 0.79199 -0.06 0.06
166.64 -305.62 0.78485 -0.06 0.06
167.1 -305.52 0.80542 -0.06 0.06
167.63 -305.41 0.78485 -0.06 0.06
168.24 -305.21 0.79022 -0.06 0.06
168.84 -305.02 0.79724 -0.06 0.06
169.37 -304.84 0.79724 -0.06 0.06
169.82 -304.66 0.77085 -0.06 0.06
170.19 -304.48 0.7778 -0.06 0.06
170.58 -304.46 0.77085 -0.06 0.06
170.96 -304.43 0.7645 -0.06 0.06
171.42 -304.33 0.76504 -0.06 0.06
171.8 -304.23 0.75807 -0.06 0.06
172.25 -304.12 0.76504 -0.06 0.06
172.63 -304.02 0.76504 -0.06 0.06
173.09 -303.92 0.77147 0.06 -0.06
173.62 -303.73 0.75807 0.06 -0.06
174.08 -303.7 0.7645 0.06 -0.06
174.54 -303.67 0.77085 0.06 -0.06
175 -303.65 0.75083 0.06 -0.06
175.45 -303.54 0.75118 0.06 -0.06
175.91 -303.44 0.74439 0.06 -0.06
176.36 -303.26 0.69821 0.06 -0.06
176.74 -303.08 0.69142 0.06 -0.06
177.04 -302.98 0.69142 0.06 -0.06
177.34 -302.89 0.69142 0.06 -0.06
177.57 -302.8 0.73768 0.06 -0.06
177.79 -302.71 0.73114 0.06 -0.06
177.94 -302.62 0.73114 0.06 -0.06
177.94 -302.62 0.73114 0.06 -0.06
177.94 -302.54 0.70466 0.06 -0.06
177.93 -302.47 0.73768 0.06 -0.06
177.93 -302.39 0.73114 0.06 -0.06
177.93 -302.39 0.70466 0.06 -0.06
177.93 -302.39 0.73114 0.06 -0.06
177.93 -302.39 0.70466 0.06 -0.06
177.93 -302.39 0.70466 0.06 -0.06
177.93 -302.39 0.70466 0.06 -0.06
177.93 -302.39 0.70466 0.06 -0.06
177.85 -302.39 0.70466 0.06 -0.06
177.85 -302.39 0.70466 0.06 -0.06
177.77 -302.4 0.74439 0.06 -0.06
177.7 -302.4 0.74439 0.06 -0.06
177.62 -302.41 0.74439 0.06 -0.06
177.54 -302.41 0.69821 0.06 -0.06
177.47 -302.42 0.70466 0.06 -0.06
177.39 -302.42 0.73785 0.06 -0.06
177.31 -302.43 0.70466 0.06 -0.06
177.24 -302.43 0.70466 0.06 -0.06
177.16 -302.44 0.70466 0.06 -0.06
177.08 -302.44 0.70439 0.06 -0.06
177.01 -302.45 0.70439 0.06 -0.06
177.01 -302.45 0.70439 0.06 -0.06
176.93 -302.45 0.70439 0.06 -0.06
176.93 -302.45 0.70439 0.06 -0.06
176.93 -302.45 0.70466 0.06 -0.06
176.93 -302.45 0.70439 0.06 -0.06
176.93 -302.45 0.71136 0.06 -0.06
176.93 -302.45 0.70466 0.06 -0.06
176.93 -302.45 0.71136 0.06 -0.06
176.93 -302.45 0.73785 0.06 -0.06
176.93 -302.45 0.71136 0.06 -0.06
176.93 -302.45 0.71136 0.06 -0.06
176.93 -302.45 0.73785 0.06 -0.06
176.93 -302.45 0.73785 0.06 -0.06
176.93 -302.45 0.74439 0.06 -0.06
176.85 -302.45 0.74439 0.06 -0.06
176.78 -302.46 0.74439 0.06 -0.06
176.7 -302.46 0.74439 0.06 -0.06
176.62 -302.47 0.73785 0.06 -0.06
176.55 -302.47 0.73785 0.06 -0.06
176.47 -302.48 0.73785 0.06 -0.06
176.39 -302.48 0.70439 0.06 -0.06
176.32 -302.49 0.75118 0.06 -0.06
176.16 -302.5 0.70439 0.06 -0.06
176.01 -302.51 0.75762 0.06 -0.06
175.86 -302.59 0.75762 0.06 -0.06
175.71 -302.6 0.73114 0.06 -0.06
175.56 -302.69 0.73114 0.06 -0.06
175.48 -302.77 0.73768 0.06 -0.06
175.34 -302.86 0.74465 0.06 -0.06
175.11 -302.95 0.74465 0.06 -0.06
174.88 -303.04 0.69786 0.06 -0.06
174.66 -303.13 0.76397 0.06 -0.06
174.43 -303.22 0.77147 0.06 -0.06
174.13 -303.31 0.75154 0.06 -0.06
173.83 -303.41 0.77147 0.06 -0.06
173.6 -303.5 0.75762 0.06 -0.06
173.3 -303.6 0.75762 0.06 -0.06
172.99 -303.61 0.75762 0.06 -0.06
172.69 -303.71 0.77085 0.06 -0.06
172.31 -303.73 0.7645 0.06 -0.06
171.92 -303.76 0.7645 0.06 -0.06
171.54 -303.78 0.7645 0.06 -0.06
171.24 -303.88 0.7645 0.06 -0.06
170.93 -303.97 0.76397 0.06 -0.06
170.55 -303.99 0.7771 0.06 -0.06
170.17 -304.09 0.79022 0.06 -0.06
169.79 -304.2 0.77085 0.06 -0.06
169.34 -304.3 0.77147 0.06 -0.06
168.8 -304.41 0.79199 0.06 -0.06
168.35 -304.51 0.78485 0.06 -0.06
167.89 -304.62 0.80542 0.06 -0.06
167.36 -304.73 0.78485 0.06 -0.06
166.9 -304.83 0.78405 0.06 -0.06
166.37 -304.94 0.79109 0.06 -0.06
165.91 -305.05 0.8104 0.06 -0.06
165.38 -305.08 0.79109 0.06 -0.06
164.84 -305.11 0.79724 0.06 -0.06
164.31 -305.3 0.8104 0.06 -0.06
163.78 -305.41 0.79724 0.06 -0.06
163.24 -305.52 0.82485 0.06 -0.06
162.78 -305.55 0.8033 0.06 -0.06
162.4 -305.65 0.81155 0.06 -0.06
161.95 -305.75 0.82353 0.06 -0.06
161.49 -305.86 0.81883 0.06 -0.06
161.04 -305.96 0.83079 0.06 -0.06
160.58 -306.07 0.81883 0.06 -0.06
160.2 -306.17 0.83221 0.06 -0.06
159.75 -306.27 0.83812 0.06 -0.06
159.37 -306.37 0.83663 0.06 -0.06
158.91 -306.48 0.81883 0.06 -0.06
158.53 -306.5 0.83812 0.06 -0.06
158.07 -306.53 0.83812 0.06 -0.06
157.68 -306.55 0.84239 0.06 -0.06
157.3 -306.65 0.84395 0.06 -0.06
156.84 -306.68 0.84239 0.06 -0.06
156.46 -306.7 0.84969 0.06 -0.06
156 -306.73 0.84395 0.06 -0.06
155.54 -306.76 0.83663 0.06 -0.06
155.08 -306.86 0.84969 0.06 -0.06
154.62 -306.97 0.84395 0.06 -0.06
154.25 -307.07 0.84969 0.06 -0.06
153.79 -307.17 0.83663 0.06 -0.06
153.33 -307.2 0.85884 0.06 -0.06
152.87 -307.23 0.85135 0.06 -0.06
152.49 -307.33 0.86454 0.06 -0.06
152.03 -307.36 0.87209 0.06 -0.06
151.57 -307.46 0.87209 0.06 -0.06
151.12 -307.57 0.87209 0.06 -0.06
150.66 -307.67 0.87767 0.06 -0.06
150.28 -307.77 0.85884 0.06 -0.06
149.9 -307.8 0.87767 0.06 -0.06
149.51 -307.82 0.88528 0.06 -0.06
149.13 -307.84 0.86454 0.06 -0.06
148.75 -307.87 0.88318 0.06 -0.06
148.43 -307.81 0.88528 0.06 -0.06
148.21 -307.9 0.86454 0.06 -0.06
147.91 -308 0.87767 0.06 -0.06
147.6 -308.01 0.89076 0.06 -0.06
147.3 -308.11 0.90378 0.06 -0.06
146.99 -308.13 0.90378 0.06 -0.06
146.68 -308.15 0.88528 0.06 -0.06
146.37 -308.17 0.89076 0.06 -0.06
146.07 -308.18 0.89076 0.06 -0.06
145.69 -308.28 0.89076 0.06 -0.06
145.23 -308.31 0.89842 0.06 -0.06
144.77 -308.42 0.89076 0.06 -0.06
144.23 -308.45 0.90378 0.06 -0.06
143.7 -308.56 0.90906 0.06 -0.06
143.09 -308.6 0.89076 0.06 -0.06
142.55 -308.71 0.90378 0.06 -0.06
142.02 -308.74 0.9115 0.06 -0.06
141.48 -308.77 0.90906 0.06 -0.06
140.95 -308.88 0.91675 0.06 -0.06
140.49 -308.99 0.9115 0.06 -0.06
139.95 -309.02 0.91675 0.06 -0.06
139.42 -309.13 0.91675 0.06 -0.06
138.96 -309.16 0.93746 0.06 -0.06
138.58 -309.26 0.92192 0.06 -0.06
138.12 -309.29 0.91675 0.06 -0.06
137.74 -309.39 0.94248 0.06 -0.06
137.28 -309.41 0.92965 0.06 -0.06
136.9 -309.44 0.94248 0.06 -0.06
136.44 -309.47 0.92965 0.06 -0.06
135.9 -309.57 0.94248 0.06 -0.06
135.45 -309.68 0.94248 0.06 -0.06
134.91 -309.71 0.94248 0.06 -0.06
134.37 -309.75 0.95523 0.06 -0.06
133.84 -309.85 0.95523 0.06 -0.06
133.3 -309.89 0.95523 0.06 -0.06
132.77 -310 0.95826 0.06 -0.06
132.23 -310.03 0.95523 0.06 -0.06
131.69 -310.06 0.95826 0.06 -0.06
131.08 -310.1 0.95826 0.06 -0.06
130.55 -310.21 0.96627 0.06 -0.06
129.94 -310.32 0.95826 0.06 -0.06
129.4 -310.36 0.9711 0.06 -0.06
128.94 -310.38 0.96313 0.06 -0.06
128.48 -310.41 0.9711 0.06 -0.06
128.02 -310.44 0.9711 0.06 -0.06
127.56 -310.47 0.9711 0.06 -0.06
127.1 -310.5 0.9711 0.06 -0.06
126.64 -310.52 0.98848 0.06 -0.06
126.17 -310.55 0.9711 0.06 -0.06
125.71 -310.58 0.97914 0.06 -0.06
125.25 -310.61 0.9711 0.06 -0.06
124.87 -310.63 0.97914 0.06 -0.06
124.41 -310.66 0.99652 0.06 -0.06
123.95 -310.69 0.98385 0.06 -0.06
123.41 -310.72 1.001 0.06 -0.06
122.87 -310.75 0.98385 0.06 -0.06
122.34 -310.79 0.98385 0.06 -0.06
121.8 -310.82 0.98385 0.06 -0.06
121.18 -310.86 0.99652 0.06 -0.06
120.65 -310.89 1.0091 0.06 -0.06
120.03 -310.93 1.0091 0.06 -0.06
119.49 -310.96 1.0128 0.06 -0.06
118.96 -310.99 1.0128 0.06 -0.06
118.42 -311.03 0.99652 0.06 -0.06
117.88 -311.06 1.0091 0.06 -0.06
117.42 -311.09 1.0254 0.06 -0.06
116.96 -311.11 1.0172 0.06 -0.06
116.58 -311.14 1.0128 0.06 -0.06
116.12 -311.17 1.0254 0.06 -0.06
115.58 -311.2 1.0172 0.06 -0.06
115.12 -311.23 1.0254 0.06 -0.06
114.73 -311.25 1.0254 0.06 -0.06
114.27 -311.28 1.0172 0.06 -0.06
113.89 -311.3 1.0297 0.06 -0.06
113.43 -311.33 1.0297 0.06 -0.06
112.97 -311.36 1.0254 0.06 -0.06
112.51 -311.39 1.0422 0.06 -0.06
111.97 -311.42 1.0297 0.06 -0.06
111.43 -311.45 1.0463 0.06 -0.06
110.89 -311.41 1.0297 0.06 -0.06
110.35 -311.44 1.0422 0.06 -0.06
109.81 -311.4 1.0422 0.06 -0.06
109.35 -311.42 1.0545 0.06 -0.06
108.81 -311.38 1.0504 0.06 -0.06
108.27 -311.41 1.0545 0.06 -0.06
107.73 -311.37 1.0545 0.06 -0.06
107.11 -311.33 1.0504 0.06 -0.06
106.57 -311.36 1.0545 0.06 -0.06
105.95 -311.32 1.0627 0.06 -0.06
105.41 -311.28 1.0711 0.06 -0.06
104.87 -311.24 1.0587 0.06 -0.06
104.33 -311.19 1.0545 0.06 -0.06
103.79 -311.22 1.0671 0.06 -0.06
103.25 -311.18 1.0587 0.06 -0.06
102.79 -311.21 1.0671 0.06 -0.06
102.24 -311.16 1.0711 0.06 -0.06
101.71 -311.2 1.0833 0.06 -0.06
101.16 -311.15 1.0711 0.06 -0.06
100.63 -311.19 1.0833 0.06 -0.06
100.17 -311.21 1.0711 0.06 -0.06
99.625 -311.17 1.0711 0.06 -0.06
99.164 -311.2 1.0711 0.06 -0.06
98.626 -311.23 1.0871 0.06 -0.06
98.166 -311.26 1.0795 0.06 -0.06
97.705 -311.29 1.0871 0.06 -0.06
97.168 -311.32 1.0871 0.06 -0.06
96.63 -311.35 1.0833 0.06 -0.06
96.016 -311.39 1.0917 0.06 -0.06
95.478 -311.42 1.1002 0.06 -0.06
95.018 -311.45 1.1002 0.06 -0.06
94.403 -311.49 1.1002 0.06 -0.06
93.866 -311.52 1.1002 0.06 -0.06
93.247 -311.48 1.1123 0.06 -0.06
92.71 -311.51 1.1038 0.06 -0.06
92.167 -311.47 1.1243 0.06 -0.06
91.63 -311.5 1.1087 0.06 -0.06
91.088 -311.46 1.1038 0.06 -0.06
90.546 -311.41 1.1087 0.06 -0.06
90.157 -311.36 1.1137 0.06 -0.06
89.692 -311.31 1.1173 0.06 -0.06
89.226 -311.26 1.1294 0.06 -0.06
88.761 -311.21 1.1173 0.06 -0.06
88.219 -311.17 1.1328 0.06 -0.06
87.83 -311.12 1.1294 0.06 -0.06
87.365 -311.07 1.1294 0.06 -0.06
86.904 -311.1 1.1381 0.06 -0.06
86.439 -311.05 1.1381 0.06 -0.06
85.901 -311.08 1.1294 0.06 -0.06
85.436 -311.03 1.1414 0.06 -0.06
84.899 -311.07 1.1414 0.06 -0.06
84.284 -311.1 1.1414 0.06 -0.06
83.67 -311.14 1.1501 0.06 -0.06
83.128 -311.1 1.1434 0.06 -0.06
82.663 -311.05 1.1501 0.06 -0.06
82.12 -311 1.1501 0.06 -0.06
81.655 -310.95 1.1468 0.06 -0.06
81.113 -310.91 1.1588 0.06 -0.06
80.648 -310.86 1.1468 0.06 -0.06
80.259 -310.81 1.1565 0.06 -0.06
79.717 -310.76 1.1533 0.06 -0.06
79.252 -310.72 1.1565 0.06 -0.06
78.709 -310.67 1.1533 0.06 -0.06
78.244 -310.62 1.1501 0.06 -0.06
77.855 -310.57 1.1468 0.06 -0.06
77.39 -310.52 1.1706 0.06 -0.06
76.929 -310.55 1.1588 0.06 -0.06
76.387 -310.5 1.1675 0.06 -0.06
75.922 -310.46 1.1619 0.06 -0.06
75.38 -310.41 1.1706 0.06 -0.06
74.838 -310.37 1.1737 0.06 -0.06
74.295 -310.32 1.1706 0.06 -0.06
73.753 -310.28 1.1824 0.06 -0.06
73.365 -310.23 1.1794 0.06 -0.06
72.899 -310.18 1.1911 0.06 -0.06
72.434 -310.13 1.197 0.06 -0.06
71.969 -310.08 1.1794 0.06 -0.06
71.503 -310.03 1.1794 0.06 -0.06
71.038 -309.98 1.1999 0.06 -0.06
70.491 -309.86 1.1999 0.06 -0.06
70.03 -309.89 1.1999 0.06 -0.06
69.565 -309.84 1.1882 0.06 -0.06
69.1 -309.79 1.197 0.06 -0.06
68.711 -309.74 1.2059 0.06 -0.06
68.246 -309.69 1.2087 0.06 -0.06
67.78 -309.64 1.2027 0.06 -0.06
67.238 -309.6 1.2059 0.06 -0.06
66.773 -309.55 1.2114 0.06 -0.06
66.307 -309.5 1.1911 0.06 -0.06
65.765 -309.46 1.2027 0.06 -0.06
65.223 -309.41 1.1999 0.06 -0.06
64.753 -309.29 1.2027 0.06 -0.06
64.292 -309.32 1.2202 0.06 -0.06
63.75 -309.27 1.2202 0.06 -0.06
63.131 -309.23 1.2202 0.06 -0.06
62.589 -309.19 1.2202 0.06 -0.06
62.047 -309.14 1.2202 0.06 -0.06
61.582 -309.1 1.2291 0.06 -0.06
61.04 -309.05 1.2228 0.06 -0.06
60.497 -309.01 1.2355 0.06 -0.06
59.951 -308.89 1.2355 0.06 -0.06
59.485 -308.84 1.2228 0.06 -0.06
59.097 -308.78 1.2341 0.06 -0.06
58.631 -308.74 1.2404 0.06 -0.06
58.089 -308.69 1.2316 0.06 -0.06
57.619 -308.57 1.2202 0.06 -0.06
57.226 -308.44 1.2469 0.06 -0.06
56.919 -308.45 1.2493 0.06 -0.06
56.53 -308.4 1.2493 0.06 -0.06
56.142 -308.35 1.2493 0.06 -0.06
55.676 -308.3 1.238 0.06 -0.06
55.288 -308.25 1.2493 0.06 -0.06
54.971 -308.11 1.2493 0.06 -0.06
54.587 -308.13 1.2493 0.06 -0.06
54.117 -308.01 1.2559 0.06 -0.06
53.647 -307.88 1.2672 0.06 -0.06
53.254 -307.75 1.2559 0.06 -0.06
52.865 -307.7 1.2559 0.06 -0.06
52.4 -307.65 1.2694 0.06 -0.06
51.935 -307.6 1.2493 0.06 -0.06
51.465 -307.48 1.2605 0.06 -0.06
51.076 -307.42 1.2582 0.06 -0.06
50.606 -307.3 1.2582 0.06 -0.06
50.136 -307.17 1.2649 0.06 -0.06
49.666 -307.05 1.2783 0.06 -0.06
49.2 -307 1.2893 0.06 -0.06
48.73 -306.87 1.2852 0.06 -0.06
48.26 -306.75 1.2852 0.06 -0.06
47.79 -306.62 1.2852 0.06 -0.06
47.32 -306.5 1.2783 0.06 -0.06
46.927 -306.37 1.2852 0.06 -0.06
46.534 -306.24 1.2852 0.06 -0.06
46.064 -306.11 1.2982 0.06 -0.06
45.594 -305.99 1.2963 0.06 -0.06
45.119 -305.78 1.2963 0.06 -0.06
44.73 -305.73 1.3034 0.06 -0.06
44.337 -305.6 1.3034 0.06 -0.06
43.867 -305.47 1.3053 0.06 -0.06
43.397 -305.35 1.3143 0.06 0.06
42.927 -305.22 1.3034 0.06 0.06
42.538 -305.17 1.309 0.06 0.06
42.15 -305.12 1.2982 0.06 0.06
41.761 -305.06 1.3251 0.06 0.06
41.373 -305.01 1.3143 0.06 0.06
41.061 -304.95 1.3251 0.06 0.06
40.826 -304.89 1.3326 0.06 0.06
40.591 -304.83 1.3326 0.06 0.06
40.36 -304.84 1.3326 0.06 0.06
40.125 -304.78 1.3326 0.06 0.06
39.972 -304.79 1.3234 0.06 0.06
39.89 -304.71 1.3217 0.06 0.06
39.809 -304.64 1.3234 0.06 0.06
39.804 -304.57 1.3433 0.06 0.06
39.8 -304.49 1.3234 0.06 0.06
39.795 -304.41 1.3433 0.06 0.06
39.79 -304.34 1.3433 0.06 0.06
39.786 -304.26 1.3509 0.06 0.06
39.781 -304.18 1.3448 0.06 0.06
39.776 -304.11 1.3448 0.06 0.06
39.772 -304.03 1.3358 0.06 0.06
39.767 -303.95 1.3433 0.06 0.06
39.762 -303.87 1.3509 0.06 0.06
39.757 -303.8 1.3433 0.06 0.06
39.753 -303.72 1.3433 0.06 0.06
39.748 -303.64 1.3433 0.06 0.06
39.743 -303.57 1.3433 0.06 0.06
39.739 -303.49 1.3433 0.06 0.06
39.734 -303.41 1.3433 0.06 0.06
39.729 -303.34 1.3433 0.06 0.06
39.725 -303.26 1.3509 0.06 0.06
39.72 -303.18 1.3509 0.06 0.06
39.715 -303.11 1.3509 0.06 0.06
39.711 -303.03 1.3628 0.06 0.06
39.629 -302.96 1.3628 0.06 0.06
39.548 -302.89 1.3628 0.06 0.06
39.466 -302.81 1.3628 0.06 0.06
39.39 -302.82 1.3628 0.06 0.06
39.313 -302.82 1.3628 0.06 0.06
39.236 -302.83 1.3628 0.06 0.06
39.159 -302.83 1.3628 0.06 0.06
39.082 -302.84 1.3628 0.06 0.06
39.001 -302.77 1.3706 0.06 0.06
38.996 -302.69 1.3706 0.06 0.06
38.992 -302.61 1.3706 0.06 0.06
38.987 -302.53 1.3706 0.06 0.06
38.982 -302.46 1.3706 0.06 0.06
38.978 -302.38 1.3706 0.06 0.06
38.973 -302.3 1.3693 0.06 0.06
38.968 -302.23 1.3615 0.06 0.06
39.04 -302.15 1.3615 0.06 0.06
39.036 -302.07 1.3628 0.06 0.06
39.026 -301.92 1.3628 0.06 0.06
39.022 -301.84 1.3706 0.06 0.06
39.012 -301.69 1.3706 0.06 0.06
39.008 -301.61 1.3706 0.06 0.06
39.003 -301.53 1.3693 0.06 0.06
38.998 -301.46 1.3706 0.06 0.06
38.917 -301.38 1.3693 0.06 0.06
38.835 -301.31 1.3706 0.06 0.06
38.831 -301.23 1.3693 0.06 0.06
38.826 -301.16 1.3706 0.06 0.06
38.821 -301.08 1.3628 0.06 0.06
38.74 -301.01 1.3706 0.06 0.06
38.73 -300.86 1.3706 0.06 0.06
38.726 -300.78 1.3706 0.06 0.06
38.793 -300.62 1.3706 0.06 0.06
38.788 -300.54 1.3706 0.06 0.06
38.784 -300.47 1.3706 0.06 0.06
38.702 -300.39 1.3706 0.06 0.06
38.616 -300.25 1.3693 0.06 0.06
38.607 -300.09 1.3693 0.06 0.06
38.597 -299.94 1.3786 0.06 0.06
38.588 -299.78 1.3879 0.06 0.06
38.579 -299.63 1.3786 0.06 0.06
38.569 -299.48 1.389 0.06 0.06
38.56 -299.32 1.381 0.06 0.06
38.555 -299.25 1.381 0.06 0.06
38.551 -299.17 1.381 0.06 0.06
38.469 -299.1 1.3982 0.06 0.06
38.465 -299.02 1.389 0.06 0.06
38.46 -298.94 1.3982 0.06 0.06
38.455 -298.87 1.3982 0.06 0.06
38.455 -298.87 1.3982 0.06 0.06
38.45 -298.79 1.389 0.06 0.06
38.446 -298.71 1.3982 0.06 0.06
38.441 -298.64 1.389 0.06 0.06
38.436 -298.56 1.389 0.06 0.06
38.432 -298.48 1.3901 0.06 0.06
38.427 -298.41 1.389 0.06 0.06
38.422 -298.33 1.3972 0.06 0.06
38.418 -298.25 1.389 0.06 0.06
38.413 -298.18 1.3982 0.06 0.06
38.408 -298.1 1.3982 0.06 0.06
38.404 -298.02 1.3982 0.06 0.06
38.394 -297.87 1.3982 0.06 0.06
38.385 -297.72 1.3982 0.06 0.06
38.38 -297.64 1.389 0.06 0.06
38.376 -297.56 1.389 0.06 0.06
38.371 -297.49 1.4167 0.06 0.06
38.366 -297.41 1.4167 0.06 0.06
38.362 -297.33 1.4065 0.06 0.06
38.357 -297.26 1.4065 0.06 0.06
38.352 -297.18 1.389 0.06 0.06
38.348 -297.1 1.389 0.06 0.06
38.338 -296.95 1.3993 0.06 0.06
38.329 -296.8 1.3972 0.06 0.06
38.319 -296.64 1.4167 0.06 0.06
38.392 -296.56 1.4065 0.06 0.06
38.464 -296.48 1.4167 0.06 0.06
38.536 -296.4 1.4167 0.06 0.06
38.603 -296.24 1.3993 0.06 0.06
38.671 -296.08 1.3993 0.06 0.06
38.738 -295.92 1.3993 0.06 0.06
38.805 -295.76 1.3972 0.06 0.06
38.873 -295.61 1.3972 0.06 0.06
38.94 -295.45 1.389 0.06 0.06
39.003 -295.21 1.3993 0.06 0.06
39.07 -295.05 1.389 0.06 0.06
39.138 -294.9 1.3693 0.06 0.06
39.205 -294.74 1.3706 0.06 0.06
39.196 -294.58 1.3706 0.06 0.06
39.259 -294.35 1.3706 0.06 0.06
39.321 -294.11 1.3786 0.06 0.06
39.384 -293.88 1.3706 0.06 0.06
39.452 -293.72 1.3706 0.06 0.06
39.437 -293.49 1.3706 0.06 0.06
39.505 -293.33 1.3706 0.06 0.06
39.491 -293.1 1.3706 0.06 0.06
39.554 -292.87 1.3587 0.06 0.06
39.621 -292.71 1.3693 0.06 0.06
39.688 -292.55 1.3587 0.06 0.06
39.756 -292.39 1.3693 0.06 0.06
39.819 -292.16 1.3587 0.06 0.06
39.881 -291.92 1.3706 0.06 0.06
39.872 -291.77 1.3628 0.06 0.06
39.867 -291.69 1.3628 0.06 0.06
39.867 -291.69 1.3628 0.06 0.06
39.863 -291.62 1.3706 0.06 0.06
39.939 -291.61 1.3693 0.06 0.06
39.935 -291.53 1.3693 0.06 0.06
39.93 -291.46 1.3693 0.06 0.06
39.925 -291.38 1.3587 0.06 0.06
39.921 -291.3 1.3587 0.06 0.06
39.916 -291.23 1.3693 0.06 0.06
39.911 -291.15 1.3587 0.06 0.06
39.835 -291.15 1.3587 0.06 0.06
39.758 -291.16 1.3693 0.06 0.06
39.681 -291.16 1.381 0.06 0.06
39.6 -291.09 1.3786 0.06 0.06
39.518 -291.02 1.3786 0.06 0.06
39.513 -290.94 1.3786 0.06 0.06
39.504 -290.79 1.3879 0.06 0.06
39.495 -290.64 1.3786 0.06 0.06
39.49 -290.56 1.3706 0.06 0.06
39.409 -290.49 1.3706 0.06 0.06
39.327 -290.41 1.3706 0.06 0.06
39.246 -290.34 1.381 0.06 0.06
39.164 -290.27 1.3786 0.06 0.06
39.159 -290.19 1.3786 0.06 0.06
39.155 -290.12 1.389 0.06 0.06
39.15 -290.04 1.3867 0.06 0.06
39.145 -289.96 1.4075 0.06 0.06
39.141 -289.89 1.4075 0.06 0.06
39.055 -289.74 1.3879 0.06 0.06
38.973 -289.67 1.3879 0.06 0.06
38.892 -289.59 1.3879 0.06 0.06
38.887 -289.52 1.3993 0.06 0.06
38.882 -289.44 1.3879 0.06 0.06
38.801 -289.37 1.389 0.06 0.06
38.796 -289.29 1.3972 0.06 0.06
38.792 -289.21 1.4065 0.06 0.06
38.787 -289.14 1.4065 0.06 0.06
38.782 -289.06 1.4065 0.06 0.06
38.777 -288.98 1.4065 0.06 0.06
38.773 -288.91 1.4075 0.06 0.06
38.691 -288.84 1.389 0.06 0.06
38.691 -288.84 1.389 0.06 0.06
38.615 -288.84 1.4075 0.06 0.06
38.538 -288.84 1.4075 0.06 0.06
38.461 -288.85 1.4167 0.06 0.06
38.384 -288.85 1.4167 0.06 0.06
38.38 -288.78 1.4075 0.06 0.06
38.298 -288.7 1.4268 0.06 0.06
38.217 -288.63 1.4075 0.06 0.06
38.135 -288.56 1.4075 0.06 0.06
38.054 -288.49 1.4075 0.06 0.06
37.972 -288.42 1.4167 0.06 0.06
37.891 -288.34 1.4252 0.06 0.06
37.881 -288.19 1.4159 0.06 0.06
37.795 -288.04 1.4268 0.06 0.06
37.786 -287.89 1.4268 0.06 0.06
37.777 -287.73 1.426 0.06 0.06
37.767 -287.58 1.426 0.06 0.06
37.758 -287.43 1.4446 0.06 0.06
37.753 -287.35 1.444 0.06 0.06
37.748 -287.27 1.426 0.06 0.06
37.667 -287.2 1.426 0.06 0.06
37.586 -287.13 1.444 0.06 0.06
37.504 -287.06 1.4539 0.06 0.06
37.418 -286.91 1.4539 0.06 0.06
37.332 -286.76 1.4539 0.06 0.06
37.25 -286.69 1.4539 0.06 0.06
37.169 -286.62 1.4446 0.06 0.06
37.087 -286.54 1.4446 0.06 0.06
37.006 -286.47 1.4539 0.06 0.06
36.925 -286.4 1.4632 0.06 0.06
36.843 -286.33 1.4632 0.06 0.06
36.762 -286.26 1.4729 0.06 0.06
36.68 -286.18 1.4539 0.06 0.06
36.671 -286.03 1.4637 0.06 0.06
36.661 -285.88 1.4637 0.06 0.06
36.652 -285.72 1.4819 0.06 0.06
36.571 -285.65 1.4819 0.06 0.06
36.489 -285.58 1.4819 0.06 0.06
36.484 -285.5 1.4819 0.06 0.06
36.48 -285.42 1.4726 0.06 0.06
36.398 -285.35 1.4637 -0.06 0.06
36.317 -285.28 1.4632 -0.06 0.06
36.235 -285.21 1.5193 -0.06 0.06
36.154 -285.14 1.5192 -0.06 0.06
36.072 -285.06 1.5099 -0.06 0.06
35.991 -284.99 1.4819 -0.06 0.06
35.914 -285 1.5192 -0.06 0.06
35.837 -285 1.5192 -0.06 0.06
35.761 -285.01 1.5192 -0.06 0.06
35.761 -285.01 1.5192 -0.06 0.06
35.761 -285.01 1.5193 -0.06 0.06
35.684 -285.01 1.5192 -0.06 0.06
35.684 -285.01 1.5193 -0.06 0.06
35.761 -285.01 1.5192 -0.06 0.06
35.761 -285.01 1.5192 -0.06 0.06
35.837 -285 1.5193 -0.06 0.06
35.914 -285 1.5192 -0.06 0.06
35.991 -284.99 1.5193 -0.06 0.06
36.068 -284.99 1.5099 -0.06 0.06
36.145 -284.98 1.5099 -0.06 0.06
36.221 -284.98 1.5193 -0.06 0.06
36.298 -284.97 1.5099 -0.06 0.06
36.375 -284.97 1.5099 -0.06 0.06
36.452 -284.96 1.5099 -0.06 0.06
36.528 -284.96 1.5099 -0.06 0.06
36.528 -284.96 1.5099 -0.06 0.06
36.528 -284.96 1.5099 -0.06 0.06
36.605 -284.95 1.5099 -0.06 0.06
36.605 -284.95 1.5099 -0.06 0.06
36.605 -284.95 1.5099 -0.06 0.06
36.605 -284.95 1.5099 -0.06 0.06
36.605 -284.95 1.5099 -0.06 0.06
36.605 -284.95 1.5099 -0.06 0.06
36.605 -284.95 1.5099 -0.06 0.06
36.605 -284.95 1.5099 -0.06 0.06
36.605 -284.95 1.5099 -0.06 0.06
36.601 -284.88 1.5099 -0.06 0.06
36.601 -284.88 1.5193 -0.06 0.06
36.601 -284.88 1.5099 -0.06 0.06
36.596 -284.8 1.5099 -0.06 0.06
36.591 -284.72 1.5099 -0.06 0.06
36.587 -284.65 1.5193 -0.06 0.06
36.582 -284.57 1.5284 -0.06 0.06
36.582 -284.57 1.5193 -0.06 0.06
36.577 -284.49 1.4819 -0.06 0.06
36.572 -284.42 1.5284 -0.06 0.06
36.568 -284.34 1.5099 -0.06 0.06
36.563 -284.26 1.5191 -0.06 0.06
36.558 -284.19 1.5191 -0.06 0.06
36.558 -284.19 1.5193 -0.06 0.06
36.554 -284.11 1.5191 -0.06 0.06
36.549 -284.03 1.5191 -0.06 0.06
36.549 -284.03 1.5193 -0.06 0.06
36.549 -284.03 1.5284 -0.06 0.06
36.549 -284.03 1.5191 -0.06 0.06
36.549 -284.03 1.5193 -0.06 0.06
36.549 -284.03 1.5284 -0.06 0.06
36.549 -284.03 1.5284 -0.06 0.06
36.549 -284.03 1.5192 -0.06 0.06
36.549 -284.03 1.5284 -0.06 0.06
36.626 -284.03 1.5192 -0.06 0.06
36.626 -284.03 1.5284 -0.06 0.06
36.703 -284.02 1.4819 -0.06 0.06
36.784 -284.1 1.5192 -0.06 0.06
36.861 -284.09 1.5192 -0.06 0.06
36.938 -284.09 1.5192 -0.06 0.06
37.019 -284.16 1.5099 -0.06 0.06
37.101 -284.23 1.4914 -0.06 0.06
37.177 -284.23 1.5099 -0.06 0.06
37.249 -284.14 1.5099 -0.06 0.06
37.331 -284.22 1.5099 -0.06 0.06
37.412 -284.29 1.5099 -0.06 0.06
37.494 -284.36 1.5099 -0.06 0.06
37.494 -284.36 1.5099 -0.06 0.06
37.575 -284.43 1.4722 -0.06 0.06
37.58 -284.51 1.4722 -0.06 0.06
37.58 -284.51 1.5193 -0.06 0.06
37.585 -284.59 1.5099 -0.06 0.06
37.589 -284.66 1.4912 -0.06 0.06
37.589 -284.66 1.4816 -0.06 0.06
37.585 -284.59 1.5099 -0.06 0.06
37.589 -284.66 1.5099 -0.06 0.06
37.671 -284.74 1.4912 -0.06 0.06
37.748 -284.73 1.4912 -0.06 0.06
37.824 -284.73 1.4816 -0.06 0.06
37.896 -284.64 1.4816 -0.06 0.06
37.978 -284.72 1.4822 -0.06 0.06
38.05 -284.64 1.5193 -0.06 0.06
38.127 -284.63 1.5099 -0.06 0.06
38.199 -284.55 1.5099 -0.06 0.06
38.276 -284.54 1.4819 -0.06 0.06
38.352 -284.54 1.4729 -0.06 0.06
38.429 -284.54 1.5007 -0.06 0.06
38.511 -284.61 1.4816 -0.06 0.06
38.664 -284.6 1.5007 -0.06 0.06
38.741 -284.59 1.4816 -0.06 0.06
38.818 -284.59 1.5099 -0.06 0.06
38.895 -284.58 1.5099 -0.06 0.06
38.976 -284.66 1.5099 -0.06 0.06
39.053 -284.65 1.5193 -0.06 0.06
39.134 -284.72 1.4819 -0.06 0.06
39.288 -284.71 1.4819 -0.06 0.06
39.446 -284.78 1.5007 -0.06 0.06
39.676 -284.77 1.5099 -0.06 0.06
39.907 -284.75 1.4632 -0.06 0.06
40.137 -284.74 1.4632 -0.06 0.06
40.444 -284.72 1.4632 -0.06 0.06
40.679 -284.78 1.4637 -0.06 0.06
40.91 -284.77 1.4726 -0.06 0.06
41.14 -284.76 1.4726 -0.06 0.06
41.37 -284.74 1.4726 -0.06 0.06
41.682 -284.8 1.4632 -0.06 0.06
41.994 -284.86 1.4637 -0.06 0.06
42.459 -284.91 1.4446 -0.06 0.06
42.848 -284.96 1.4628 -0.06 0.06
43.313 -285.01 1.4628 -0.06 0.06
43.779 -285.06 1.4632 -0.06 0.06
44.167 -285.11 1.4539 -0.06 0.06
44.633 -285.16 1.4446 -0.06 0.06
45.021 -285.21 1.4446 -0.06 0.06
45.486 -285.26 1.4452 -0.06 0.06
45.957 -285.39 1.426 -0.06 0.06
46.499 -285.43 1.4367 -0.06 0.06
47.045 -285.55 1.4458 -0.06 0.06
47.511 -285.6 1.4353 -0.06 0.06
48.053 -285.64 1.426 -0.06 0.06
48.518 -285.69 1.426 -0.06 0.06
48.984 -285.74 1.426 -0.06 0.06
49.372 -285.8 1.4159 -0.06 0.06
49.761 -285.85 1.426 -0.06 0.06
50.231 -285.97 1.4075 -0.06 0.06
50.701 -286.1 1.4353 -0.06 0.06
51.171 -286.22 1.426 -0.06 0.06
51.632 -286.2 1.4252 -0.06 0.06
52.097 -286.25 1.4252 -0.06 0.06
52.567 -286.37 1.4159 -0.06 0.06
53.032 -286.42 1.4075 -0.06 0.06
53.498 -286.47 1.4176 -0.06 0.06
53.886 -286.52 1.4167 -0.06 0.06
54.275 -286.58 1.4159 -0.06 0.06
54.74 -286.62 1.4075 -0.06 0.06
55.206 -286.67 1.3961 -0.06 0.06
55.748 -286.72 1.3982 -0.06 0.06
56.367 -286.76 1.3982 -0.06 0.06
56.904 -286.72 1.3993 -0.06 0.06
57.523 -286.76 1.389 -0.06 0.06
58.07 -286.88 1.3879 -0.06 0.06
58.612 -286.93 1.389 -0.06 0.06
59.154 -286.97 1.381 -0.06 0.06
59.696 -287.02 1.381 -0.06 0.06
60.239 -287.06 1.381 -0.06 0.06
60.858 -287.1 1.3798 -0.06 0.06
61.476 -287.14 1.3693 -0.06 0.06
62.1 -287.25 1.3774 -0.06 0.06
62.8 -287.37 1.381 -0.06 0.06
63.347 -287.49 1.381 -0.06 0.06
63.813 -287.54 1.3774 -0.06 0.06
64.283 -287.66 1.3538 -0.06 0.06
64.667 -287.64 1.3693 -0.06 0.06
65.05 -287.61 1.3587 -0.06 0.06
65.439 -287.67 1.3587 -0.06 0.06
65.904 -287.72 1.3494 -0.06 0.06
66.37 -287.76 1.3601 -0.06 0.06
66.989 -287.8 1.3693 -0.06 0.06
67.531 -287.85 1.3693 -0.06 0.06
67.996 -287.9 1.3693 -0.06 0.06
68.457 -287.87 1.3509 -0.06 0.06
68.841 -287.85 1.3509 -0.06 0.06
69.225 -287.82 1.3524 -0.06 0.06
69.685 -287.79 1.3417 -0.06 0.06
70.146 -287.77 1.3509 -0.06 0.06
70.693 -287.89 1.3401 -0.06 0.06
71.24 -288.01 1.3494 -0.06 0.06
71.859 -288.05 1.3509 -0.06 0.06
72.324 -288.1 1.3309 -0.06 0.06
72.861 -288.06 1.3417 -0.06 0.06
73.322 -288.03 1.3342 -0.06 0.06
73.783 -288.01 1.3217 -0.06 0.06
74.325 -288.05 1.3309 -0.06 0.06
74.79 -288.1 1.3217 -0.06 0.06
75.332 -288.14 1.3309 -0.06 0.06
75.951 -288.18 1.3107 -0.06 0.06
76.494 -288.23 1.3234 -0.06 0.06
77.112 -288.27 1.3107 -0.06 0.06
77.65 -288.23 1.3034 -0.06 0.06
78.264 -288.2 1.3143 -0.06 0.06
78.802 -288.16 1.3143 -0.06 0.06
79.416 -288.13 1.3034 -0.06 0.06
80.035 -288.16 1.3034 -0.06 0.06
80.577 -288.21 1.3015 -0.06 0.06
81.119 -288.25 1.3034 -0.06 0.06
81.661 -288.3 1.2902 -0.06 0.06
82.199 -288.26 1.3034 -0.06 0.06
82.664 -288.31 1.2943 -0.06 0.06
83.048 -288.29 1.2963 -0.06 0.06
83.432 -288.27 1.2943 -0.06 0.06
83.739 -288.25 1.274 -0.06 0.06
84.123 -288.22 1.2943 -0.06 0.06
84.43 -288.21 1.2963 -0.06 0.06
84.895 -288.25 1.2762 -0.06 0.06
85.284 -288.31 1.274 -0.06 0.06
85.668 -288.28 1.274 -0.06 0.06
86.133 -288.33 1.274 -0.06 0.06
86.599 -288.38 1.2852 -0.06 0.06
87.059 -288.35 1.274 -0.06 0.06
87.525 -288.4 1.2627 -0.06 0.06
88.062 -288.37 1.2672 -0.06 0.06
88.604 -288.41 1.274 -0.06 0.06
89.223 -288.45 1.2559 -0.06 0.06
89.842 -288.49 1.2672 -0.06 0.06
90.384 -288.54 1.2559 -0.06 0.06
91.003 -288.58 1.2649 -0.06 0.06
91.464 -288.55 1.2672 -0.06 0.06
91.925 -288.52 1.2445 -0.06 0.06
92.467 -288.56 1.2536 -0.06 0.06
92.927 -288.53 1.2559 -0.06 0.06
93.465 -288.5 1.2536 -0.06 0.06
93.926 -288.47 1.2536 -0.06 0.06
94.463 -288.44 1.2329 -0.06 0.06
94.924 -288.41 1.2329 -0.06 0.06
95.384 -288.39 1.2316 -0.06 0.06
95.768 -288.36 1.2265 -0.06 0.06
96.229 -288.33 1.238 -0.06 0.06
96.766 -288.3 1.2355 -0.06 0.06
97.227 -288.27 1.2469 -0.06 0.06
97.765 -288.24 1.2291 -0.06 0.06
98.379 -288.2 1.2291 -0.06 0.06
98.763 -288.18 1.2265 -0.06 0.06
99.223 -288.15 1.2316 -0.06 0.06
99.607 -288.13 1.2228 -0.06 0.06
100.07 -288.1 1.2239 -0.06 0.06
100.45 -288.08 1.2087 -0.06 0.06
100.91 -288.05 1.2087 -0.06 0.06
101.37 -288.02 1.2149 -0.06 0.06
101.91 -287.99 1.2059 -0.06 0.06
102.37 -287.96 1.2176 -0.06 0.06
102.83 -287.93 1.2087 -0.06 0.06
103.29 -287.9 1.2239 -0.06 0.06
103.68 -287.88 1.2087 -0.06 0.06
103.98 -287.86 1.2027 -0.06 0.06
104.44 -287.83 1.1882 -0.06 0.06
104.83 -287.81 1.1911 -0.06 0.06
105.21 -287.79 1.1882 -0.06 0.06
105.52 -287.77 1.1882 -0.06 0.06
105.83 -287.75 1.2027 -0.06 0.06
106.13 -287.73 1.2027 -0.06 0.06
106.44 -287.71 1.1882 -0.06 0.06
106.67 -287.7 1.1794 -0.06 0.06
107.13 -287.67 1.1882 -0.06 0.06
107.52 -287.65 1.1882 -0.06 0.06
107.98 -287.69 1.1882 -0.06 0.06
108.45 -287.74 1.1882 -0.06 0.06
108.98 -287.71 1.1882 -0.06 0.06
109.44 -287.68 1.1882 -0.06 0.06
109.91 -287.65 1.1794 -0.06 0.06
110.44 -287.62 1.1644 -0.06 0.06
110.98 -287.67 1.1612 -0.06 0.06
111.68 -287.62 1.1612 -0.06 0.06
112.29 -287.59 1.1644 -0.06 0.06
112.98 -287.54 1.1644 -0.06 0.06
113.75 -287.5 1.1644 -0.06 0.06
114.29 -287.46 1.1612 -0.06 0.06
114.9 -287.43 1.1555 -0.06 0.06
115.43 -287.32 1.1259 -0.06 0.06
115.97 -287.21 1.1259 -0.06 0.06
116.5 -287.17 1.1208 -0.06 0.06
117.04 -287.14 1.1294 -0.06 0.06
117.66 -287.1 1.1294 -0.06 0.06
118.19 -287.07 1.1294 -0.06 0.06
118.8 -286.96 1.1294 -0.06 0.06
119.26 -286.93 1.1294 -0.06 0.06
119.8 -286.9 1.1294 -0.06 0.06
120.26 -286.87 1.1259 -0.06 0.06
120.65 -286.85 1.1294 -0.06 0.06
121.11 -286.82 1.1259 -0.06 0.06
121.49 -286.79 1.1173 -0.06 0.06
122.03 -286.76 1.1013 -0.06 0.06
122.56 -286.73 1.1173 -0.06 0.06
123.1 -286.7 1.1173 -0.06 0.06
123.64 -286.66 1.105 -0.06 0.06
124.1 -286.63 1.105 -0.06 0.06
124.71 -286.52 1.105 -0.06 0.06
125.25 -286.49 1.0917 -0.06 0.06
125.86 -286.45 1.0964 -0.06 0.06
126.4 -286.42 1.0879 -0.06 0.06
127.01 -286.38 1.0964 -0.06 0.06
127.7 -286.26 1.0964 -0.06 0.06
128.31 -286.22 1.0879 -0.06 0.06
129 -286.1 1.0879 -0.06 0.06
129.54 -286.07 1.0841 -0.06 0.06
130.15 -285.96 1.0756 -0.06 0.06
130.76 -285.84 1.0879 -0.06 0.06
131.37 -285.73 1.0716 -0.06 0.06
132.05 -285.61 1.0841 -0.06 0.06
132.67 -285.57 1.0631 -0.06 0.06
133.28 -285.46 1.0756 -0.06 0.06
133.89 -285.42 1.0504 -0.06 0.06
134.5 -285.31 1.0546 -0.06 0.06
135.11 -285.27 1.0546 -0.06 0.06
135.65 -285.24 1.0504 -0.06 0.06
136.26 -285.12 1.0463 -0.06 0.06
136.8 -285.09 1.0546 -0.06 0.06
137.33 -284.98 1.0421 -0.06 0.06
137.87 -284.95 1.0463 -0.06 0.06
138.33 -284.92 1.0421 -0.06 0.06
138.87 -284.89 1.0421 -0.06 0.06
139.32 -284.78 1.0421 -0.06 0.06
139.78 -284.75 1.0378 -0.06 0.06
140.32 -284.72 1.0337 -0.06 0.06
140.85 -284.61 1.0421 -0.06 0.06
141.46 -284.5 1.0378 -0.06 0.06
141.99 -284.31 1.0172 -0.06 0.06
142.52 -284.2 1.0128 -0.06 0.06
142.77 -284.49 1.0128 0.06 -0.06
143.77 -284.43 1.0001 0.06 -0.06
144.77 -284.37 1.0254 0.06 -0.06
145.71 -283.31 1.0211 0.06 -0.06
145.71 -283.31 1.0037 0.06 -0.06
145.71 -283.31 1.0037 0.06 -0.06
145.71 -283.31 1.0037 0.06 -0.06
