7.33174 0.659405 0.367329 158 -218 -0.2 0.2 0.78582 0.376239 363 151 538 215 347 269 626 268 435 182 5.91601 397 505 3.12894
7.39838 0.659405 0.367329 157 -215 -0.2 0.2 0.78562 0.376439 363 151 538 215 347 269 626 268 435 182 5.91601 397 505 3.12909
7.46504 0.659405 0.367329 157 -215 -0.2 0.2 0.78542 0.376639 363 151 538 215 347 269 626 268 435 182 5.90647 397 506 3.1166
7.53175 0.659405 0.367329 157 -215 -0.2 0.2 0.78522 0.376839 363 151 538 215 347 269 626 268 435 182 5.90647 397 505 3.12894
7.59842 0.659405 0.367329 157 -217 -0.2 0.2 0.78502 0.377039 363 151 538 215 347 269 626 268 435 182 5.93174 397 506 3.1166
7.66508 0.659405 0.367329 157 -217 -0.2 0.2 0.78482 0.377239 363 151 538 215 347 269 626 268 435 182 5.91601 397 506 3.1166
7.73175 0.659405 0.367329 144 -216 -0.2 0.2 0.78462 0.377439 363 151 538 215 346 270 627 268 435 182 5.91601 397 505 3.12909
7.79838 0.659405 0.367329 144 -216 -0.2 0.2 0.78442 0.377639 363 151 538 215 347 269 626 268 435 182 5.91601 397 506 3.1166
7.86504 0.659405 0.367329 144 -216 -0.2 0.2 0.78422 0.377839 363 151 538 215 346 270 626 268 435 182 5.91601 397 505 3.12909
7.93171 0.659405 0.368357 144 -210 -0.2 0.2 0.78402 0.378039 363 151 538 215 347 269 626 268 436 181 5.90081 397 506 3.1166
7.99838 0.659405 0.368357 144 -210 -0.2 0.2 0.78382 0.378239 363 151 538 215 347 269 626 268 435 182 5.90647 397 506 3.1166
8.06504 0.659405 0.368357 144 -210 -0.2 0.2 0.78362 0.378439 363 151 538 215 347 269 626 268 435 182 5.90647 397 506 3.11628
8.13174 0.659405 0.368357 123 -225 -0.2 0.2 0.78342 0.378639 363 151 538 215 347 269 626 268 435 182 5.91601 397 505 3.12909
8.19837 0.659405 0.368357 123 -225 -0.2 0.2 0.78322 0.378839 363 151 538 215 347 269 626 268 435 182 5.90647 397 506 3.1166
8.26504 0.659405 0.368357 123 -225 -0.2 0.2 0.78302 0.379039 362 151 538 215 347 269 627 268 435 182 5.90647 397 505 3.12909
8.33172 0.659405 0.368614 96 -228 -0.2 0.2 0.78282 0.379239 363 151 538 215 347 269 627 268 435 182 5.90647 397 505 3.12894
8.39837 0.659405 0.368614 96 -228 -0.2 0.2 0.78262 0.379439 363 151 538 215 346 270 627 268 435 182 5.90647 397 505 3.12909
8.46504 0.659405 0.368614 96 -228 -0.2 0.2 0.78242 0.379639 362 151 538 215 346 270 627 268 435 182 5.91601 397 505 3.12909
8.53172 0.659405 0.368871 97 -215 -0.2 0.2 0.78222 0.379839 363 151 538 215 346 270 627 268 435 182 5.90647 397 505 3.12909
8.59838 0.659405 0.368871 97 -215 -0.2 0.2 0.78202 0.380039 362 151 538 215 346 270 627 268 436 182 5.89149 397 506 3.11628
8.66504 0.659405 0.368871 97 -215 -0.2 0.2 0.78182 0.380239 363 151 538 215 346 270 627 268 436 182 5.87428 397 505 3.12909
8.73171 0.659405 0.369899 75 -217 -0.2 0.2 0.78162 0.380439 363 151 538 215 346 270 627 268 436 182 5.87829 397 506 3.1166
8.79838 0.659405 0.369899 75 -217 -0.2 0.2 0.781421 0.380639 363 151 538 215 346 270 627 268 436 182 5.87829 397 505 3.12894
8.86507 0.659405 0.369899 75 -217 -0.2 0.2 0.781221 0.380839 363 151 538 215 346 270 627 269 436 182 5.87829 397 506 3.1166
8.93172 0.659405 0.369899 75 -234 -0.2 0.2 0.781021 0.381039 363 151 538 215 346 270 627 268 436 182 5.87428 397 506 3.1166
8.99846 0.659405 0.369899 75 -234 -0.2 0.2 0.780821 0.381239 363 151 538 215 346 270 627 268 436 182 5.87829 397 506 3.1166
9.06506 0.659405 0.369899 75 -234 -0.2 0.2 0.780621 0.381439 363 151 538 215 346 270 627 268 436 182 5.87829 397 505 3.12909
9.13171 0.659148 0.369899 57 -254 -0.2 0.2 0.780421 0.381639 363 151 538 215 346 270 627 268 436 182 5.87829 397 505 3.12909
9.1984 0.659148 0.369899 57 -254 -0.2 0.2 0.780221 0.381839 363 151 538 215 346 270 627 268 436 182 5.87829 397 506 3.11628
9.26504 0.659148 0.369899 57 -254 -0.2 0.2 0.780021 0.382039 363 151 538 215 346 270 627 268 435 183 5.91827 397 506 3.11628
9.3317 0.659405 0.371184 40 -229 -0.2 0.2 0.779821 0.382239 363 151 538 215 346 270 627 268 436 182 5.88761 397 505 3.12909
9.39837 0.659405 0.371184 40 -229 -0.2 0.2 0.779621 0.382439 363 151 538 215 346 270 627 268 436 182 5.88761 397 506 3.1166
9.46504 0.659405 0.371184 40 -229 -0.2 0.2 0.779421 0.382639 363 151 538 215 346 270 627 268 436 182 5.88761 397 506 3.1166
9.5317 0.658634 0.371441 41 -235 -0.2 0.2 0.779221 0.382839 363 151 538 215 346 270 627 268 436 182 5.88761 397 505 3.12894
9.59838 0.658634 0.371441 41 -235 -0.2 0.2 0.779021 0.383039 363 151 538 215 346 270 627 268 436 182 5.87829 397 506 3.11628
9.66504 0.658634 0.371441 41 -235 -0.2 0.2 0.778821 0.383239 363 151 538 215 346 270 627 268 436 182 5.87829 397 506 3.1166
9.73172 0.65812 0.371698 40 -234 -0.2 0.2 0.778621 0.383439 363 151 538 215 346 270 628 268 436 182 5.89881 397 505 3.12909
9.79837 0.65812 0.371698 40 -234 -0.2 0.2 0.778421 0.383639 363 151 539 214 346 270 628 268 437 182 5.88367 397 505 3.12909
9.86503 0.65812 0.371698 40 -234 -0.2 0.2 0.778221 0.383839 363 151 540 215 346 270 628 268 436 181 5.87019 397 506 3.11628
9.93171 0.657863 0.372727 43 -238 -0.2 0.2 0.778021 0.384039 363 151 539 215 346 270 628 268 437 182 5.88367 397 506 3.11628
9.99838 0.657863 0.372727 43 -238 -0.2 0.2 0.777821 0.384239 364 151 539 215 346 270 628 268 436 182 5.87019 397 506 3.1166
10.065 0.657863 0.372727 43 -238 -0.2 0.2 0.777621 0.384439 364 151 541 214 346 270 629 269 438 181 5.86602 397 506 3.11628
10.1317 0.656834 0.372727 42 -243 -0.2 0.2 0.777421 0.384639 364 151 541 214 346 270 629 268 438 182 5.85656 397 506 3.1166
10.1984 0.656834 0.372727 42 -243 -0.2 0.2 0.777221 0.384839 364 152 541 214 346 270 629 269 437 182 5.88107 397 505 3.12909
10.265 0.656834 0.372984 42 -246 -0.2 0.2 0.777021 0.385039 365 152 541 214 346 270 629 269 438 182 5.86602 397 506 3.1166
10.3317 0.656834 0.372984 42 -246 -0.2 0.2 0.776821 0.385239 365 152 541 214 346 270 629 269 438 182 5.83788 397 506 3.1166
10.3984 0.656834 0.372984 42 -246 -0.2 0.2 0.776621 0.385439 365 152 542 214 346 270 629 269 438 183 5.85656 397 505 3.12909
10.465 0.656063 0.372984 39 -241 -0.2 0.2 0.776421 0.385639 365 152 542 214 346 270 630 269 438 182 5.87138 397 506 3.11628
10.5317 0.656063 0.372984 39 -241 -0.2 0.2 0.776221 0.385839 365 152 542 214 346 270 630 269 439 182 5.85656 397 506 3.11628
10.5984 0.656063 0.372984 39 -241 -0.2 0.2 0.776021 0.386039 365 152 542 214 346 270 630 269 439 182 5.85656 397 506 3.11628
10.665 0.656063 0.374269 39 -240 -0.2 0.2 0.775821 0.386239 366 152 543 214 347 269 630 269 439 182 5.86177 397 506 3.11628
10.7317 0.656063 0.374269 39 -240 -0.2 0.2 0.775621 0.386439 366 152 543 214 347 269 631 269 440 181 5.83788 397 506 3.11628
10.7984 0.656063 0.374269 39 -240 -0.2 0.2 0.775421 0.386639 366 152 543 214 346 270 631 269 440 181 5.83788 397 506 3.11628
10.865 0.655035 0.375297 36 -237 -0.2 0.2 0.775221 0.386839 366 152 543 214 346 270 631 269 440 182 5.85224 397 506 3.11628
10.9317 0.655035 0.375297 36 -237 -0.2 0.2 0.775021 0.387039 366 152 544 214 346 270 631 269 440 182 5.83831 397 506 3.1166
10.9984 0.655035 0.375297 36 -237 -0.2 0.2 0.774821 0.387239 367 152 544 214 347 269 632 269 440 183 5.84783 397 506 3.11628
11.065 0.654521 0.375554 39 -232 -0.2 0.2 0.774621 0.387439 367 152 544 214 347 269 632 269 441 182 5.76912 397 505 3.12909
11.1317 0.654521 0.375554 39 -232 -0.2 0.2 0.774421 0.387639 367 152 545 214 347 270 632 269 440 182 5.81954 397 506 3.1166
11.1984 0.654521 0.375554 39 -232 -0.2 0.2 0.774221 0.387839 367 153 545 214 346 270 632 269 441 182 5.78217 397 505 3.12909
11.265 0.654264 0.37684 35 -233 -0.2 0.2 0.774022 0.388039 367 153 545 214 347 270 632 269 441 182 5.79138 397 505 3.12909
11.3317 0.654264 0.37684 35 -233 -0.2 0.2 0.773822 0.388239 368 153 546 213 347 269 633 270 442 182 5.77809 397 505 3.12894
11.3984 0.654264 0.37684 35 -233 -0.2 0.2 0.773622 0.388439 368 153 546 214 347 269 633 270 442 182 5.76912 397 505 3.12909
11.465 0.653493 0.377354 34 -233 -0.2 0.2 0.773422 0.388639 368 153 546 214 347 269 633 270 442 182 5.76912 397 506 3.1166
11.5317 0.653493 0.377354 34 -233 -0.2 0.2 0.773222 0.388839 368 153 546 213 347 269 633 269 443 181 5.76404 397 506 3.1166
11.5984 0.653493 0.377354 34 -233 -0.2 0.2 0.773022 0.389039 368 153 547 213 347 269 633 270 442 182 5.79138 397 505 3.12909
11.6651 0.652979 0.377611 48 -232 -0.2 0.2 0.772822 0.389239 369 153 547 213 346 270 634 270 443 182 5.77306 397 505 3.12909
11.7317 0.652979 0.377611 48 -232 -0.2 0.2 0.772622 0.389439 369 153 547 213 346 270 634 270 443 182 5.77809 397 506 3.1166
11.7984 0.652722 0.378382 49 -239 -0.2 0.2 0.772422 0.389639 369 153 547 213 347 270 634 270 443 182 5.75146 397 505 3.12909
11.8651 0.652722 0.378382 49 -239 -0.2 0.2 0.772222 0.389839 369 153 547 213 347 269 634 270 443 182 5.74627 397 505 3.12909
11.9317 0.652722 0.378382 49 -239 -0.2 0.2 0.772022 0.390039 370 153 549 213 347 269 635 270 444 182 5.76404 397 506 3.1166
11.9984 0.651693 0.378382 33 -256 -0.2 0.2 0.771822 0.390239 370 154 549 213 347 270 635 270 444 182 5.76794 397 505 3.12894
12.065 0.651693 0.378382 33 -256 -0.2 0.2 0.771622 0.390439 370 153 549 213 347 269 635 270 444 182 5.74627 397 505 3.12894
12.1317 0.651693 0.378382 33 -256 -0.2 0.2 0.771422 0.390639 370 153 549 213 347 270 635 270 444 183 5.76794 397 505 3.12909
12.1984 0.651693 0.379667 33 -234 -0.2 0.2 0.771222 0.390839 370 154 550 213 347 269 635 270 444 182 5.741 397 505 3.12909
12.265 0.651693 0.379667 33 -234 -0.2 0.2 0.771022 0.391039 371 154 550 213 347 270 636 270 445 183 5.75886 397 506 3.1166
12.3317 0.651693 0.379667 33 -234 -0.2 0.2 0.770822 0.391239 371 153 551 213 347 269 636 270 445 183 5.76273 397 505 3.12909
12.3984 0.650665 0.379667 33 -230 -0.2 0.2 0.770622 0.391439 371 154 551 212 347 269 636 270 446 182 5.74456 397 505 3.12909
12.465 0.650665 0.379667 33 -230 -0.2 0.2 0.770422 0.391639 371 154 551 213 347 270 636 270 446 182 5.75511 397 506 3.1166
12.5317 0.650665 0.379667 33 -230 -0.2 0.2 0.770222 0.391839 371 154 551 213 347 269 636 270 445 182 5.74988 397 505 3.12894
12.5984 0.650665 0.380695 33 -232 -0.2 0.2 0.770022 0.392039 372 154 552 213 347 270 637 270 446 182 5.7322 397 505 3.12909
12.665 0.650665 0.380695 33 -232 -0.2 0.2 0.769822 0.392239 372 154 552 212 347 270 637 271 447 181 5.68944 397 505 3.12909
12.7317 0.650665 0.380695 33 -232 -0.2 0.2 0.769622 0.392439 372 154 552 212 347 270 637 271 446 181 5.69518 397 505 3.12909
12.7984 0.649637 0.381209 31 -246 -0.2 0.2 0.769422 0.392639 372 154 552 212 347 270 638 270 447 183 5.7536 397 506 3.1166
12.865 0.649637 0.381209 31 -246 -0.2 0.2 0.769222 0.392839 372 154 552 212 347 270 638 270 447 183 5.7536 397 506 3.1166
12.9317 0.649637 0.381209 31 -246 -0.2 0.2 0.769022 0.393039 373 154 553 212 347 270 638 271 448 181 5.67501 397 506 3.12925
12.9984 0.648609 0.381209 31 -255 -0.2 0.2 0.768822 0.393239 373 154 553 212 347 270 638 271 448 182 5.66051 397 506 3.1166
13.065 0.648609 0.381209 31 -255 -0.2 0.2 0.768622 0.393439 373 154 554 213 347 270 638 271 449 182 5.68944 397 505 3.12909
13.1317 0.648609 0.382495 27 -243 -0.2 0.2 0.768422 0.393639 373 154 554 213 347 269 638 271 448 182 5.67764 397 506 3.1166
13.1984 0.648609 0.382495 27 -243 -0.2 0.2 0.768222 0.393839 374 154 554 213 347 270 639 271 448 182 5.67764 397 506 3.1166
13.265 0.648609 0.382495 27 -243 -0.2 0.2 0.768022 0.394039 374 154 554 213 347 270 639 271 449 182 5.65439 397 506 3.1166
13.3317 0.648095 0.382495 30 -254 -0.2 0.2 0.767822 0.394239 374 154 555 212 347 270 639 271 449 182 5.66294 397 505 3.12894
13.3984 0.648095 0.382495 30 -254 -0.2 0.2 0.767622 0.394439 374 154 555 212 347 270 639 271 449 182 5.66294 397 505 3.12909
13.465 0.648095 0.382495 30 -254 -0.2 0.2 0.767422 0.394639 374 155 555 212 347 270 639 271 449 182 5.66294 397 506 3.1166
13.5317 0.648095 0.382495 26 -252 -0.2 0.2 0.767222 0.394839 374 154 555 212 348 270 640 271 449 182 5.65674 397 505 3.12894
13.5984 0.648095 0.382495 26 -252 -0.2 0.2 0.767022 0.395039 375 154 556 212 348 270 640 272 450 182 5.66051 397 505 3.12909
13.665 0.648095 0.382495 26 -252 -0.2 0.2 0.766822 0.395239 375 154 556 212 348 270 641 272 450 182 5.65674 397 505 3.12909
13.7317 0.647066 0.382752 24 -275 -0.2 0.2 0.766622 0.395439 375 154 556 212 348 270 641 271 450 182 5.64816 397 505 3.12894
13.7984 0.647066 0.382752 24 -275 -0.2 0.2 0.766423 0.395639 375 154 556 212 348 270 641 272 450 182 5.64816 397 506 3.1166
13.865 0.647066 0.382752 24 -275 -0.2 0.2 0.766223 0.395839 375 154 557 212 348 269 641 272 451 182 5.63559 397 506 3.1166
13.9317 0.646295 0.382752 28 -267 -0.2 0.2 0.766023 0.396039 376 155 557 212 348 269 641 272 451 182 5.64595 397 506 3.12925
13.9984 0.646295 0.382752 28 -267 -0.2 0.2 0.765823 0.396239 375 155 557 212 348 269 641 272 451 182 5.63968 397 506 3.11628
14.065 0.646295 0.382752 28 -267 -0.2 0.2 0.765623 0.396439 376 155 558 212 348 270 642 272 451 182 5.61663 397 505 3.12909
14.1317 0.646295 0.385579 26 -232 -0.2 0.2 0.765423 0.396639 376 155 558 212 347 269 642 272 451 182 5.61663 397 506 3.1166
14.1984 0.646295 0.385579 26 -232 -0.2 0.2 0.765223 0.396839 377 155 559 211 348 270 643 272 452 182 5.60684 397 505 3.12909
14.265 0.64501 0.385579 23 -239 -0.2 0.2 0.765023 0.397039 377 155 560 211 347 269 643 272 452 183 5.62305 397 506 3.1166
14.3317 0.64501 0.385579 23 -239 -0.2 0.2 0.764823 0.397239 377 156 560 212 348 269 643 272 453 183 5.62684 397 505 3.12894
14.3984 0.64501 0.385579 23 -239 -0.2 0.2 0.764623 0.397439 377 156 560 212 348 270 643 273 453 182 5.59889 397 505 3.12909
14.465 0.64501 0.38635 45 -226 -0.2 0.2 0.764423 0.397639 377 156 560 212 348 270 643 272 453 182 5.59239 397 505 3.12894
14.5317 0.64501 0.38635 45 -226 -0.2 0.2 0.764223 0.397839 378 156 561 211 347 269 644 273 453 183 5.61179 397 505 3.12894
14.5984 0.64501 0.38635 45 -226 -0.2 0.2 0.764023 0.398039 378 156 561 211 348 269 644 273 454 182 5.57791 397 505 3.12894
14.665 0.643982 0.387122 23 -221 -0.2 0.2 0.763823 0.398239 378 156 562 211 348 270 644 273 454 182 5.59239 397 505 3.12894
14.7317 0.643982 0.387122 23 -221 -0.2 0.2 0.763623 0.398439 378 156 562 211 348 269 645 273 455 183 5.62938 397 505 3.12894
14.7984 0.643982 0.387122 23 -221 -0.2 0.2 0.763423 0.398639 378 156 562 211 348 269 644 273 456 183 5.59379 397 505 3.12894
14.865 0.643211 0.387636 25 -221 -0.2 0.2 0.763223 0.398839 379 156 563 211 348 269 645 273 456 183 5.55832 397 506 3.12925
14.9317 0.643211 0.387636 25 -221 -0.2 0.2 0.763023 0.399039 379 156 563 211 348 269 646 273 456 184 5.55832 397 506 3.1166
14.9984 0.643211 0.387636 25 -221 -0.2 0.2 0.762823 0.399239 379 157 563 211 348 269 646 273 457 184 5.58845 397 506 3.11628
15.065 0.642954 0.38815 24 -231 -0.2 0.2 0.762623 0.399439 379 156 563 211 348 269 646 273 457 182 5.5481 397 505 3.12894
15.1317 0.642954 0.38815 24 -231 -0.2 0.2 0.762423 0.399639 379 157 563 211 348 269 646 273 457 182 5.55569 397 505 3.12894
15.1984 0.642954 0.38815 24 -231 -0.2 0.2 0.762223 0.399839 380 157 564 211 348 269 646 273 457 183 5.60037 397 505 3.12894
15.265 0.642182 0.38815 31 -199 -0.2 0.2 0.762023 0.400039 380 157 564 211 348 269 646 273 457 183 5.60037 397 505 3.12894
15.3317 0.642182 0.38815 31 -199 -0.2 0.2 0.761823 0.400239 380 157 564 211 348 269 646 273 457 183 5.60037 397 505 3.12894
15.3984 0.642182 0.389435 27 -228 -0.2 0.2 0.761623 0.400439 380 157 565 211 348 269 647 273 458 183 5.5481 397 505 3.12894
15.465 0.642182 0.389435 27 -228 -0.2 0.2 0.761423 0.400639 380 157 565 211 348 269 647 273 458 183 5.55654 397 506 3.1166
15.5317 0.642182 0.389435 27 -228 -0.2 0.2 0.761223 0.400839 381 157 565 211 348 269 647 274 459 182 5.51937 397 506 3.12925
15.5984 0.642182 0.389435 27 -228 -0.2 0.2 0.761023 0.401039 381 157 566 211 348 269 648 274 459 183 5.44598 397 505 3.12894
15.6651 0.641154 0.390463 33 -217 -0.2 0.2 0.760823 0.401239 381 157 566 211 348 269 648 274 459 183 5.44598 397 506 3.1166
15.7317 0.641154 0.390463 33 -217 -0.2 0.2 0.760623 0.401439 381 158 566 211 348 269 648 274 459 183 5.44598 397 506 3.1166
15.7984 0.64064 0.391234 26 -214 -0.2 0.2 0.760423 0.401639 381 158 567 211 348 269 648 274 460 183 5.42439 397 505 3.12894
15.865 0.64064 0.391234 26 -214 -0.2 0.2 0.760223 0.401839 382 158 567 211 348 269 648 274 460 183 5.42439 397 505 3.12894
15.9317 0.64064 0.391234 26 -214 -0.2 0.2 0.760023 0.402039 382 158 567 211 348 269 648 274 460 183 5.42439 397 505 3.12894
15.9984 0.640383 0.392006 26 -215 -0.2 0.2 0.759823 0.40224 382 158 567 211 348 269 649 274 460 183 5.42439 397 505 3.12894
16.065 0.640383 0.392006 26 -215 -0.2 0.2 0.759623 0.40244 382 158 568 211 348 269 649 274 460 183 5.42439 397 505 3.12894
16.1317 0.640383 0.392006 26 -215 -0.2 0.2 0.759423 0.40264 382 158 569 210 348 269 649 274 461 183 5.40318 397 505 3.12894
16.1984 0.639355 0.392006 27 -188 -0.2 0.2 0.759223 0.40284 383 158 569 211 349 269 650 275 461 183 5.40318 397 505 3.12894
16.265 0.639355 0.392006 27 -188 -0.2 0.2 0.759023 0.40304 383 158 569 211 348 269 650 275 461 183 5.40318 397 505 3.12894
16.3317 0.639355 0.392006 27 -188 -0.2 0.2 0.758824 0.40324 383 158 570 211 348 269 650 275 462 184 5.39369 397 505 3.12894
16.3984 0.639355 0.393548 35 -205 -0.2 0.2 0.758624 0.40344 383 158 570 211 348 269 650 274 462 183 5.37895 397 505 3.12894
16.465 0.639355 0.393548 35 -205 -0.2 0.2 0.758424 0.40364 384 159 571 211 349 270 651 275 463 184 5.38548 397 506 3.1166
16.5317 0.639355 0.393548 35 -205 -0.2 0.2 0.758224 0.40384 384 159 571 211 348 269 651 275 463 184 5.38068 397 506 3.11628
16.5984 0.638584 0.393805 35 -218 -0.2 0.2 0.758024 0.40404 384 159 571 210 348 269 651 275 463 184 5.38068 397 505 3.12894
16.665 0.638584 0.393805 35 -218 -0.2 0.2 0.757824 0.40424 384 159 571 211 348 269 651 275 463 184 5.38068 397 505 3.12894
16.7317 0.638584 0.393805 35 -218 -0.2 0.2 0.757624 0.40444 384 159 571 211 348 269 651 275 463 184 5.38068 397 505 3.12894
16.7984 0.638584 0.394062 35 -218 -0.2 0.2 0.757424 0.40464 384 159 572 211 349 269 652 275 464 183 5.36226 397 505 3.12894
16.865 0.638584 0.394062 35 -218 -0.2 0.2 0.757224 0.40484 385 159 572 211 349 270 652 275 464 184 5.33506 397 505 3.12894
16.9317 0.637555 0.39509 32 -213 -0.2 0.2 0.757024 0.40504 385 159 572 211 349 270 652 275 464 183 5.3662 397 506 3.11628
16.9984 0.637555 0.39509 32 -213 -0.2 0.2 0.756824 0.40524 385 159 572 210 349 269 652 275 464 183 5.3662 397 505 3.12894
17.065 0.637555 0.39509 32 -213 -0.2 0.2 0.756624 0.40544 385 159 572 210 348 269 652 275 464 183 5.3662 397 505 3.12894
17.1317 0.636527 0.39509 32 -251 -0.2 0.2 0.756424 0.40564 385 159 573 210 349 269 653 276 464 183 5.3662 397 506 3.11628
17.1984 0.636527 0.39509 32 -251 -0.2 0.2 0.756224 0.40584 385 160 573 210 348 269 653 276 466 185 5.37716 397 505 3.12894
17.265 0.636527 0.39509 32 -251 -0.2 0.2 0.756024 0.40604 386 160 574 211 348 269 653 276 466 184 5.35796 397 506 3.11628
17.3317 0.636527 0.396118 27 -215 -0.2 0.2 0.755824 0.40624 386 159 574 211 349 270 653 276 466 184 5.34347 397 506 3.11628
17.3984 0.636527 0.396118 27 -215 -0.2 0.2 0.755624 0.40644 386 159 574 210 349 270 654 276 466 184 5.34347 397 505 3.12894
17.4651 0.636527 0.396118 27 -215 -0.2 0.2 0.755424 0.40664 387 160 575 210 349 270 654 276 467 184 5.33506 397 505 3.12894
17.5317 0.635499 0.396376 34 -217 -0.2 0.2 0.755224 0.40684 387 160 576 210 349 269 655 276 467 184 5.31729 397 505 3.12894
17.5984 0.635499 0.396376 34 -217 -0.2 0.2 0.755024 0.40704 387 160 575 210 349 269 655 276 467 184 5.31729 397 506 3.11628
17.665 0.635499 0.396376 34 -217 -0.2 0.2 0.754824 0.40724 387 160 575 210 349 269 655 276 467 184 5.30039 397 505 3.12894
17.7317 0.635499 0.39689 35 -221 -0.2 0.2 0.754624 0.40744 387 160 576 210 349 269 655 277 468 185 5.33014 397 506 3.11628
17.7986 0.635499 0.39689 35 -221 -0.2 0.2 0.754424 0.40764 387 160 576 210 349 269 655 277 468 185 5.28876 397 506 3.11628
17.865 0.635499 0.39689 35 -221 -0.2 0.2 0.754224 0.40784 387 160 576 210 349 269 655 276 468 185 5.2975 397 506 3.11628
17.9317 0.634728 0.397661 34 -217 -0.2 0.2 0.754024 0.40804 387 161 576 210 349 269 655 277 468 184 5.2918 397 506 3.11628
17.9984 0.634728 0.397661 34 -217 -0.2 0.2 0.753824 0.40824 387 161 576 210 349 269 655 277 468 184 5.2918 397 505 3.12894
18.065 0.634728 0.397661 34 -217 -0.2 0.2 0.753624 0.40844 388 160 578 210 349 269 656 277 469 185 5.2831 397 505 3.12894
18.1317 0.6337 0.397661 32 -228 -0.2 0.2 0.753424 0.40864 388 161 578 210 349 269 656 277 469 185 5.27754 397 505 3.12894
18.1984 0.6337 0.397661 32 -228 -0.2 0.2 0.753224 0.40884 388 160 578 210 349 269 656 277 469 184 5.26879 397 505 3.12894
18.265 0.6337 0.397661 32 -228 -0.2 0.2 0.753024 0.40904 388 160 579 210 349 269 657 277 470 184 5.27754 397 505 3.12894
18.3317 0.6337 0.398946 22 -214 -0.2 0.2 0.752824 0.40924 389 161 579 210 349 269 657 277 470 186 5.27666 397 505 3.12894
18.3985 0.6337 0.398946 22 -214 -0.2 0.2 0.752624 0.40944 389 161 580 210 349 269 657 278 471 185 5.23154 397 505 3.12894
18.4651 0.6337 0.398946 22 -214 -0.2 0.2 0.752424 0.40964 389 161 580 210 349 269 658 278 471 185 5.24046 397 506 3.1166
18.5317 0.632671 0.398946 35 -208 -0.2 0.2 0.752224 0.40984 389 161 580 210 349 269 658 278 471 186 5.27099 397 505 3.12894
18.5984 0.632671 0.398946 35 -208 -0.2 0.2 0.752024 0.41004 390 161 580 210 349 269 658 278 471 186 5.26879 397 505 3.12894
18.665 0.632414 0.399974 35 -208 -0.2 0.2 0.751824 0.41024 390 161 580 210 349 269 658 278 471 185 5.27207 397 505 3.12894
18.7317 0.632414 0.399974 35 -208 -0.2 0.2 0.751624 0.41044 390 161 581 210 349 269 658 278 472 185 5.25643 397 505 3.12894
18.7984 0.632414 0.399974 35 -208 -0.2 0.2 0.751424 0.41064 390 162 581 210 349 269 659 278 472 185 5.25101 397 505 3.12894
18.865 0.631643 0.400488 30 -216 -0.2 0.2 0.751225 0.41084 390 162 582 210 349 269 659 278 472 186 5.23533 397 505 3.12894
18.9317 0.631643 0.400488 30 -216 -0.2 0.2 0.751025 0.41104 390 162 582 210 349 269 659 278 472 186 5.23533 397 505 3.12894
18.9984 0.631643 0.400488 30 -216 -0.2 0.2 0.750825 0.41124 390 162 582 210 349 269 659 278 473 186 5.22146 397 506 3.11628
19.065 0.630872 0.400745 35 -241 -0.2 0.2 0.750625 0.41144 391 162 583 210 349 269 659 278 473 186 5.26337 397 505 3.12894
19.1317 0.630872 0.400745 35 -241 -0.2 0.2 0.750425 0.41164 391 161 583 210 349 269 659 278 474 186 5.22146 397 505 3.12894
19.1984 0.630872 0.400745 35 -241 -0.2 0.2 0.750225 0.41184 391 161 583 210 349 269 660 278 474 186 5.23028 397 505 3.12894
19.265 0.630872 0.401517 -2 -214 -0.2 0.2 0.750025 0.41204 391 162 583 210 349 269 660 278 474 185 5.23401 397 505 3.12894
19.3317 0.630872 0.401517 -2 -214 -0.2 0.2 0.749825 0.41224 391 162 584 210 350 269 660 278 474 187 5.2134 397 505 3.12894
19.3984 0.630872 0.401517 -2 -214 -0.2 0.2 0.749625 0.41244 392 162 584 210 350 268 661 279 475 186 5.22763 397 505 3.12894
19.465 0.629587 0.401517 34 -201 -0.2 0.2 0.749425 0.41264 392 162 584 210 350 268 661 279 475 187 5.20843 397 506 3.1166
19.5317 0.629587 0.401517 34 -201 -0.2 0.2 0.749225 0.41284 392 162 585 210 350 269 661 279 475 186 5.19929 397 505 3.12894
19.5984 0.629587 0.401517 34 -201 -0.2 0.2 0.749025 0.41304 393 162 585 210 350 269 661 279 476 186 5.20843 397 505 3.12894
19.6651 0.62933 0.402545 34 -209 -0.2 0.2 0.748825 0.41324 393 162 586 210 350 269 661 279 476 186 5.17153 397 506 3.11628
19.7317 0.62933 0.402545 34 -209 -0.2 0.2 0.748625 0.41344 393 162 586 210 350 269 662 279 477 187 5.20355 397 505 3.12894
19.7984 0.62933 0.402545 34 -209 -0.2 0.2 0.748425 0.41364 393 163 586 210 350 269 662 279 477 186 5.20843 397 506 3.11628
19.8651 0.628816 0.403316 33 -221 -0.2 0.2 0.748225 0.41384 393 163 586 210 350 269 662 279 477 186 5.20355 397 505 3.12894
19.9317 0.628816 0.403316 33 -221 -0.2 0.2 0.748025 0.41404 394 163 586 210 350 269 662 279 477 186 5.21255 397 505 3.12894
19.9984 0.628816 0.403316 33 -221 -0.2 0.2 0.747825 0.41424 394 163 587 210 350 269 663 279 478 187 5.20355 397 505 3.12894
20.065 0.628044 0.403316 34 -239 -0.2 0.2 0.747625 0.41444 394 163 587 210 350 269 663 279 478 186 5.20355 397 505 3.12894
20.1317 0.628044 0.403316 34 -239 -0.2 0.2 0.747425 0.41464 394 163 587 210 350 269 663 280 478 187 5.16669 397 506 3.11628
20.1984 0.628044 0.404344 22 -221 -0.2 0.2 0.747225 0.41484 394 163 588 210 350 269 663 280 478 187 5.18073 397 505 3.12894
20.265 0.628044 0.404344 22 -221 -0.2 0.2 0.747025 0.41504 394 163 588 210 350 269 663 280 478 186 5.15331 397 505 3.12894
20.3317 0.628044 0.404344 22 -221 -0.2 0.2 0.746825 0.41524 395 163 589 210 351 269 664 280 479 187 5.14839 397 505 3.12894
20.3984 0.628044 0.404344 22 -221 -0.2 0.2 0.746625 0.41544 395 163 589 210 351 269 664 280 479 187 5.14839 397 505 3.12894
20.465 0.627273 0.404344 34 -214 -0.2 0.2 0.746425 0.41564 395 163 589 210 351 269 664 280 480 186 5.15331 397 505 3.12894
20.5317 0.627273 0.404344 34 -214 -0.2 0.2 0.746225 0.41584 396 164 589 210 351 269 664 280 480 187 5.13381 397 505 3.12894
20.5984 0.627273 0.404344 34 -214 -0.2 0.2 0.746025 0.41604 396 163 590 210 351 269 665 281 481 187 5.1119 397 505 3.12894
20.665 0.626245 0.405629 31 -228 -0.2 0.2 0.745825 0.41624 396 164 590 210 351 268 665 281 481 187 5.1119 397 505 3.12894
20.7317 0.626245 0.405629 31 -228 -0.2 0.2 0.745625 0.41644 396 163 590 210 351 269 665 281 481 187 5.10796 397 505 3.12894
20.7984 0.626245 0.405629 31 -228 -0.2 0.2 0.745425 0.41664 396 163 590 210 351 269 665 281 481 187 5.1119 397 505 3.12894
20.865 0.626245 0.405887 -2 -226 -0.2 0.2 0.745225 0.41684 396 164 590 210 351 269 665 281 481 187 5.10796 397 505 3.12894
20.9317 0.626245 0.405887 -2 -226 -0.2 0.2 0.745025 0.41704 397 164 591 210 351 268 666 281 482 187 5.1119 397 506 3.11628
20.9984 0.625217 0.405887 34 -214 -0.2 0.2 0.744825 0.41724 397 164 592 210 351 268 666 281 482 187 5.09857 397 505 3.12894
21.065 0.625217 0.405887 34 -214 -0.2 0.2 0.744625 0.41744 397 164 592 210 351 269 666 282 482 187 5.09477 397 505 3.12894
21.1317 0.625217 0.405887 34 -214 -0.2 0.2 0.744425 0.41764 397 164 592 210 351 268 667 282 483 188 5.13381 397 505 3.12894
21.1984 0.625217 0.406915 24 -213 -0.2 0.2 0.744225 0.41784 397 164 593 210 351 268 666 281 483 187 5.1119 397 505 3.12894
21.265 0.625217 0.406915 24 -213 -0.2 0.2 0.744025 0.41804 398 164 593 210 351 268 667 282 484 188 5.09676 397 506 3.11628
21.3317 0.625217 0.406915 24 -213 -0.2 0.2 0.743825 0.41824 398 164 594 210 351 268 667 282 484 188 5.1145 397 506 3.11628
21.3984 0.624446 0.407686 28 -220 -0.2 0.2 0.743626 0.41844 398 164 594 210 352 268 667 282 484 188 5.1145 397 506 3.11628
21.465 0.624446 0.407686 28 -220 -0.2 0.2 0.743426 0.41864 398 164 594 210 352 268 667 282 484 188 5.06995 397 506 3.11628
21.5317 0.624446 0.407686 28 -220 -0.2 0.2 0.743226 0.41884 398 165 594 210 352 268 668 282 485 188 5.09676 397 505 3.12894
21.5984 0.623417 0.407686 33 -223 -0.2 0.2 0.743026 0.41904 399 165 595 210 352 269 668 282 486 188 5.09676 397 505 3.12894
21.665 0.623417 0.407686 33 -223 -0.2 0.2 0.742826 0.41924 399 165 595 210 352 268 668 282 485 188 5.07956 397 505 3.12894
21.7317 0.623417 0.407686 33 -223 -0.2 0.2 0.742626 0.41944 399 165 596 210 352 268 668 282 486 188 5.0929 397 505 3.12894
21.7984 0.623417 0.408714 -2 -222 -0.2 0.2 0.742426 0.41964 399 165 596 210 351 268 668 283 486 189 5.06383 397 505 3.12894
21.865 0.623417 0.408714 -2 -222 -0.2 0.2 0.742226 0.41984 400 165 596 210 352 268 669 283 486 189 5.07116 397 505 3.12894
21.9317 0.623417 0.408714 -2 -222 -0.2 0.2 0.742026 0.42004 400 165 597 210 352 268 669 283 487 188 5.03414 397 506 3.11628
21.9984 0.622646 0.408714 33 -212 -0.2 0.2 0.741826 0.42024 400 165 597 210 352 268 670 283 487 188 5.04379 397 506 3.11628
22.065 0.622646 0.408714 33 -212 -0.2 0.2 0.741626 0.42044 401 165 597 210 352 268 670 283 488 189 5.054 397 505 3.12894
22.1317 0.622646 0.408714 33 -212 -0.2 0.2 0.741426 0.42064 401 165 597 210 352 268 670 283 488 189 5.06028 397 505 3.12894
22.1984 0.622389 0.409999 28 -214 -0.2 0.2 0.741226 0.42084 401 165 598 210 352 268 671 284 489 189 5.06383 397 505 3.12894
22.265 0.622389 0.409999 28 -214 -0.2 0.2 0.741026 0.42104 402 166 598 210 352 268 671 284 489 189 5.06383 397 505 3.12894
22.3372 0.622389 0.409999 28 -214 -0.2 0.2 0.740826 0.42124 402 166 598 210 352 268 671 284 489 188 4.9893 397 505 3.12894
22.3984 0.621361 0.411285 28 -208 -0.2 0.2 0.740626 0.42144 401 166 599 211 353 268 671 284 489 189 5.01164 397 506 3.11628
22.465 0.621361 0.411285 28 -208 -0.2 0.2 0.740426 0.42164 402 166 599 211 353 268 671 284 490 190 5.06028 397 505 3.12894
22.5317 0.620333 0.411285 32 -223 -0.2 0.2 0.740226 0.42184 403 166 600 211 353 268 672 284 490 190 5.06028 397 505 3.12894
22.5984 0.620333 0.411285 32 -223 -0.2 0.2 0.740026 0.42204 403 166 601 210 353 268 672 284 491 190 4.96715 397 506 3.11628
22.665 0.620333 0.411285 32 -223 -0.2 0.2 0.739826 0.42224 403 166 601 210 353 268 673 285 491 189 4.98224 397 505 3.12894
22.7317 0.620333 0.41257 21 -203 -0.2 0.2 0.739626 0.42244 403 166 601 211 353 268 673 285 491 189 4.94992 397 506 3.1166
22.7984 0.620333 0.41257 21 -203 -0.2 0.2 0.739426 0.42264 403 167 601 211 353 268 673 285 491 189 4.94992 397 505 3.12894
22.865 0.620333 0.41257 21 -203 -0.2 0.2 0.739226 0.42284 403 167 602 211 353 268 673 285 492 190 4.94992 397 506 3.11628
22.9317 0.619819 0.41257 24 -188 -0.2 0.2 0.739026 0.42304 404 167 602 211 353 268 673 285 493 191 4.97772 397 505 3.12894
22.9984 0.619819 0.41257 24 -188 -0.2 0.2 0.738826 0.42324 404 167 603 211 353 268 673 285 493 191 4.96494 397 506 3.11628
23.065 0.619819 0.41257 24 -188 -0.2 0.2 0.738626 0.42344 404 167 603 211 353 268 674 285 493 190 4.93542 397 505 3.12894
23.1317 0.619562 0.413598 30 -193 -0.2 0.2 0.738426 0.42364 404 167 603 211 353 268 674 285 493 191 4.93542 397 505 3.12894
23.1984 0.619562 0.413598 30 -193 -0.2 0.2 0.738226 0.42384 405 168 604 211 353 268 675 285 494 191 4.96237 397 505 3.12894
23.265 0.619562 0.413598 30 -193 -0.2 0.2 0.738026 0.42404 405 167 604 211 353 268 675 285 494 190 4.92994 397 505 3.12894
23.3317 0.618533 0.414626 33 -190 -0.2 0.2 0.737826 0.42424 405 168 605 211 353 268 675 286 495 191 4.94229 397 505 3.12894
23.3984 0.618533 0.414626 33 -190 -0.2 0.2 0.737626 0.42444 405 168 605 211 353 268 675 286 494 191 4.92775 397 505 3.12894
23.4651 0.618533 0.414626 33 -190 -0.2 0.2 0.737426 0.42464 405 168 606 211 353 268 675 286 494 191 4.92775 397 505 3.12894
23.5317 0.617505 0.414883 24 -196 -0.2 0.2 0.737226 0.42484 406 168 606 211 353 268 676 286 496 191 4.90978 397 505 3.12894
23.5984 0.617505 0.414883 24 -196 -0.2 0.2 0.737026 0.42504 406 169 606 211 353 268 676 286 495 191 4.90978 397 505 3.12894
23.665 0.617505 0.414883 24 -196 -0.2 0.2 0.736826 0.42524 406 168 606 211 353 268 676 286 496 192 4.92775 397 505 3.12894
23.7317 0.617762 0.415397 -2 -203 -0.2 0.2 0.736626 0.42544 406 168 607 211 353 268 676 286 497 192 4.92422 397 505 3.12894
23.7984 0.617762 0.415397 -2 -203 -0.2 0.2 0.736426 0.42564 406 168 607 211 354 268 677 286 498 192 4.92422 397 505 3.12894
23.865 0.617762 0.415397 -2 -203 -0.2 0.2 0.736226 0.42584 406 168 607 211 354 268 677 287 498 192 4.90159 398 505 3.14159
23.9317 0.616477 0.415397 30 -197 -0.2 0.2 0.736027 0.42604 406 168 607 211 354 268 677 287 498 192 4.90978 397 505 3.12894
23.9984 0.616477 0.415397 30 -197 -0.2 0.2 0.735827 0.42624 407 169 608 211 354 268 677 287 499 193 4.89774 397 505 3.12894
24.065 0.616477 0.415397 30 -197 -0.2 0.2 0.735627 0.42644 407 169 608 211 354 268 677 287 498 192 4.88415 397 505 3.12894
24.1317 0.616477 0.416683 29 -197 -0.2 0.2 0.735427 0.42664 408 169 610 211 354 267 678 287 499 192 4.87587 397 505 3.12894
24.1984 0.616477 0.416683 29 -197 -0.2 0.2 0.735227 0.42684 408 169 610 211 355 268 678 287 500 192 4.89774 397 505 3.12894
24.265 0.615449 0.417454 32 -195 -0.2 0.2 0.735027 0.42704 409 169 610 211 355 268 678 287 500 192 4.89774 397 506 3.11628
24.3317 0.615449 0.417454 32 -195 -0.2 0.2 0.734827 0.42724 409 169 611 211 355 267 678 288 500 192 4.84562 397 506 3.11628
24.3984 0.615449 0.417454 32 -195 -0.2 0.2 0.734627 0.42744 409 169 611 211 355 267 679 288 500 192 4.84562 397 505 3.12894
24.465 0.614678 0.417454 32 -194 -0.2 0.2 0.734427 0.42764 409 169 611 211 355 267 679 288 502 194 4.8572 397 505 3.12894
24.5317 0.614678 0.417454 32 -194 -0.2 0.2 0.734227 0.42784 410 169 612 211 355 267 679 288 502 193 4.88946 397 505 3.12894
24.5984 0.614678 0.417454 32 -194 -0.2 0.2 0.734027 0.42804 410 169 612 211 355 267 679 288 501 192 4.86427 397 506 3.11628
24.665 0.614678 0.418225 27 -202 -0.2 0.2 0.733827 0.42824 410 169 612 211 355 267 679 288 501 192 4.85573 397 505 3.12894
24.7317 0.614678 0.418225 27 -202 -0.2 0.2 0.733627 0.42844 410 170 611 211 355 267 679 288 501 192 4.85573 397 505 3.12894
24.7984 0.614678 0.418225 27 -202 -0.2 0.2 0.733427 0.42864 410 170 612 212 355 267 680 289 503 193 4.82417 397 505 3.12894
24.865 0.613392 0.418225 29 -171 -0.2 0.2 0.733227 0.42884 410 170 613 212 356 267 681 289 503 193 4.84839 397 506 3.11628
24.9317 0.613392 0.418225 29 -171 -0.2 0.2 0.733027 0.42904 411 170 613 212 356 267 681 289 503 193 4.84839 397 505 3.12894
24.9984 0.613392 0.418225 29 -171 -0.2 0.2 0.732827 0.42924 412 170 614 212 356 267 681 289 505 194 4.85429 397 506 3.11628
25.065 0.613392 0.41951 31 -186 -0.2 0.2 0.732627 0.42944 412 170 614 212 356 267 681 289 504 193 4.84562 397 505 3.12894
