18.5974 0.642954 0.350877 174 -218 -0.2 0.2 0.769706 0.360496 326 154 512 198 327 275 601 264 402 170 2.19582 397 504 3.12894
18.6641 0.642954 0.350877 174 -218 -0.2 0.2 0.769506 0.360696 326 154 512 198 327 275 601 263 402 170 2.18986 397 505 3.11596
18.7308 0.642954 0.350877 174 -218 -0.2 0.2 0.769306 0.360896 326 154 512 199 327 274 601 264 402 170 2.19582 397 504 3.12894
18.7975 0.642954 0.350877 174 -218 -0.2 0.2 0.769106 0.361096 326 154 512 199 327 275 601 264 402 170 2.19582 397 504 3.12894
18.8642 0.642954 0.350877 174 -218 -0.2 0.2 0.768906 0.361296 326 154 512 198 327 275 601 263 402 170 2.18986 397 504 3.12894
18.9308 0.642954 0.350877 174 -218 -0.2 0.2 0.768706 0.361496 326 154 512 199 327 275 601 263 402 169 2.1757 397 505 3.11596
18.9975 0.642954 0.350877 174 -218 -0.2 0.2 0.768506 0.361696 326 154 512 198 327 275 601 264 402 170 2.19582 397 505 3.11596
19.0642 0.642954 0.350877 174 -218 -0.2 0.2 0.768306 0.361896 326 154 512 198 327 275 601 264 402 170 2.19582 397 504 3.12894
19.1308 0.642954 0.350877 148 -218 -0.2 0.2 0.768106 0.362096 326 154 512 198 327 275 601 264 402 170 2.18986 397 504 3.12894
19.1975 0.642954 0.350877 148 -218 -0.2 0.2 0.767906 0.362296 326 154 512 198 327 275 601 263 402 170 2.19582 397 504 3.12894
19.2641 0.642954 0.350877 148 -218 -0.2 0.2 0.767706 0.362496 326 154 512 198 327 274 601 263 402 170 2.19582 397 505 3.11596
19.3308 0.642954 0.351905 148 -213 -0.2 0.2 0.767506 0.362696 326 154 512 199 327 275 601 263 402 170 2.18986 397 505 3.10315
19.3975 0.642954 0.351905 148 -213 -0.2 0.2 0.767306 0.362896 326 154 512 198 327 275 601 264 402 170 2.19582 397 505 3.11628
19.4642 0.642954 0.351905 148 -213 -0.2 0.2 0.767106 0.363096 326 154 512 198 327 275 601 264 402 170 2.18986 397 505 3.10315
19.5308 0.642954 0.351905 128 -233 -0.2 0.2 0.766906 0.363296 326 154 512 198 327 275 601 264 402 170 2.19582 397 505 3.10315
19.5975 0.642954 0.351905 128 -233 -0.2 0.2 0.766706 0.363496 326 154 512 199 327 275 601 263 402 170 2.19582 397 505 3.11596
19.6641 0.642954 0.351905 128 -233 -0.2 0.2 0.766506 0.363696 326 154 512 199 327 275 601 263 402 170 2.19582 397 505 3.10315
19.7308 0.642954 0.351905 100 -234 0.2 0.2 0.766706 0.363896 326 154 512 199 327 275 601 264 402 170 2.19582 397 505 3.11562
19.7975 0.642954 0.351905 100 -234 0.2 0.2 0.766906 0.364096 326 154 512 198 327 275 601 264 402 170 2.19582 397 505 3.11596
19.8642 0.642954 0.351905 100 -234 0.2 0.2 0.767106 0.364296 326 154 512 198 327 275 601 264 402 170 2.19582 397 505 3.10315
19.9308 0.642954 0.352677 100 -236 0.2 0.2 0.767306 0.364496 326 154 512 198 327 275 601 264 402 170 2.18744 397 505 3.11596
19.9975 0.642954 0.352677 100 -236 0.2 0.2 0.767506 0.364696 326 154 512 199 327 275 601 264 402 170 2.18152 397 505 3.10315
20.0642 0.642954 0.352677 100 -236 0.2 0.2 0.767706 0.364896 326 154 512 199 327 275 601 263 402 170 2.18152 397 505 3.18105
20.1308 0.642954 0.352934 94 -236 0.2 0.2 0.767906 0.365096 326 154 512 199 327 275 601 263 402 170 2.18152 397 505 3.11562
20.1975 0.642954 0.352934 94 -236 0.2 0.2 0.768106 0.365296 326 154 512 199 327 275 601 263 402 170 2.18152 397 505 3.11596
20.2642 0.642954 0.352934 94 -236 0.2 0.2 0.768306 0.365496 326 154 512 199 327 275 601 263 402 170 2.18152 397 505 3.11562
20.3308 0.642954 0.353448 94 -242 0.2 0.2 0.768506 0.365696 326 154 512 199 327 275 601 264 402 170 2.18152 397 505 3.10315
20.3975 0.642954 0.353448 94 -242 0.2 0.2 0.768706 0.365896 326 154 512 199 327 275 601 263 402 170 2.18152 397 505 3.11596
20.4641 0.642954 0.353448 115 -258 0.2 0.2 0.768906 0.366096 326 154 512 199 327 275 601 264 402 170 2.18152 397 505 3.11596
20.5308 0.642954 0.353448 115 -258 0.2 0.2 0.769106 0.366296 326 154 512 199 327 275 601 264 402 170 2.18986 397 505 3.10315
20.5975 0.642954 0.353448 115 -258 0.2 0.2 0.769306 0.366496 326 154 512 199 327 275 601 264 402 170 2.18152 397 505 3.10315
20.6641 0.642954 0.353448 142 -258 0.2 0.2 0.769506 0.366696 326 154 512 199 327 275 601 264 402 169 2.18744 397 505 3.10315
20.7308 0.642954 0.353448 142 -258 0.2 0.2 0.769706 0.366896 326 154 512 199 327 275 602 264 402 170 2.18152 397 505 3.11596
20.7974 0.642954 0.353448 142 -258 0.2 0.2 0.769906 0.367096 326 154 512 199 327 275 602 264 402 169 2.18744 397 505 3.11596
20.8641 0.642954 0.354733 142 -241 0.2 0.2 0.770106 0.367296 326 154 512 199 327 275 601 264 402 169 2.18744 397 505 3.10315
20.9308 0.642954 0.354733 142 -241 0.2 0.2 0.770306 0.367496 326 154 512 199 326 275 602 264 403 169 2.18744 397 505 3.10315
20.9974 0.642954 0.354733 142 -241 0.2 0.2 0.770505 0.367696 327 154 513 198 326 275 602 264 403 168 2.20582 397 505 3.11596
21.0641 0.642954 0.355247 169 -240 0.2 0.2 0.770705 0.367896 327 154 513 198 326 275 602 263 403 168 2.20582 397 505 3.10315
21.1308 0.642954 0.355247 169 -240 0.2 0.2 0.770905 0.368096 327 154 513 198 327 275 602 263 403 168 2.20582 397 505 3.10315
21.1974 0.642954 0.355247 169 -240 0.2 0.2 0.771105 0.368296 327 154 513 198 327 275 602 264 403 170 2.1588 397 505 3.12894
21.2641 0.642954 0.355247 169 -262 0.2 0.2 0.771305 0.368496 327 154 513 198 327 275 602 264 403 170 2.16161 397 505 3.10315
21.3308 0.642954 0.355247 169 -262 0.2 0.2 0.771505 0.368696 327 154 513 198 327 275 602 263 403 170 2.16161 397 505 3.11596
21.3974 0.642954 0.355247 169 -262 0.2 0.2 0.771705 0.368896 327 155 513 198 326 275 602 264 403 170 2.16161 397 505 3.10315
21.4641 0.643982 0.355247 169 -237 0.2 0.2 0.771905 0.369096 327 154 513 199 326 275 602 264 403 170 2.17308 397 505 3.10315
21.5308 0.643982 0.355247 169 -237 0.2 0.2 0.772105 0.369296 327 155 513 199 326 275 602 264 403 170 2.1502 397 505 3.12894
21.5974 0.643982 0.355247 169 -237 0.2 0.2 0.772305 0.369496 327 155 513 199 326 275 602 264 403 170 2.16455 397 505 3.11628
21.6641 0.643982 0.357046 194 -246 0.2 0.2 0.772505 0.369696 327 155 513 199 326 275 602 264 403 170 2.1757 397 505 3.12894
21.7308 0.643982 0.357046 194 -246 0.2 0.2 0.772705 0.369896 327 155 513 199 326 275 602 264 403 171 2.1673 397 505 3.11596
21.7975 0.643982 0.357046 194 -246 0.2 0.2 0.772905 0.370096 327 155 513 199 326 275 603 264 403 170 2.1757 397 505 3.12894
21.8642 0.643982 0.357561 192 -257 0.2 0.2 0.773105 0.370296 327 155 514 199 326 275 603 264 403 170 2.18152 397 505 3.12894
21.9308 0.643982 0.357561 192 -257 0.2 0.2 0.773305 0.370496 327 155 514 199 326 275 603 264 403 170 2.18744 397 505 3.12894
21.9975 0.643982 0.357561 192 -257 0.2 0.2 0.773505 0.370696 327 155 514 199 326 275 602 264 404 170 2.18744 397 505 3.10315
22.0642 0.644753 0.357561 179 -257 0.2 0.2 0.773705 0.370896 327 155 513 200 326 275 603 264 403 171 2.18744 397 505 3.11596
22.1308 0.644753 0.357561 179 -257 0.2 0.2 0.773905 0.371096 327 155 513 200 326 275 603 264 403 171 2.20188 397 505 3.12894
22.1975 0.645524 0.358589 177 -257 0.2 0.2 0.774105 0.371296 328 155 514 200 326 275 603 264 403 171 2.2143 397 505 3.11628
22.2642 0.645524 0.358589 177 -257 0.2 0.2 0.774305 0.371496 328 155 514 200 326 275 603 264 403 171 2.2143 397 505 3.10315
22.3308 0.645524 0.358589 177 -257 0.2 0.2 0.774505 0.371696 328 155 514 200 326 275 603 264 403 171 2.2143 397 505 3.10315
22.3975 0.646038 0.358589 188 -279 0.2 0.2 0.774705 0.371896 328 155 514 200 326 275 603 264 403 171 2.2143 397 505 3.10315
22.4641 0.646038 0.358589 188 -279 0.2 0.2 0.774905 0.372096 328 155 514 200 326 275 603 264 403 171 2.2143 397 505 3.12877
22.5308 0.646038 0.358589 188 -279 0.2 0.2 0.775105 0.372296 328 155 514 200 326 275 604 264 404 173 2.21018 397 505 3.11596
22.5975 0.646038 0.358589 188 -279 0.2 0.2 0.775305 0.372496 329 155 514 201 326 275 604 264 404 172 2.19582 397 505 3.11596
22.6642 0.646038 0.358589 188 -279 0.2 0.2 0.775505 0.372696 329 155 514 201 326 275 604 264 405 173 2.21018 397 505 3.10315
22.7308 0.646038 0.358589 188 -279 -0.2 0.2 0.775305 0.372896 329 155 514 201 326 275 604 264 404 174 2.21839 397 505 3.14159
22.7975 0.646038 0.358589 179 -263 -0.2 0.2 0.775105 0.373096 329 155 514 201 326 275 604 264 404 173 2.22461 397 505 3.11596
22.8642 0.646038 0.358589 179 -263 -0.2 0.2 0.774905 0.373296 329 155 514 201 326 275 605 264 405 172 2.26415 397 505 3.10315
22.9308 0.646038 0.358589 179 -263 -0.2 0.2 0.774705 0.373496 330 155 514 202 326 275 605 264 405 172 2.26415 397 505 3.10315
22.9975 0.648095 0.360131 167 -263 -0.2 0.2 0.774505 0.373696 330 155 515 202 327 275 604 264 405 172 2.26415 397 505 3.10411
23.0642 0.648095 0.360131 167 -263 -0.2 0.2 0.774305 0.373896 330 155 514 203 327 275 604 264 405 172 2.26415 397 505 3.12894
23.1309 0.648095 0.360131 167 -263 -0.2 0.2 0.774105 0.374096 330 155 514 203 327 275 605 264 405 172 2.26415 397 505 3.12877
23.1975 0.648352 0.360131 169 -279 -0.2 0.2 0.773905 0.374296 330 155 515 203 327 275 605 264 405 172 2.26415 397 505 3.10315
23.2642 0.648352 0.360131 169 -279 -0.2 0.2 0.773705 0.374496 330 155 515 203 327 275 605 264 405 172 2.26415 397 505 3.11596
23.3308 0.648352 0.360131 169 -279 -0.2 0.2 0.773505 0.374696 331 155 515 203 327 275 605 264 405 175 2.24077 397 505 3.11628
23.3975 0.648352 0.360131 147 -244 -0.2 0.2 0.773305 0.374896 330 155 515 203 327 275 605 264 405 175 2.24714 397 505 3.12894
23.4642 0.648352 0.360131 147 -244 -0.2 0.2 0.773105 0.375096 331 155 515 203 327 275 605 264 405 175 2.24714 397 505 3.12894
23.5308 0.648352 0.360131 147 -244 -0.2 0.2 0.772905 0.375296 331 155 516 203 327 275 606 264 405 175 2.24714 397 505 3.10315
23.5975 0.648352 0.36193 128 -268 -0.2 0.2 0.772705 0.375496 331 155 516 203 327 275 606 264 407 176 2.23909 397 505 3.10315
23.6642 0.648352 0.36193 128 -268 -0.2 0.2 0.772505 0.375696 332 155 516 203 327 275 606 264 407 175 2.24554 397 505 3.11628
23.7308 0.648352 0.36193 127 -284 -0.2 0.2 0.772305 0.375896 332 155 516 203 327 275 606 264 407 175 2.24554 397 505 3.11628
23.7975 0.648352 0.36193 127 -284 -0.2 0.2 0.772105 0.376096 332 155 516 203 327 275 606 264 407 175 2.24554 397 505 3.11628
23.8642 0.648352 0.36193 127 -284 -0.2 0.2 0.771905 0.376296 332 155 516 203 327 275 606 264 407 175 2.24554 397 505 3.11596
23.9308 0.648352 0.36193 100 -284 -0.2 0.2 0.771705 0.376496 332 155 516 203 327 275 606 264 407 175 2.24554 397 505 3.10315
23.9975 0.648352 0.36193 100 -284 -0.2 0.2 0.771505 0.376696 332 155 517 204 327 275 606 264 407 175 2.24554 397 505 3.11628
24.0641 0.648352 0.36193 100 -284 -0.2 0.2 0.771305 0.376896 332 155 517 204 327 275 607 264 407 177 2.23909 397 505 3.12894
24.1308 0.648352 0.364501 101 -252 -0.2 0.2 0.771105 0.377096 333 155 517 203 327 275 607 264 407 177 2.23909 397 505 3.10315
24.1975 0.648352 0.364501 101 -252 -0.2 0.2 0.770905 0.377296 333 155 517 203 327 275 607 264 407 177 2.23909 397 505 3.11628
24.2641 0.648352 0.364501 101 -252 -0.2 0.2 0.770705 0.377496 333 155 518 204 327 275 608 264 407 177 2.23909 397 505 3.11596
24.3308 0.648352 0.364501 80 -236 -0.2 0.2 0.770505 0.377696 334 156 518 204 327 275 608 264 409 177 2.23274 397 505 3.11628
24.3975 0.648352 0.364501 80 -236 -0.2 0.2 0.770306 0.377896 334 156 518 204 327 275 608 264 408 176 2.26019 397 505 3.14159
24.4642 0.648352 0.364501 80 -236 -0.2 0.2 0.770106 0.378096 334 156 519 204 327 275 608 264 408 176 2.26019 397 505 3.12894
24.5308 0.648352 0.365786 55 -248 -0.2 0.2 0.769906 0.378296 334 156 519 204 327 275 609 264 408 176 2.26019 397 505 3.11628
24.5975 0.648352 0.365786 55 -248 -0.2 0.2 0.769706 0.378496 334 156 519 204 327 275 609 264 409 177 2.23274 397 505 3.11596
24.6641 0.648352 0.365786 55 -248 -0.2 0.2 0.769506 0.378696 335 156 519 204 327 275 609 265 409 177 2.22461 397 505 3.11628
24.7308 0.648352 0.365786 55 -267 -0.2 0.2 0.769306 0.378896 335 156 519 204 327 275 609 264 409 177 2.23093 397 505 3.10315
24.7975 0.648352 0.365786 55 -267 -0.2 0.2 0.769106 0.379096 335 156 519 204 327 275 609 264 409 177 2.23093 397 505 3.11596
24.8642 0.648352 0.365786 55 -267 0.2 0.2 0.769306 0.379296 335 156 519 204 327 275 609 264 409 177 2.23093 397 505 3.11628
24.9308 0.648095 0.365786 42 -266 0.2 0.2 0.769506 0.379496 335 156 520 204 327 275 609 264 409 177 2.23093 397 505 3.11628
24.9975 0.648095 0.365786 42 -266 0.2 0.2 0.769706 0.379696 335 156 520 204 327 275 609 264 409 177 2.23093 397 505 3.12894
25.0642 0.648095 0.365786 42 -266 0.2 0.2 0.769906 0.379896 335 156 520 204 327 275 609 265 410 178 2.21839 397 505 3.12894
25.1308 0.648095 0.367329 43 -255 0.2 0.2 0.770106 0.380096 336 156 520 204 327 275 610 265 411 177 2.21637 397 505 3.10315
25.1975 0.648095 0.367329 43 -255 0.2 0.2 0.770306 0.380296 336 156 520 204 327 275 610 265 411 176 2.25728 397 505 3.10315
25.2642 0.647581 0.367329 40 -271 0.2 0.2 0.770505 0.380496 336 156 521 204 327 275 610 265 411 176 2.25728 397 505 3.11596
25.3308 0.647581 0.367329 40 -271 0.2 0.2 0.770705 0.380696 336 156 521 204 327 275 610 265 411 178 2.22649 397 505 3.10315
25.3975 0.647581 0.367329 40 -271 0.2 0.2 0.770905 0.380896 336 156 521 204 327 275 611 265 411 178 2.22035 397 505 3.11628
25.4642 0.647581 0.367329 64 -271 0.2 0.2 0.771105 0.381096 337 156 521 204 327 275 610 264 411 178 2.20803 397 505 3.10315
25.5308 0.647581 0.367329 64 -271 0.2 0.2 0.771305 0.381296 337 156 521 204 327 275 611 265 411 178 2.22461 397 505 3.10315
25.5975 0.647581 0.367329 64 -271 0.2 0.2 0.771505 0.381496 337 156 521 204 327 275 611 265 411 178 2.2143 397 505 3.12894
25.6642 0.647581 0.368871 66 -236 0.2 0.2 0.771705 0.381696 337 156 521 204 327 275 611 265 411 178 2.21637 397 505 3.12894
25.7309 0.647581 0.368871 66 -236 0.2 0.2 0.771905 0.381896 337 157 522 204 327 275 611 265 411 178 2.21637 397 505 3.12894
25.7975 0.647581 0.368871 66 -236 0.2 0.2 0.772105 0.382096 337 157 522 204 327 275 611 265 412 179 2.20188 397 505 3.11628
25.8642 0.647323 0.369642 90 -242 0.2 0.2 0.772305 0.382296 337 157 523 204 327 275 612 265 412 178 2.20188 397 505 3.11596
25.9309 0.647323 0.369642 90 -242 0.2 0.2 0.772505 0.382496 337 157 523 204 327 275 612 265 413 178 2.22267 397 505 3.10315
25.9975 0.647323 0.369642 90 -242 0.2 0.2 0.772705 0.382696 338 156 523 204 327 275 612 265 413 178 2.22267 397 505 3.11596
26.0642 0.647323 0.369899 91 -255 0.2 0.2 0.772905 0.382896 338 157 523 204 327 275 612 265 413 179 2.18152 397 505 3.10315
26.1308 0.647323 0.369899 91 -255 0.2 0.2 0.773105 0.383096 338 157 523 204 327 275 612 265 413 179 2.19582 397 505 3.11596
26.1975 0.647323 0.369899 91 -255 0.2 0.2 0.773305 0.383296 338 157 523 204 327 275 612 265 413 179 2.19582 397 505 3.11562
26.2641 0.647323 0.369899 120 -222 0.2 0.2 0.773505 0.383496 338 157 523 204 327 275 612 265 413 179 2.19347 397 505 3.11628
26.3308 0.647323 0.369899 120 -222 0.2 0.2 0.773705 0.383696 338 157 524 204 327 275 613 265 413 179 2.2143 397 505 3.10315
26.3975 0.647323 0.369899 120 -222 0.2 0.2 0.773905 0.383896 339 157 524 204 327 275 613 265 413 179 2.2143 397 505 3.11596
26.4642 0.647323 0.371184 142 -249 0.2 0.2 0.774105 0.384096 339 157 524 204 327 275 613 265 414 179 2.1757 397 505 3.11628
26.5308 0.647323 0.371184 142 -249 0.2 0.2 0.774305 0.384296 339 157 524 204 327 275 613 265 414 180 2.18986 397 505 3.10315
26.5975 0.647323 0.371184 142 -249 0.2 0.2 0.774505 0.384496 339 157 524 204 327 275 613 265 414 180 2.19582 397 505 3.12894
26.6641 0.647581 0.372213 141 -243 0.2 0.2 0.774705 0.384696 340 157 524 204 327 275 614 265 414 179 2.20803 397 505 3.11628
26.7308 0.647581 0.372213 141 -243 0.2 0.2 0.774905 0.384896 340 157 524 204 327 275 614 265 415 178 2.21216 397 505 3.11596
26.7975 0.647581 0.372213 141 -243 0.2 0.2 0.775105 0.385096 340 157 525 205 327 275 614 265 415 178 2.21216 397 505 3.11596
26.8642 0.648352 0.37247 144 -243 0.2 0.2 0.775305 0.385296 340 157 525 205 327 275 614 265 415 178 2.21216 397 505 3.11596
26.9308 0.648352 0.37247 144 -243 0.2 0.2 0.775505 0.385496 340 157 525 205 327 275 614 265 415 178 2.21216 397 505 3.12877
