15.6653 0.52111 0.427736 195 -231 0 0 0.62436 0.341838 424 141 611 139 402 262 621 265 521 94 3.17158 398 504 3.14159
15.732 0.502603 0.340595 43 -43 0 0 0.62436 0.341838 424 141 611 139 402 262 621 265 520 92 3.20945 398 503 3.12909
15.7986 0.502603 0.340595 43 -43 0 0 0.62436 0.341838 424 141 611 139 402 262 621 265 520 92 3.2296 398 503 3.12909
15.8653 0.502603 0.340595 42 -42 0 0 0.62436 0.341838 424 141 611 139 402 262 621 265 521 94 3.17158 398 504 3.14159
15.932 0.502603 0.340595 42 -42 0 0 0.62436 0.341838 424 141 611 139 402 262 621 265 520 93 3.21986 398 504 3.14159
15.9986 0.502603 0.340595 42 -42 0 0 0.62436 0.341838 424 141 611 139 402 262 621 265 520 92 3.24799 398 504 3.14159
16.0653 0.502603 0.340595 42 -42 0 0 0.62436 0.341838 424 141 611 139 402 262 621 265 521 94 3.17158 398 504 3.14159
16.132 0.502603 0.340595 42 -42 0 0 0.62436 0.341838 424 141 611 139 402 262 621 265 521 93 3.20337 398 503 3.12909
16.1986 0.502603 0.340595 42 -42 0 0 0.62436 0.341838 424 141 611 139 402 262 621 265 521 94 3.17158 398 503 3.12909
16.2653 0.502603 0.340595 44 -42 0 0 0.62436 0.341838 424 141 611 139 402 262 621 265 521 94 3.17158 398 504 3.14159
16.332 0.502603 0.340595 44 -42 0 0 0.62436 0.341838 424 141 611 139 402 262 621 265 520 92 3.2296 398 503 3.1166
16.3986 0.502603 0.340595 44 -42 0 0 0.62436 0.341838 424 141 611 139 402 262 621 265 520 92 3.20945 398 503 3.12909
16.4653 0.502603 0.340595 43 -43 0 0 0.62436 0.341838 424 141 611 139 402 262 621 265 521 94 3.17158 398 504 3.14159
16.5319 0.502603 0.340595 43 -43 0 0 0.62436 0.341838 424 141 611 139 402 262 621 265 521 94 3.17129 398 504 3.14159
16.5986 0.502603 0.340595 43 -43 0 0 0.62436 0.341838 424 141 611 139 402 262 621 265 520 92 3.2296 398 503 3.12909
16.6653 0.502603 0.340595 44 -42 0 0 0.62436 0.341838 424 141 611 139 402 262 621 265 521 94 3.17158 398 504 3.14159
16.732 0.502603 0.340595 44 -42 0 0 0.62436 0.341838 424 141 611 139 402 262 621 265 520 92 3.24028 398 503 3.1166
16.7986 0.502603 0.340595 44 -42 0 0 0.62436 0.341838 424 141 611 139 402 262 621 265 520 92 3.21911 398 504 3.14159
16.8653 0.502603 0.340595 44 -42 0 0 0.62436 0.341838 424 141 611 139 402 262 621 265 521 94 3.17158 398 503 3.12909
16.932 0.502603 0.340595 44 -42 0 0 0.62436 0.341838 424 141 611 139 402 262 621 265 521 94 3.17158 398 503 3.12909
16.9986 0.502603 0.340595 44 -42 0 0 0.62436 0.341838 424 141 611 139 402 262 621 265 520 92 3.21911 398 504 3.14159
17.0653 0.502603 0.340595 44 -42 0 0 0.62436 0.341838 424 141 611 139 402 262 621 265 521 94 3.17158 398 504 3.14159
17.1319 0.502603 0.340595 44 -42 0 0 0.62436 0.341838 424 141 611 139 402 262 621 265 520 92 3.2296 398 504 3.14159
17.1986 0.502603 0.340595 44 -42 0 0 0.62436 0.341838 424 141 611 139 402 262 621 265 521 94 3.18197 398 504 3.14159
17.2653 0.502603 0.340595 42 -42 0 0 0.62436 0.341838 424 141 611 139 402 262 621 265 521 94 3.18197 398 504 3.14159
17.332 0.502603 0.340595 42 -42 0 0 0.62436 0.341838 424 141 611 139 402 262 621 265 520 92 3.23047 398 504 3.14159
17.3986 0.502603 0.340595 44 -43 0 0 0.62436 0.341838 424 141 611 139 402 262 621 265 521 94 3.17129 398 504 3.14159
17.4653 0.502603 0.340595 44 -43 0 0 0.62436 0.341838 424 141 611 139 402 262 621 265 521 94 3.17158 398 504 3.14159
17.532 0.502603 0.340595 44 -43 0 0 0.62436 0.341838 424 141 611 139 402 262 621 265 520 92 3.21911 398 503 3.12909
17.5986 0.502603 0.340595 41 -43 0 0 0.62436 0.341838 424 141 611 139 402 262 621 265 521 93 3.20152 398 503 3.12909
17.6653 0.502603 0.340595 41 -43 0 0 0.62436 0.341838 424 141 611 139 402 262 621 265 520 92 3.24028 398 504 3.14159
17.732 0.502603 0.340595 41 -43 0 0 0.62436 0.341838 424 141 611 139 402 262 621 265 520 93 3.21011 398 503 3.12909
17.7986 0.502603 0.340595 45 -42 0 0 0.62436 0.341838 424 141 611 139 402 262 621 265 521 93 3.20152 398 503 3.11628
17.8653 0.502603 0.340595 45 -42 0 0 0.62436 0.341838 424 141 611 139 402 262 621 265 520 92 3.23932 398 504 3.14159
17.932 0.502603 0.340595 45 -42 -0.2 0.2 0.62416 0.342038 424 141 611 139 402 262 621 265 520 92 3.2296 398 504 3.14159
17.9987 0.502603 0.340595 44 -43 -0.2 0.2 0.62396 0.342238 424 141 611 139 402 262 621 265 521 94 3.17158 398 504 3.14159
18.0653 0.502603 0.340595 44 -43 -0.2 0.2 0.62376 0.342438 424 141 611 139 402 262 621 265 521 94 3.17129 398 503 3.1166
18.132 0.502603 0.340595 44 -43 -0.2 0.2 0.62356 0.342638 424 141 611 139 402 262 621 265 520 92 3.2296 398 504 3.14159
18.1987 0.502603 0.340595 44 -43 -0.2 0.2 0.62336 0.342838 424 141 611 139 402 262 621 265 520 93 3.21986 398 504 3.14159
18.2653 0.502603 0.340595 44 -43 -0.2 0.2 0.62316 0.343038 424 141 611 139 402 262 621 265 521 94 3.17158 398 504 3.14159
18.332 0.502603 0.340595 44 -43 -0.2 0.2 0.62296 0.343239 424 141 611 139 402 262 621 265 520 92 3.2296 398 503 3.12909
18.3986 0.502603 0.340595 43 -43 -0.2 0.2 0.62276 0.343439 424 141 611 139 402 262 621 265 521 94 3.17158 398 503 3.1166
18.4653 0.502603 0.340595 43 -43 -0.2 0.2 0.62256 0.343639 424 141 611 139 402 262 621 265 521 94 3.17158 398 504 3.14159
18.532 0.502603 0.340595 43 -43 -0.2 0.2 0.62236 0.343839 424 141 611 139 402 262 621 265 520 92 3.24028 398 504 3.14159
18.5987 0.502346 0.340595 26 -59 -0.2 0.2 0.62216 0.344039 424 141 611 139 402 262 621 265 520 93 3.19106 398 503 3.12909
18.6653 0.502346 0.340595 26 -59 -0.2 0.2 0.62196 0.344239 424 141 611 139 402 262 621 265 520 93 3.21011 398 503 3.12909
18.732 0.502346 0.340595 26 -59 -0.2 0.2 0.62176 0.344439 424 141 611 139 402 262 621 265 520 93 3.19978 398 503 3.12909
18.7987 0.502089 0.340595 28 -60 -0.2 0.2 0.62156 0.344639 424 141 611 139 402 262 621 265 521 92 3.25115 398 504 3.14159
18.8653 0.502089 0.340595 28 -60 -0.2 0.2 0.62136 0.344839 424 141 611 139 402 262 621 265 521 93 3.20337 398 503 3.1166
18.932 0.502089 0.340595 28 -60 -0.2 0.2 0.62116 0.345039 424 141 611 139 402 262 621 265 521 93 3.20337 398 504 3.14159
18.9986 0.501832 0.340595 33 -83 -0.2 0.2 0.62096 0.345239 424 141 611 139 402 262 621 265 521 93 3.21148 398 504 3.14159
19.0653 0.501832 0.340595 33 -83 -0.2 0.2 0.62076 0.345439 424 141 611 139 402 262 621 265 521 92 3.19155 398 503 3.12909
19.1319 0.500546 0.340595 29 -94 -0.2 0.2 0.62056 0.345639 424 141 611 139 402 262 621 265 521 92 3.19155 398 504 3.14159
19.1986 0.500546 0.340595 29 -94 -0.2 0.2 0.62036 0.345839 424 141 611 139 402 262 621 265 520 93 3.19978 398 504 3.14159
19.2653 0.500546 0.340595 29 -94 -0.2 0.2 0.62016 0.346039 424 141 611 139 402 262 621 265 521 93 3.20337 398 504 3.14159
19.332 0.500546 0.341366 14 -89 -0.2 0.2 0.61996 0.346239 424 141 611 139 402 262 621 265 520 93 3.20945 398 503 3.12909
19.3986 0.500546 0.341366 14 -89 -0.2 0.2 0.61976 0.346439 424 141 611 139 402 262 621 265 521 93 3.20467 398 504 3.14159
19.4653 0.500546 0.341366 14 -89 -0.2 0.2 0.61956 0.346639 424 141 611 139 402 262 621 265 521 94 3.18239 398 504 3.14159
19.532 0.500032 0.341623 14 -93 -0.2 0.2 0.61936 0.346839 424 141 611 139 402 262 621 265 520 94 3.16139 398 503 3.12909
19.5987 0.500032 0.341623 14 -93 -0.2 0.2 0.61916 0.347039 425 141 611 139 402 262 621 265 522 93 3.20337 398 503 3.1166
19.6653 0.500032 0.341623 14 -93 -0.2 0.2 0.61896 0.347239 425 141 611 139 402 262 621 265 522 93 3.20337 398 504 3.14159
19.732 0.500032 0.342137 15 -94 -0.2 0.2 0.61876 0.347439 425 141 612 139 402 262 621 265 522 93 3.19309 398 503 3.1166
19.7987 0.500032 0.342137 15 -94 -0.2 0.2 0.61856 0.347639 425 141 612 139 402 262 621 265 522 93 3.19309 398 503 3.1166
19.8653 0.500032 0.342137 15 -94 -0.2 0.2 0.61836 0.347839 425 141 612 139 402 262 621 265 523 93 3.19363 398 503 3.12909
19.9319 0.499004 0.343166 13 -91 -0.2 0.2 0.61816 0.348039 425 141 612 139 402 262 622 265 523 93 3.19309 398 504 3.14159
19.9986 0.499004 0.343166 13 -91 -0.2 0.2 0.61796 0.348239 426 141 612 139 402 262 622 265 523 94 3.18239 398 504 3.14159
20.0653 0.499004 0.343166 13 -91 -0.2 0.2 0.61776 0.348439 426 141 612 139 402 262 622 265 522 94 3.17158 398 503 3.12909
20.132 0.498233 0.343166 14 -99 -0.2 0.2 0.61756 0.348639 426 141 613 139 402 262 622 265 523 94 3.13179 398 503 3.12909
20.1986 0.498233 0.343166 14 -99 -0.2 0.2 0.61736 0.348839 426 141 613 139 402 262 622 265 523 94 3.18281 398 504 3.14159
20.2653 0.498233 0.343166 14 -99 -0.2 0.2 0.61716 0.349039 426 141 613 139 402 262 622 265 523 94 3.18281 398 504 3.14159
20.332 0.498233 0.343937 0 -96 -0.2 0.2 0.61696 0.349239 426 141 613 139 402 262 622 265 523 94 3.15159 398 504 3.14159
20.3986 0.498233 0.343937 0 -96 -0.2 0.2 0.61676 0.349439 426 141 613 139 402 262 622 265 523 94 3.15159 398 503 3.12909
20.4653 0.498233 0.343937 0 -96 -0.2 0.2 0.61656 0.349639 427 141 614 139 402 262 623 265 524 93 3.15159 398 503 3.12909
20.532 0.497205 0.343937 14 -92 -0.2 0.2 0.61636 0.349839 427 141 614 139 402 262 623 265 524 94 3.17251 398 504 3.14159
20.5986 0.497205 0.343937 14 -92 -0.2 0.2 0.61616 0.350039 427 141 614 139 403 262 623 266 524 95 3.13169 398 504 3.14159
20.6653 0.497205 0.344965 16 -95 -0.2 0.2 0.61596 0.350239 428 141 614 139 403 262 623 266 525 94 3.17251 398 503 3.1166
20.732 0.497205 0.344965 16 -95 -0.2 0.2 0.61576 0.350439 428 141 614 139 403 262 623 265 525 94 3.17251 398 504 3.14159
20.7987 0.497205 0.344965 16 -95 -0.2 0.2 0.61556 0.350639 428 141 615 139 403 262 623 265 525 94 3.17071 398 504 3.14159
20.8653 0.496176 0.345993 12 -91 -0.2 0.2 0.61536 0.350839 429 141 616 139 403 262 624 266 527 94 3.17316 398 504 3.14159
20.932 0.496176 0.345993 12 -91 -0.2 0.2 0.61516 0.351039 429 141 616 139 404 262 624 266 527 94 3.1722 398 503 3.12909
20.9986 0.496176 0.345993 12 -91 -0.2 0.2 0.61496 0.351239 430 141 616 139 404 262 624 266 528 94 3.1519 398 503 3.12909
21.0653 0.495148 0.345993 12 -96 -0.2 0.2 0.61476 0.351439 430 141 617 139 404 261 624 266 528 94 3.14159 398 503 3.12909
21.1319 0.495148 0.345993 12 -96 -0.2 0.2 0.61456 0.351639 431 142 618 140 404 262 625 266 529 94 3.1519 398 504 3.14159
21.1986 0.495148 0.345993 12 -96 -0.2 0.2 0.61436 0.351839 431 142 618 140 404 262 625 266 530 94 3.14159 398 504 3.14159
21.2653 0.495148 0.347021 0 -95 -0.2 0.2 0.61416 0.352039 431 142 618 139 404 262 625 266 530 94 3.15201 398 504 3.14159
21.332 0.495148 0.347021 0 -95 -0.2 0.2 0.61396 0.352239 432 142 619 140 404 262 625 266 530 94 3.15212 398 503 3.12909
21.3986 0.495148 0.347021 0 -95 -0.2 0.2 0.61376 0.352439 432 142 619 140 405 262 625 266 531 95 3.14159 398 504 3.14159
21.4653 0.49412 0.347278 12 -84 -0.2 0.2 0.61356 0.352639 433 142 620 140 405 262 626 266 530 95 3.13188 398 503 3.1166
21.532 0.49412 0.347278 12 -84 -0.2 0.2 0.61336 0.352839 433 142 620 140 405 262 626 266 532 95 3.13128 398 504 3.14159
21.5986 0.49412 0.347278 12 -84 -0.2 0.2 0.61316 0.353039 434 142 621 140 406 262 627 266 532 96 3.0724 398 503 3.1166
21.6653 0.49412 0.348307 13 -90 -0.2 0.2 0.61296 0.353239 434 142 621 140 406 262 627 266 533 96 3.07307 398 503 3.1166
21.732 0.49412 0.348307 13 -90 -0.2 0.2 0.61276 0.353439 434 142 622 140 406 262 627 266 533 95 3.12119 398 503 3.12909
21.7986 0.49412 0.348307 13 -90 -0.2 0.2 0.61256 0.353639 435 142 622 140 406 262 628 266 534 96 3.07307 398 503 3.12909
21.8653 0.493349 0.349078 12 -89 -0.2 0.2 0.61236 0.353839 435 142 622 140 406 262 628 266 534 96 3.07307 398 504 3.14159
21.932 0.493349 0.349078 12 -89 -0.2 0.2 0.61216 0.354039 436 142 623 140 407 262 628 267 535 95 3.12119 398 503 3.12909
21.9986 0.493349 0.349078 12 -89 -0.2 0.2 0.61196 0.354239 436 142 623 140 407 261 628 267 534 95 3.10278 398 504 3.14159
22.0653 0.492578 0.349078 12 -97 -0.2 0.2 0.61176 0.354439 437 142 624 140 407 262 628 267 536 95 3.1008 398 503 3.12909
22.132 0.492578 0.349078 12 -97 -0.2 0.2 0.61156 0.354639 437 143 624 141 407 262 629 267 536 96 3.0724 398 504 3.14159
22.1987 0.492321 0.350363 0 -88 -0.2 0.2 0.61136 0.354839 437 143 625 141 408 262 629 267 537 96 3.10038 398 504 3.14159
22.2653 0.492321 0.350363 0 -88 -0.2 0.2 0.61116 0.355039 438 143 625 141 408 262 630 267 538 96 3.10038 398 503 3.12909
22.332 0.492321 0.350363 0 -88 -0.2 0.2 0.61096 0.355239 438 143 626 141 408 262 630 267 538 97 3.06176 398 504 3.14159
22.3986 0.491549 0.35062 13 -86 -0.2 0.2 0.61076 0.355439 439 143 627 141 409 262 631 267 539 96 3.09009 398 503 3.1166
22.4653 0.491549 0.35062 13 -86 -0.2 0.2 0.61056 0.355639 439 143 627 141 409 262 631 267 540 96 3.09062 398 504 3.14159
22.532 0.491549 0.35062 13 -86 -0.2 0.2 0.61036 0.355839 440 143 627 141 409 262 631 267 541 96 3.06955 398 504 3.14159
22.5987 0.491292 0.351134 14 -89 -0.2 0.2 0.61016 0.356039 440 143 628 141 409 262 631 267 541 96 3.08044 398 503 3.1166
22.6653 0.491292 0.351134 14 -89 -0.2 0.2 0.60996 0.356239 441 143 628 141 410 262 631 267 540 96 3.1024 398 503 3.12909
22.732 0.491292 0.351134 14 -89 -0.2 0.2 0.60976 0.356439 441 143 629 141 410 262 631 268 542 96 3.09009 398 503 3.12909
22.7987 0.490521 0.352162 9 -89 -0.2 0.2 0.60956 0.356639 442 144 629 141 410 262 632 267 542 96 3.10201 398 503 3.12909
22.8653 0.490521 0.352162 9 -89 -0.2 0.2 0.60936 0.356839 442 144 630 141 411 262 632 267 543 96 3.0593 398 503 3.12909
22.9319 0.490521 0.352162 9 -89 -0.2 0.2 0.60916 0.357039 442 143 630 141 411 262 632 267 543 96 3.08106 398 503 3.12909
22.9986 0.489493 0.352162 12 -100 -0.2 0.2 0.60896 0.357239 443 144 630 142 411 262 633 268 543 96 3.08106 398 503 3.12909
23.0653 0.489493 0.352162 12 -100 -0.2 0.2 0.60876 0.357439 444 144 631 142 411 262 633 268 545 97 3.04812 398 503 3.12909
23.1319 0.489493 0.352162 12 -100 -0.2 0.2 0.60856 0.357639 444 144 631 142 412 262 633 268 545 97 3.04812 398 504 3.14159
23.1987 0.489236 0.353191 0 -92 -0.2 0.2 0.60836 0.357839 444 144 632 142 412 262 634 268 545 96 3.08106 398 504 3.14159
23.2653 0.489236 0.353191 0 -92 -0.2 0.2 0.60816 0.358039 445 144 632 142 412 262 634 268 545 96 3.0724 398 503 3.1166
23.332 0.489236 0.353191 0 -92 -0.2 0.2 0.60796 0.358239 445 144 632 142 412 262 634 268 546 97 3.04907 398 503 3.12909
23.3986 0.488465 0.353191 14 -93 -0.2 0.2 0.60776 0.358439 446 144 633 142 413 262 634 268 547 97 3.02632 398 503 3.1166
23.4653 0.488465 0.353191 14 -93 -0.2 0.2 0.60756 0.358639 446 144 633 142 413 262 635 268 548 97 3.02751 398 503 3.1166
23.532 0.488465 0.353191 14 -93 -0.2 0.2 0.60736 0.358839 446 144 634 142 413 262 635 268 548 97 3.03886 398 503 3.1166
23.5986 0.488465 0.353448 13 -94 -0.2 0.2 0.60716 0.359039 446 144 634 142 413 262 634 268 548 97 3.03886 399 503 3.12877
23.6653 0.488465 0.353448 13 -94 -0.2 0.2 0.60696 0.359239 447 144 635 142 414 262 635 268 549 97 3.02867 398 503 3.1166
23.732 0.488465 0.353448 13 -94 -0.2 0.2 0.60676 0.359439 447 145 635 142 414 262 635 268 548 97 3.06096 398 503 3.1166
23.7987 0.487437 0.354476 13 -92 -0.2 0.2 0.60656 0.359639 448 145 636 142 414 263 636 268 550 98 3.01724 398 504 3.14159
23.8653 0.487437 0.354476 13 -92 -0.2 0.2 0.60636 0.359839 449 145 636 142 415 262 636 268 551 98 3.0056 398 503 3.12909
23.932 0.486665 0.354476 14 -98 -0.2 0.2 0.60616 0.360039 449 145 636 142 415 262 636 268 551 98 3.0056 398 503 3.12909
23.9987 0.486665 0.354476 14 -98 -0.2 0.2 0.60596 0.360239 450 145 637 142 415 263 637 268 551 97 3.05183 398 504 3.14159
24.0653 0.486665 0.354476 14 -98 -0.2 0.2 0.60576 0.360439 450 145 638 142 415 263 637 269 552 98 3.03886 398 503 3.12909
24.1319 0.486408 0.355761 -1 -90 -0.2 0.2 0.60556 0.360639 451 145 638 142 416 263 637 269 553 98 3.01851 398 504 3.14159
24.1987 0.486408 0.355761 -1 -90 -0.2 0.2 0.60536 0.360839 451 145 639 143 416 263 637 269 554 98 3.01724 398 503 3.1166
24.2653 0.486408 0.355761 -1 -90 -0.2 0.2 0.60516 0.361039 451 145 639 143 416 263 637 269 554 98 3.01724 398 503 3.12894
24.332 0.485637 0.355761 12 -87 0 0 0.60516 0.361039 452 145 640 143 416 263 638 269 555 98 3.01724 398 503 3.12909
24.3987 0.485637 0.355761 12 -87 0 0 0.60516 0.361039 452 145 640 143 416 263 638 269 555 99 3.01724 398 503 3.1166
24.4653 0.485637 0.355761 12 -87 0 0 0.60516 0.361039 453 146 641 143 417 263 638 269 556 98 3.01724 398 504 3.14159
24.532 0.485637 0.356532 12 -90 0 0 0.60516 0.361039 453 146 641 143 417 263 638 269 555 98 3.04092 398 503 3.12909
24.5986 0.485637 0.356532 12 -90 0 0 0.60516 0.361039 454 145 641 143 417 263 639 269 556 98 3.00837 398 503 3.12909
24.6653 0.485637 0.356532 12 -90 0 0 0.60516 0.361039 454 146 642 143 418 263 639 269 557 99 3.00699 398 504 3.14159
24.732 0.484609 0.357818 13 -89 0 0 0.60516 0.361039 454 146 642 143 418 263 639 269 557 99 3.00971 398 504 3.14159
24.7986 0.484609 0.357818 13 -89 0 0 0.60516 0.361039 455 146 643 143 418 263 640 270 558 99 2.99678 398 504 3.14159
24.8653 0.484609 0.357818 13 -89 0 0 0.60516 0.361039 456 146 643 143 418 263 640 270 559 99 2.98971 398 504 3.14159
24.932 0.484609 0.357818 13 -90 0 0 0.60516 0.361039 456 146 643 143 418 263 640 270 559 99 2.98971 398 504 3.14159
24.9987 0.484609 0.357818 13 -90 0 0.4 0.60516 0.361439 456 146 643 143 418 263 640 269 559 99 2.98971 398 504 3.14159
25.0653 0.484609 0.357818 13 -90 0 0.4 0.60516 0.361839 456 146 643 143 418 263 640 270 558 99 2.98817 398 503 3.12909
25.132 0.484609 0.357818 14 -89 0 0.4 0.60516 0.362239 456 146 643 143 418 263 640 269 559 99 2.98971 398 504 3.14159
25.1986 0.484609 0.357818 14 -89 0 0.4 0.60516 0.362639 456 146 643 143 418 263 640 270 559 99 2.98971 398 504 3.14159
25.2653 0.484609 0.357818 14 -89 0 0.4 0.60516 0.363039 456 146 643 143 418 263 640 270 559 99 2.9997 398 504 3.14159
25.332 0.484609 0.357818 14 -89 0 0.4 0.60516 0.363439 456 146 643 143 418 263 640 269 559 99 3.00837 398 504 3.14159
25.3986 0.484609 0.357818 14 -89 0 0.4 0.60516 0.363839 456 146 643 143 418 263 640 269 559 99 3.00837 398 504 3.14159
25.4653 0.484609 0.357818 12 -90 0 0.4 0.60516 0.364239 456 146 643 143 418 263 640 269 559 99 2.99825 398 504 3.14159
25.532 0.484609 0.357818 12 -90 0 0.4 0.60516 0.364639 456 146 643 143 418 263 640 269 559 99 2.98971 398 504 3.14159
25.5986 0.484609 0.357818 12 -90 0 0.4 0.60516 0.365039 456 146 643 143 418 263 640 270 559 99 3.01975 398 503 3.12909
25.6653 0.484609 0.358846 14 -104 0 0.4 0.60516 0.365439 456 146 643 143 418 263 640 270 559 99 3.00837 398 504 3.14159
25.732 0.484609 0.358846 14 -104 0 0.4 0.60516 0.365839 456 146 643 144 419 263 640 270 559 99 2.98499 398 504 3.14159
25.7986 0.484609 0.358846 14 -104 0 0.4 0.60516 0.366239 456 146 644 144 419 263 640 270 559 99 2.98817 398 504 3.14159
25.8653 0.484609 0.358846 13 -111 0 0.4 0.60516 0.366639 456 146 644 144 419 263 640 270 560 99 2.9866 398 503 3.12909
25.932 0.484609 0.358846 13 -111 0 0.4 0.60516 0.367039 456 146 644 144 419 263 640 270 559 99 2.99825 398 504 3.14159
25.9986 0.484609 0.358846 13 -111 0 0.4 0.60516 0.367439 456 146 644 144 419 263 640 270 560 100 2.98817 398 504 3.14159
26.0653 0.484609 0.360645 14 -106 0 0.4 0.60516 0.367839 457 147 645 144 419 263 641 270 561 100 2.9866 398 503 3.12909
26.132 0.484609 0.360645 14 -106 0 0.4 0.60516 0.368239 457 147 645 144 419 263 641 270 561 100 2.97812 398 504 3.14159
26.1986 0.484609 0.360645 14 -106 0 0.4 0.60516 0.368639 457 147 645 144 419 263 641 270 561 100 2.97812 398 504 3.14159
26.2653 0.484609 0.360902 14 -98 0 0.4 0.60516 0.369039 457 147 645 144 419 263 641 270 561 100 2.96983 398 503 3.12909
26.332 0.484609 0.360902 14 -98 0 0.4 0.60516 0.369439 457 147 645 144 419 263 641 270 561 100 2.96983 398 503 3.12894
26.3986 0.484609 0.360902 14 -98 0 0.4 0.60516 0.369839 457 147 645 144 419 263 642 270 561 100 2.97812 398 503 3.12894
26.4653 0.484609 0.362702 15 -108 0 0.4 0.60516 0.370239 458 147 646 144 419 263 642 270 562 101 2.95624 398 503 3.12909
26.532 0.484609 0.362702 15 -108 0 0.4 0.60516 0.370639 458 147 646 144 419 263 642 270 562 101 2.95624 398 503 3.12894
26.5986 0.484609 0.362702 15 -108 0 0.4 0.60516 0.371039 458 147 646 144 419 263 642 270 562 101 2.95624 398 504 3.14159
26.6653 0.484609 0.364244 14 -107 0 0.4 0.60516 0.371439 458 148 646 144 419 263 642 270 562 101 2.95624 398 504 3.14159
26.7319 0.484609 0.364244 14 -107 0 0.4 0.60516 0.371839 458 147 646 144 419 263 642 270 563 101 2.95811 398 503 3.12894
26.7986 0.484609 0.364244 14 -107 0 0.4 0.60516 0.372239 459 148 646 144 419 263 642 270 563 101 2.9462 398 504 3.14159
26.8653 0.484609 0.364244 15 -117 0 0.4 0.60516 0.372639 459 147 647 144 419 263 642 270 563 101 2.95811 398 503 3.12909
26.932 0.484609 0.364244 15 -117 0 0.4 0.60516 0.373039 459 147 647 144 419 263 642 271 563 101 2.95811 398 503 3.12894
26.9986 0.484609 0.3663 15 -114 0 0.4 0.60516 0.373439 459 147 647 144 418 263 643 271 563 101 2.94028 398 503 3.12909
27.0653 0.484609 0.3663 15 -114 0 0.4 0.60516 0.373839 460 148 647 145 418 263 643 271 564 102 2.95624 398 503 3.12909
27.132 0.484609 0.3663 15 -114 0 0.4 0.60516 0.374239 459 148 648 144 418 263 643 271 564 102 2.95624 398 504 3.14159
27.1986 0.484609 0.366557 15 -102 0 0.4 0.60516 0.374639 459 148 648 144 418 263 643 271 564 101 2.94817 398 504 3.14159
27.2653 0.484609 0.366557 15 -102 0 0.4 0.60516 0.375039 459 148 648 145 419 263 643 271 565 102 2.9362 398 504 3.14159
27.3319 0.484609 0.366557 15 -102 0 0.4 0.60516 0.375439 460 148 648 145 418 263 643 271 565 102 2.9362 398 503 3.12894
27.3986 0.484609 0.368357 15 -115 0 0.4 0.60516 0.375839 460 148 648 145 419 263 643 271 566 102 2.9218 398 503 3.12894
27.4653 0.484609 0.368357 15 -115 0 0.4 0.60516 0.376239 460 148 648 145 419 263 644 271 566 102 2.9218 398 503 3.12909
27.532 0.484609 0.368357 15 -115 0 0.4 0.60516 0.376639 460 148 649 145 419 263 643 271 567 103 2.88099 398 503 3.12909
27.5986 0.484609 0.369899 15 -115 0 0.4 0.60516 0.377039 460 148 649 145 419 263 644 271 567 103 2.88099 398 504 3.14159
27.6653 0.484609 0.369899 15 -115 0 0.4 0.60516 0.377439 461 148 649 145 418 263 644 271 566 102 2.90406 398 504 3.14159
27.732 0.484609 0.369899 15 -115 0 0.4 0.60516 0.377839 461 148 649 145 418 263 644 271 566 103 2.90644 398 504 3.14159
27.7986 0.484609 0.369899 15 -129 0 0.4 0.60516 0.378239 461 149 649 145 418 263 644 271 566 103 2.91403 398 503 3.12909
27.8653 0.484609 0.369899 15 -129 0 0.4 0.60516 0.378639 461 149 649 145 418 263 644 271 566 103 2.91403 398 503 3.12909
27.9319 0.484609 0.369899 15 -129 0 0.4 0.60516 0.379039 461 149 649 145 418 263 644 271 566 103 2.91403 398 503 3.12894
27.9986 0.484609 0.371698 15 -121 0 0.4 0.60516 0.379439 462 149 650 145 418 263 644 271 567 103 2.88165 398 503 3.12894
28.0653 0.484609 0.371698 15 -121 0 0.4 0.60516 0.379839 462 149 650 145 418 263 645 271 567 103 2.88165 398 503 3.12894
28.132 0.484609 0.371698 15 -121 0 0.4 0.60516 0.380239 462 149 651 145 418 263 645 271 568 104 2.89661 398 504 3.14159
28.1986 0.484609 0.371698 15 -126 0 0.4 0.60516 0.380639 462 149 651 145 418 263 645 271 568 103 2.90406 398 504 3.14159
28.2653 0.484609 0.371698 15 -126 0 0.4 0.60516 0.381039 462 149 651 145 418 263 645 271 568 103 2.90406 398 504 3.14159
28.332 0.484609 0.371698 15 -126 0 0.4 0.60516 0.381439 462 150 651 145 418 263 645 271 570 103 2.89661 398 504 3.14159
28.3986 0.484609 0.372984 15 -126 0 0.4 0.60516 0.381839 462 150 651 146 418 263 645 271 570 104 2.87243 398 504 3.14159
28.4653 0.484609 0.372984 15 -126 0 0.4 0.60516 0.382239 462 149 651 146 418 263 645 271 570 103 2.89139 398 504 3.14159
28.532 0.484609 0.372984 15 -126 0 0.4 0.60516 0.382639 462 150 651 146 418 263 645 271 570 104 2.88099 398 503 3.12894
28.5986 0.484609 0.374783 15 -129 0 0.4 0.60516 0.383039 462 150 651 146 418 263 645 272 569 104 2.87174 398 503 3.12894
28.6653 0.484609 0.374783 15 -129 0 0.4 0.60516 0.383439 463 150 652 145 418 263 646 272 571 104 2.86479 398 503 3.12894
28.732 0.484609 0.37504 15 -137 0 0.4 0.60516 0.383839 463 150 652 146 418 263 645 272 571 104 2.86775 398 503 3.12894
28.7987 0.484609 0.37504 15 -137 0 0.4 0.60516 0.384239 463 150 652 146 418 263 646 271 571 104 2.86775 398 503 3.12894
28.8653 0.484609 0.37504 15 -137 0 0.4 0.60516 0.384639 463 150 652 146 418 263 645 272 569 104 2.87445 398 503 3.12894
28.932 0.484609 0.377097 15 -127 0 0.4 0.60516 0.385039 463 150 652 146 418 263 645 272 570 105 2.86189 398 504 3.15425
28.9986 0.484609 0.377097 15 -127 0 0.4 0.60516 0.385439 464 151 653 146 418 263 646 272 570 105 2.8771 398 503 3.12894
29.0653 0.484609 0.377097 15 -127 0 0.4 0.60516 0.385839 464 151 653 146 418 263 646 272 572 105 2.88099 398 503 3.12894
29.132 0.484609 0.377354 15 -133 0 0.4 0.60516 0.386239 464 151 653 146 418 263 646 272 572 105 2.87065 398 504 3.14159
29.1986 0.484609 0.377354 15 -133 0 0.4 0.60516 0.386639 464 151 653 146 418 263 646 272 572 105 2.87065 398 503 3.12894
29.2653 0.484609 0.377354 15 -133 0 0.4 0.60516 0.387039 464 151 653 146 418 263 646 272 571 106 2.84235 398 503 3.12894
29.3319 0.484609 0.378896 15 -126 0 0.4 0.60516 0.387439 464 151 653 146 418 263 646 272 573 105 2.84067 398 503 3.12894
29.3986 0.484609 0.378896 15 -126 0 0.4 0.60516 0.387839 465 151 654 146 418 263 647 272 573 107 2.79644 398 503 3.12894
29.4653 0.484609 0.378896 15 -126 0 0.4 0.60516 0.388239 464 151 654 146 418 263 646 272 573 107 2.79644 398 504 3.14159
29.532 0.484609 0.380695 16 -138 0 0.4 0.60516 0.388639 464 151 654 146 418 263 646 272 573 107 2.79644 398 503 3.12894
29.5986 0.484609 0.380695 16 -138 0 0.4 0.60516 0.389039 465 152 655 146 417 263 647 272 573 107 2.79644 398 503 3.12894
29.6653 0.484609 0.380695 16 -138 0 0.4 0.60516 0.389439 465 152 655 146 417 263 647 272 573 106 2.81326 398 503 3.12894
29.732 0.484609 0.380695 17 -150 0 0.4 0.60516 0.389839 465 152 655 146 417 263 647 272 573 106 2.81326 398 503 3.12894
29.7986 0.484609 0.380695 17 -150 0 0.4 0.60516 0.390239 465 152 655 146 417 263 647 272 574 106 2.83022 398 503 3.12894
29.8653 0.484609 0.380695 17 -150 0 0.4 0.60516 0.390639 465 152 655 146 417 263 647 272 574 107 2.78652 398 504 3.14159
29.932 0.484609 0.382238 36 -147 0 0.4 0.60516 0.391039 466 152 655 146 418 263 647 272 574 107 2.78652 398 504 3.14159
29.9986 0.484609 0.382238 36 -147 0 0.4 0.60516 0.391439 466 152 656 146 418 263 647 272 575 107 2.79563 398 503 3.12894
30.0653 0.484609 0.382238 36 -147 0 0.4 0.60516 0.391839 466 152 656 147 417 263 647 272 575 108 2.75911 398 503 3.12894
30.132 0.484352 0.382495 29 -146 0 0.4 0.60516 0.392239 466 152 656 147 417 263 647 272 575 107 2.8023 398 504 3.14159
30.1986 0.484352 0.382495 29 -146 0 0.4 0.60516 0.392639 466 152 656 147 417 263 648 272 575 108 2.76305 398 503 3.12894
30.2653 0.484352 0.384037 35 -150 0 0.4 0.60516 0.393039 466 153 657 146 417 263 648 272 575 108 2.76305 398 503 3.12894
30.332 0.484352 0.384037 35 -150 0 0.4 0.60516 0.393439 467 153 657 147 417 263 648 273 576 108 2.74515 398 503 3.12894
30.3986 0.484352 0.384037 35 -150 0 0.4 0.60516 0.393839 467 153 657 147 417 263 648 272 576 108 2.74515 398 503 3.12894
30.4653 0.484352 0.385579 36 -149 0 0.4 0.60516 0.394239 467 153 657 147 417 263 648 273 576 108 2.74515 398 503 3.12894
30.532 0.484352 0.385579 36 -149 0 0.4 0.60516 0.394639 467 153 657 147 417 263 648 272 577 107 2.77127 398 504 3.11596
30.5986 0.484352 0.385579 36 -149 0 0.4 0.60516 0.395039 467 153 657 147 417 263 649 272 576 108 2.76691 398 504 3.14159
30.6653 0.484352 0.385836 34 -149 0 0.4 0.60516 0.395439 467 153 657 147 417 263 649 272 578 109 2.75699 398 503 3.12894
30.732 0.484352 0.385836 34 -149 0 0.4 0.60516 0.395839 467 153 657 147 417 264 649 272 578 109 2.75699 398 503 3.12894
30.7987 0.484352 0.385836 34 -149 0 0.4 0.60516 0.396239 468 153 658 147 417 263 649 272 578 109 2.75699 398 504 3.15425
30.8653 0.484352 0.387893 36 -147 0 0.4 0.60516 0.396639 468 154 658 147 417 263 649 273 578 110 2.71584 398 504 3.14159
30.9319 0.484352 0.387893 36 -147 0 0 0.60516 0.396639 468 154 659 147 417 263 649 273 579 109 2.7468 398 504 3.14159
30.9986 0.484352 0.387893 36 -147 0 0 0.60516 0.396639 468 154 659 147 417 264 649 273 579 110 2.70624 398 504 3.14159
31.0653 0.484352 0.387893 36 -153 0 0 0.60516 0.396639 469 154 659 147 417 264 650 273 579 110 2.70175 398 503 3.12894
31.132 0.484352 0.387893 36 -153 0 0 0.60516 0.396639 469 154 659 147 417 264 649 273 579 110 2.71584 398 504 3.12894
31.1986 0.484352 0.387893 36 -153 0 0 0.60516 0.396639 469 154 659 147 417 264 649 273 579 109 2.76904 398 504 3.12894
31.2653 0.484352 0.389435 36 -157 0 0 0.60516 0.396639 469 154 659 147 417 264 649 273 579 109 2.76904 398 504 3.14159
31.332 0.484352 0.389435 36 -157 0 0 0.60516 0.396639 469 155 659 147 417 264 649 273 579 109 2.76904 398 504 3.14159
31.3987 0.484352 0.389435 36 -157 0 0 0.60516 0.396639 469 155 660 147 417 264 649 273 580 110 2.71676 398 504 3.14159
31.4653 0.484352 0.390977 35 -149 0 0 0.60516 0.396639 469 155 660 147 417 264 650 273 580 110 2.71676 398 503 3.12894
31.532 0.484352 0.390977 35 -149 0 0 0.60516 0.396639 470 155 660 148 417 264 650 273 581 110 2.72669 398 503 3.12894
31.5986 0.484352 0.390977 35 -149 0.4 0 0.60556 0.396639 470 155 660 148 417 264 650 273 581 110 2.72669 397 504 3.12894
31.6653 0.484609 0.390977 32 -149 0.4 0 0.60596 0.396639 470 155 660 148 417 264 650 273 581 110 2.72669 398 503 3.12894
31.732 0.484609 0.390977 32 -149 0.4 0 0.60636 0.396639 470 155 660 147 417 264 650 273 581 111 2.69765 398 504 3.14159
31.7986 0.484352 0.390977 24 -148 0.4 0 0.60676 0.396639 470 155 660 147 417 264 650 273 581 111 2.69765 398 503 3.12894
31.8653 0.484352 0.390977 24 -148 0.4 0 0.60716 0.396639 470 155 660 147 417 264 650 273 581 111 2.69765 398 503 3.12894
31.9319 0.484352 0.390977 24 -148 0.4 0 0.60756 0.396639 470 155 660 147 417 263 650 273 581 111 2.69765 398 504 3.14159
31.9986 0.484352 0.390977 24 -148 0.4 0 0.60796 0.396639 470 155 660 147 417 264 650 273 581 111 2.69765 398 504 3.14159
32.0653 0.484352 0.390977 24 -148 0.4 0 0.60836 0.396639 470 155 660 147 417 264 650 273 581 112 2.66359 398 503 3.12894
32.132 0.484352 0.390977 24 -148 0.4 0 0.60876 0.396639 470 155 660 148 417 264 650 273 581 112 2.66847 398 504 3.14159
32.1987 0.484352 0.390977 75 -148 0.4 0 0.60916 0.396639 470 155 660 148 417 264 650 273 582 111 2.67795 398 503 3.12894
32.2653 0.484352 0.390977 75 -148 0.4 0 0.60956 0.396639 470 155 661 148 417 264 650 273 581 112 2.66847 398 504 3.14159
32.332 0.484352 0.390977 75 -148 0.4 0 0.60996 0.396639 470 155 660 148 417 264 650 273 581 112 2.66847 398 503 3.12894
32.3986 0.484352 0.390977 73 -148 0.4 0 0.61036 0.396639 470 155 661 148 417 264 650 273 581 112 2.66847 398 504 3.14159
32.4653 0.484352 0.390977 73 -148 0.4 0 0.61076 0.396639 470 155 661 148 417 264 650 273 581 112 2.65908 398 503 3.12894
32.532 0.484352 0.390977 73 -148 0.4 0 0.61116 0.396639 470 155 660 148 417 263 650 273 581 112 2.66847 398 504 3.14159
32.5986 0.48538 0.390977 104 -148 0.4 0 0.61156 0.396639 470 155 660 148 417 263 650 273 581 112 2.65908 398 504 3.14159
32.6653 0.48538 0.390977 104 -148 0.4 0 0.61196 0.396639 470 155 661 148 417 264 650 273 581 112 2.65908 398 503 3.12894
32.732 0.48538 0.390977 104 -148 0.4 0 0.61236 0.396639 470 155 661 148 417 263 650 273 581 112 2.65908 398 504 3.14159
32.7986 0.48538 0.390977 113 -149 0.4 0 0.61276 0.396639 470 155 661 148 417 263 650 273 581 112 2.65908 398 504 3.14159
32.8653 0.48538 0.390977 113 -149 0.4 0 0.61316 0.396639 470 155 661 148 417 264 650 273 581 112 2.65908 398 503 3.12894
32.932 0.48538 0.390977 113 -149 0.4 0 0.61356 0.396639 470 155 661 148 417 264 650 273 581 112 2.65908 398 504 3.14159
32.9986 0.486665 0.390977 115 -148 0.4 0 0.61396 0.396639 470 155 661 148 417 264 651 273 581 112 2.65908 398 503 3.12894
33.0653 0.486665 0.390977 115 -148 0.4 0 0.61436 0.396639 470 155 661 148 417 263 651 273 581 112 2.65908 398 504 3.14159
33.132 0.486665 0.390977 115 -148 0.4 0 0.61476 0.396639 470 155 661 148 417 264 650 273 581 112 2.65908 398 504 3.14159
33.1986 0.486922 0.390977 129 -147 0.4 0 0.61516 0.396639 470 155 661 148 417 264 650 273 581 112 2.65908 398 503 3.12894
33.2653 0.486922 0.390977 129 -147 0.4 0 0.61556 0.396639 470 155 661 148 417 264 651 273 581 112 2.65908 398 504 3.14159
33.332 0.486922 0.390977 129 -147 0.4 0 0.61596 0.396639 470 155 661 148 417 263 650 273 581 112 2.65908 398 504 3.14159
33.3986 0.488208 0.390977 128 -147 0.4 0 0.61636 0.396639 470 155 661 148 417 263 651 273 581 111 2.68278 398 504 3.14159
33.4653 0.488208 0.390977 128 -147 0.4 0 0.61676 0.396639 470 155 661 148 417 263 650 273 581 111 2.68278 398 503 3.12894
33.532 0.490007 0.390977 132 -146 0.4 0 0.61716 0.396639 470 155 661 148 417 264 651 273 581 112 2.65908 398 504 3.14159
33.5986 0.490007 0.390977 132 -146 0.4 0 0.61756 0.396639 470 155 661 148 417 264 651 273 581 111 2.68278 398 503 3.12894
33.6653 0.490007 0.390977 132 -146 0.4 0 0.61796 0.396639 470 155 661 148 417 264 651 273 581 112 2.65908 398 504 3.15425
33.732 0.490007 0.390977 150 -148 0.4 0 0.61836 0.396639 470 155 661 148 417 264 651 273 581 112 2.65908 398 503 3.12894
33.7986 0.490007 0.390977 150 -148 0.4 0 0.61876 0.396639 470 155 661 148 417 263 651 273 581 112 2.65908 398 503 3.12894
33.8653 0.490007 0.390977 150 -148 0.4 0 0.61916 0.396639 470 155 661 148 417 263 651 273 581 112 2.65908 398 504 3.14159
33.932 0.491549 0.390977 142 -145 0.4 0 0.61956 0.396639 470 155 661 148 417 263 651 273 581 111 2.71225 398 504 3.14159
33.9987 0.491549 0.390977 142 -145 0.4 0 0.61996 0.396639 470 155 661 148 417 263 651 273 581 110 2.73104 398 504 3.14159
34.0653 0.491549 0.390977 142 -145 0.4 0 0.62036 0.396639 470 155 661 148 417 263 651 273 581 111 2.71225 398 504 3.14159
34.132 0.491806 0.390977 147 -148 0.4 0 0.62076 0.396639 470 155 661 148 417 263 651 273 581 112 2.65908 398 504 3.14159
34.1986 0.491806 0.390977 147 -148 0.4 0 0.62116 0.396639 470 155 661 148 417 263 651 273 581 110 2.73104 398 504 3.14159
34.2653 0.491806 0.390977 147 -148 0.4 0 0.62156 0.396639 470 155 661 148 417 263 651 273 581 111 2.69251 398 504 3.14159
34.332 0.493092 0.390977 154 -146 0.4 0 0.62196 0.396639 470 155 661 148 417 263 651 273 581 111 2.71225 398 504 3.14159
34.3987 0.493092 0.390977 154 -146 0.4 0 0.62236 0.396639 470 155 661 148 417 264 651 273 581 112 2.66359 398 503 3.12894
34.4653 0.493092 0.390977 154 -146 0.4 0 0.62276 0.396639 470 155 661 148 417 264 650 274 581 111 2.70233 398 504 3.14159
34.532 0.494377 0.390977 156 -146 0.4 0 0.62316 0.396639 470 155 661 148 417 263 651 273 581 112 2.66359 398 503 3.12894
34.5986 0.494377 0.390977 156 -146 0.4 0 0.62356 0.396639 470 155 661 148 417 263 650 274 581 111 2.69765 398 503 3.12894
34.6653 0.494377 0.390977 156 -146 0.4 0 0.62396 0.396639 470 155 661 148 417 263 651 273 581 111 2.71225 398 503 3.12894
34.732 0.494634 0.390977 186 -147 0.4 0 0.62436 0.396639 470 155 661 148 417 264 651 273 581 112 2.67314 398 504 3.15425
34.7987 0.494634 0.390977 186 -147 0.4 0 0.62476 0.396639 470 155 661 148 417 263 651 273 581 111 2.70764 398 504 3.14159
34.8653 0.494634 0.390977 186 -147 0.4 0 0.62516 0.396639 469 155 661 148 417 263 651 273 581 111 2.71225 398 504 3.14159
34.932 0.495919 0.390977 176 -147 0.4 0 0.62556 0.396639 469 155 661 148 417 263 651 273 581 111 2.71225 398 504 3.14159
34.9986 0.495919 0.390977 176 -147 0.4 0 0.62596 0.396639 470 155 661 148 417 263 650 274 581 111 2.72225 398 504 3.14159
35.0653 0.496176 0.391234 186 -145 0.4 0 0.62636 0.396639 469 155 661 148 417 263 650 274 581 111 2.72225 398 503 3.12894
35.132 0.496176 0.391234 186 -145 0.4 0 0.62676 0.396639 469 155 661 148 417 263 651 273 581 111 2.72225 398 503 3.12894
35.1986 0.496176 0.391234 186 -145 0.4 0 0.62716 0.396639 469 155 661 148 417 263 650 274 581 111 2.72225 398 504 3.14159
35.2653 0.497719 0.390977 185 -145 0.4 0 0.62756 0.396639 469 155 661 148 417 263 650 274 580 110 2.7353 398 503 3.12894
35.332 0.497719 0.390977 185 -145 0.4 0 0.62796 0.396639 469 155 661 148 417 263 651 273 581 111 2.71676 398 504 3.14159
35.3986 0.497719 0.390977 185 -145 0.4 0 0.62836 0.396639 469 155 660 148 417 263 651 273 580 110 2.7353 398 504 3.14159
35.4653 0.499261 0.390977 189 -145 0.4 0 0.62876 0.396639 469 155 660 148 417 263 650 274 581 111 2.71676 398 504 3.14159
35.532 0.499261 0.390977 189 -145 0.4 0 0.62916 0.396639 469 155 660 148 417 263 651 273 580 111 2.70233 398 504 3.14159
35.5986 0.499261 0.390977 189 -145 0.4 0 0.62956 0.396639 469 155 660 148 417 263 650 274 580 111 2.70692 398 504 3.14159
35.6653 0.499518 0.390977 207 -144 0.4 0 0.62996 0.396639 469 155 660 148 417 263 650 274 580 111 2.71773 398 504 3.15425
35.732 0.499518 0.390977 207 -144 0.4 0 0.63036 0.396639 469 155 660 148 417 263 651 273 580 111 2.71225 398 503 3.12894
35.7986 0.499518 0.390977 207 -144 0.4 0 0.63076 0.396639 469 155 660 148 417 263 650 274 580 112 2.67314 398 504 3.14159
35.8653 0.50106 0.390977 197 -145 0.4 0 0.63116 0.396639 469 155 660 148 416 264 650 274 580 112 2.67314 398 504 3.15425
35.932 0.50106 0.390977 197 -145 0.4 0 0.63156 0.396639 469 155 660 148 416 263 650 274 580 111 2.72225 398 504 3.15425
35.9986 0.50106 0.390977 197 -145 0.4 0 0.63196 0.396639 469 155 659 148 416 264 651 273 580 111 2.72225 398 504 3.15425
36.0653 0.50106 0.390977 223 -145 0.4 0 0.63236 0.396639 469 155 660 148 416 264 650 274 580 111 2.72225 398 504 3.14159
36.132 0.50106 0.390977 223 -145 0 0 0.63236 0.396639 469 155 660 148 416 264 650 274 580 111 2.72225 398 504 3.15425
36.1986 0.50106 0.390977 223 -145 0 0 0.63236 0.396639 469 155 660 148 416 264 650 273 580 111 2.72225 398 504 3.15425
36.2653 0.501832 0.390977 223 -146 0 0 0.63236 0.396639 469 155 660 148 416 264 650 274 580 111 2.72225 398 504 3.15425
36.332 0.501832 0.390977 223 -146 0 0 0.63236 0.396639 469 155 660 148 416 264 650 274 580 111 2.72225 398 504 3.14159
36.3987 0.501832 0.390977 223 -146 0 0 0.63236 0.396639 469 155 659 148 416 263 650 273 580 111 2.72225 398 504 3.15425
36.4653 0.503374 0.390977 230 -144 0 0 0.63236 0.396639 469 155 660 148 416 263 650 274 580 111 2.72669 398 504 3.1166
36.532 0.503374 0.390977 230 -144 0 0 0.63236 0.396639 469 155 660 148 416 263 650 274 580 111 2.72669 398 504 3.15425
36.5986 0.503374 0.390977 228 -146 0 0 0.63236 0.396639 468 155 660 148 416 263 650 274 580 111 2.72669 398 504 3.15425
36.6653 0.503374 0.390977 228 -146 0 0 0.63236 0.396639 468 155 659 148 416 264 650 273 579 112 2.68266 398 504 3.14159
36.732 0.503374 0.390977 228 -146 0 0 0.63236 0.396639 469 155 659 148 416 264 650 274 579 112 2.68266 398 504 3.15425
36.7986 0.503374 0.390977 228 -146 0 0.4 0.63236 0.397039 469 155 659 148 416 263 650 274 579 112 2.68266 398 504 3.12925
36.8653 0.503374 0.390977 228 -146 0 0.4 0.63236 0.397439 468 155 660 148 416 263 650 274 579 112 2.68266 398 504 3.18053
36.932 0.503374 0.390977 228 -146 0 0.4 0.63236 0.397839 469 155 659 148 416 263 650 273 579 112 2.68266 398 504 3.1166
36.9986 0.503374 0.390977 228 -143 0 0.4 0.63236 0.398239 469 155 659 148 416 263 650 273 579 112 2.68266 398 504 3.14159
37.0653 0.503374 0.390977 228 -143 0 0.4 0.63236 0.398639 468 155 659 148 416 264 650 274 579 112 2.68266 398 504 3.15425
37.132 0.503374 0.390977 228 -143 0 0.4 0.63236 0.399039 469 155 659 148 416 263 650 273 579 111 2.73235 398 504 3.11596
37.1986 0.503374 0.390977 227 -144 0 0.4 0.63236 0.399439 468 155 659 148 416 263 650 274 579 111 2.73235 398 504 3.14159
37.2653 0.503374 0.390977 227 -144 0 0.4 0.63236 0.399839 468 155 659 148 416 263 650 274 579 111 2.73235 398 504 3.14159
37.332 0.503374 0.390977 227 -144 0 0.4 0.63236 0.400239 468 155 659 148 416 264 650 274 580 111 2.71773 398 504 3.14159
37.3986 0.503374 0.390977 227 -139 0 0.4 0.63236 0.400639 468 155 659 148 416 264 650 274 580 111 2.71773 398 504 3.14159
37.4653 0.503374 0.390977 227 -139 0 0.4 0.63236 0.401039 468 155 659 148 416 263 650 274 580 111 2.71773 398 504 3.12894
37.532 0.503374 0.390977 227 -139 0 0.4 0.63236 0.401439 468 155 659 148 416 264 650 274 579 111 2.73235 398 504 3.12894
37.5986 0.503374 0.393034 227 -141 0 0.4 0.63236 0.401839 469 155 659 148 416 264 650 274 580 111 2.72225 398 504 3.14159
37.6653 0.503374 0.393034 227 -141 0 0.4 0.63236 0.40224 468 155 660 148 416 264 650 274 580 111 2.72669 398 504 3.14159
37.732 0.503374 0.393034 227 -141 0 0.4 0.63236 0.40264 468 155 659 148 416 264 650 274 580 111 2.72225 398 504 3.14159
37.7986 0.503374 0.393548 226 -155 0 0.4 0.63236 0.40304 468 155 659 148 416 264 650 274 580 111 2.72669 398 504 3.12894
37.8653 0.503374 0.393548 226 -155 0 0.4 0.63236 0.40344 468 155 660 148 416 264 650 274 580 111 2.72669 398 504 3.12894
37.932 0.503374 0.393548 226 -155 0 0.4 0.63236 0.40384 468 156 660 148 415 263 650 273 580 111 2.72669 398 504 3.14159
37.9986 0.503374 0.394576 226 -156 0 0.4 0.63236 0.40424 469 156 660 148 416 263 650 274 580 111 2.72669 398 505 3.11628
38.0653 0.503374 0.394576 226 -156 0 0.4 0.63236 0.40464 468 155 660 148 416 263 650 274 580 111 2.72669 398 504 3.14159
38.132 0.503374 0.394576 226 -156 0 0.4 0.63236 0.40504 469 155 660 148 415 263 650 274 580 112 2.70764 398 504 3.14159
38.1986 0.503374 0.395861 226 -163 0 0.4 0.63236 0.40544 469 156 660 148 415 263 651 274 580 112 2.68775 398 504 3.14159
38.2653 0.503374 0.395861 226 -163 0 0.4 0.63236 0.40584 469 155 660 148 415 264 651 274 580 112 2.70233 398 504 3.12909
38.332 0.503374 0.395861 225 -179 0 0.4 0.63236 0.40624 469 156 661 148 415 264 651 274 580 113 2.65908 398 504 3.14159
38.3987 0.503374 0.395861 225 -179 0 0.4 0.63236 0.40664 469 156 661 148 415 264 651 274 580 113 2.65908 398 504 3.14159
38.4653 0.503374 0.395861 225 -179 0 0.4 0.63236 0.40704 469 156 661 148 415 264 651 274 580 113 2.65908 398 504 3.12909
38.532 0.503374 0.397661 225 -172 0 0.4 0.63236 0.40744 469 156 661 148 415 264 650 274 580 112 2.72553 398 504 3.14159
38.5987 0.503374 0.397661 225 -172 0 0.4 0.63236 0.40784 469 156 661 148 415 264 651 274 580 112 2.72553 398 504 3.14159
38.6653 0.503374 0.397661 225 -172 0 0.4 0.63236 0.40824 469 156 661 148 415 264 651 274 580 112 2.72553 398 504 3.11691
38.732 0.503374 0.397918 224 -162 0 0.4 0.63236 0.40864 469 156 661 148 415 264 650 274 580 112 2.72553 398 504 3.14159
38.7986 0.503374 0.397918 224 -162 0 0.4 0.63236 0.40904 469 156 661 148 415 264 650 274 581 113 2.65414 398 504 3.14159
38.8653 0.503374 0.397918 224 -162 0 0.4 0.63236 0.40944 470 157 661 148 415 264 651 274 581 112 2.67795 398 504 3.11691
38.932 0.503374 0.399717 225 -166 0 0.4 0.63236 0.40984 469 157 661 148 415 264 651 274 581 113 2.65862 398 504 3.12909
38.9986 0.503374 0.399717 225 -166 0 0.4 0.63236 0.41024 470 157 661 148 415 264 651 274 582 114 2.63342 398 505 3.1166
39.0653 0.503374 0.399717 225 -166 0 0.4 0.63236 0.41064 470 157 661 148 415 264 651 274 582 114 2.63342 398 504 3.12909
39.132 0.503374 0.40126 223 -183 0 0.4 0.63236 0.41104 470 157 661 148 415 264 651 274 582 114 2.63342 397 504 3.12894
39.1987 0.503374 0.40126 223 -183 0 0.4 0.63236 0.41144 470 157 662 148 415 264 651 274 582 114 2.63342 398 504 3.14159
39.2653 0.503374 0.40126 223 -183 0 0.4 0.63236 0.41184 470 157 662 148 415 264 651 274 582 113 2.66324 397 505 3.11628
39.332 0.503374 0.40126 224 -188 0 0.4 0.63236 0.41224 470 157 662 148 414 264 651 274 582 113 2.66324 397 504 3.12894
39.3986 0.503374 0.40126 224 -188 0 0.4 0.63236 0.41264 470 157 662 148 414 264 651 274 582 113 2.66324 398 504 3.12909
39.4653 0.503374 0.40126 224 -188 0 0.4 0.63236 0.41304 470 157 662 148 414 264 651 274 582 113 2.6484 397 505 3.11628
39.532 0.503374 0.402802 224 -183 0 0.4 0.63236 0.41344 470 157 662 149 414 264 651 274 582 113 2.6484 397 504 3.12894
39.5987 0.503374 0.402802 224 -183 0 0.4 0.63236 0.41384 470 157 662 149 414 264 651 274 582 113 2.6484 398 504 3.12909
39.6653 0.503374 0.402802 224 -183 0 0.4 0.63236 0.41424 470 157 662 149 414 264 651 274 583 114 2.6292 397 504 3.12894
39.732 0.503374 0.403059 223 -194 0 0.4 0.63236 0.41464 470 157 662 149 414 263 651 274 583 114 2.6292 398 504 3.14159
39.7986 0.503374 0.403059 223 -194 0 0 0.63236 0.41464 470 158 662 148 414 264 651 274 583 114 2.6292 398 504 3.14159
39.8653 0.503374 0.404344 223 -194 0 0 0.63236 0.41464 471 158 662 148 414 264 651 274 583 115 2.63449 397 505 3.11628
39.932 0.503374 0.404344 223 -194 0 0 0.63236 0.41464 471 158 662 148 414 264 652 274 583 115 2.62511 398 504 3.12909
39.9986 0.503374 0.404344 223 -194 0 0 0.63236 0.41464 470 158 662 148 414 264 651 274 583 115 2.62511 398 504 3.12909
40.0653 0.503374 0.406144 223 -194 0 0 0.63236 0.41464 470 158 662 148 414 264 651 274 583 115 2.62511 398 504 3.14159
40.132 0.503374 0.406144 223 -194 0 0 0.63236 0.41464 470 158 662 148 414 264 652 274 583 114 2.6484 397 505 3.11628
40.1986 0.503374 0.406144 223 -194 0 0 0.63236 0.41464 471 158 663 149 414 264 652 274 584 116 2.58299 397 504 3.12894
40.2653 0.503374 0.406144 222 -213 0 0 0.63236 0.41464 471 158 663 149 414 264 652 274 583 116 2.58856 397 505 3.11628
40.332 0.503374 0.406144 222 -213 0 0 0.63236 0.41464 471 158 663 149 414 264 652 274 584 115 2.6292 397 504 3.12894
40.3986 0.503374 0.406144 222 -213 0 0 0.63236 0.41464 471 158 663 149 414 264 652 274 584 115 2.61831 397 504 3.12894
40.4653 0.503374 0.406915 222 -195 0.4 0 0.63276 0.41464 471 158 663 149 414 264 652 274 584 115 2.6292 398 504 3.14159
40.532 0.503374 0.406915 222 -195 0.4 0 0.63316 0.41464 471 159 663 149 414 264 652 274 583 115 2.61431 397 504 3.12894
40.5986 0.503374 0.406915 222 -195 0.4 0 0.63356 0.41464 471 159 663 149 414 264 652 274 583 115 2.61431 398 504 3.14159
40.6653 0.503374 0.406915 221 -194 0.4 0 0.63396 0.41464 471 159 663 149 414 264 652 274 583 115 2.61431 397 504 3.12894
40.732 0.503374 0.406915 221 -194 0.4 0 0.63436 0.41464 471 159 663 149 414 264 652 274 583 115 2.61431 397 504 3.12894
40.7987 0.503374 0.406915 221 -194 0.4 0 0.63476 0.41464 471 159 663 149 414 264 652 274 583 115 2.61431 397 505 3.11628
40.8653 0.503374 0.406915 223 -194 0.4 0 0.63516 0.41464 471 159 663 149 414 264 652 274 583 115 2.61431 398 504 3.14159
40.932 0.503374 0.406915 223 -194 0.4 0 0.63556 0.41464 471 159 663 149 414 264 652 274 583 115 2.61431 398 504 3.14159
40.9986 0.503374 0.406915 223 -194 0.4 0 0.63596 0.41464 471 159 663 149 414 264 652 274 583 115 2.61431 397 504 3.12894
41.0653 0.504402 0.406915 222 -193 0.4 0 0.63636 0.41464 471 159 663 149 414 264 652 274 583 115 2.61431 397 504 3.12894
41.132 0.504402 0.406915 222 -193 0.4 0 0.63676 0.41464 471 159 663 149 413 264 652 274 583 115 2.61431 398 504 3.14159
41.1986 0.504402 0.406915 222 -193 0.4 0 0.63716 0.41464 471 159 663 149 414 264 652 274 583 115 2.61431 397 505 3.11628
41.2653 0.505687 0.406915 234 -195 0.4 0 0.63756 0.41464 471 159 663 149 413 264 652 274 584 115 2.6292 397 504 3.12894
41.3319 0.505687 0.406915 234 -195 0.4 0 0.63796 0.41464 471 159 663 149 413 264 652 274 584 116 2.61976 397 504 3.12894
41.3986 0.505687 0.406915 264 -193 0.4 0 0.63836 0.41464 471 159 663 149 413 264 652 274 584 115 2.6292 397 504 3.12894
41.4653 0.505687 0.406915 264 -193 0.4 0 0.63876 0.41464 471 159 663 149 414 264 652 274 584 116 2.61431 398 504 3.14159
41.532 0.505687 0.406915 264 -193 0.4 0 0.63916 0.41464 471 159 663 149 414 264 652 274 584 116 2.61431 398 504 3.1166
41.5986 0.50723 0.406915 247 -193 0.4 0 0.63956 0.41464 471 159 663 149 413 264 652 274 584 116 2.61431 398 504 3.14159
41.6653 0.50723 0.406915 247 -193 0.4 0 0.63996 0.41464 471 159 663 149 413 264 652 274 584 116 2.61431 397 504 3.12894
41.732 0.50723 0.406915 247 -193 0.4 0 0.64036 0.41464 471 159 663 149 414 264 652 274 584 116 2.58416 397 504 3.12894
41.7986 0.507487 0.406915 245 -193 0.4 0 0.64076 0.41464 471 159 663 149 413 264 652 274 584 116 2.58416 397 505 3.11628
41.8653 0.507487 0.406915 245 -193 0.4 0 0.64116 0.41464 471 159 663 149 413 264 652 274 584 116 2.58416 397 504 3.12894
41.9319 0.507487 0.406915 245 -193 0.4 0 0.64156 0.41464 471 159 663 149 413 264 652 274 584 116 2.58416 397 504 3.12894
41.9986 0.509029 0.406915 251 -193 0.4 0 0.64196 0.41464 471 159 663 149 413 263 652 274 584 116 2.58416 397 504 3.12894
42.0653 0.509029 0.406915 251 -193 0.4 0 0.64236 0.41464 471 159 663 149 413 264 652 274 584 116 2.58416 397 504 3.12894
42.1319 0.509029 0.406915 251 -193 0.4 0 0.64276 0.41464 471 159 663 149 413 264 652 274 584 116 2.58416 397 504 3.12894
42.1986 0.510057 0.406915 278 -193 0.4 0 0.64316 0.41464 471 159 663 149 413 264 652 274 584 116 2.58416 398 504 3.14159
42.2653 0.510057 0.406915 278 -193 0.4 0 0.64356 0.41464 471 159 663 149 413 264 652 275 584 116 2.58416 397 504 3.12894
42.332 0.510057 0.406915 278 -193 0.4 0 0.64396 0.41464 471 159 663 149 413 264 652 275 584 116 2.58416 397 505 3.11628
42.3986 0.510057 0.406915 317 -192 0.4 0 0.64436 0.41464 471 159 663 149 413 264 652 274 584 116 2.58416 397 505 3.11628
42.4653 0.510057 0.406915 317 -192 0.4 0 0.64476 0.41464 471 159 663 149 413 264 652 275 584 116 2.58416 398 504 3.14159
42.532 0.510057 0.406915 317 -192 0.4 0 0.64516 0.41464 471 159 663 149 413 264 652 275 584 116 2.58416 397 504 3.12894
42.5986 0.512114 0.406915 267 -191 0.4 0 0.64556 0.41464 471 159 663 149 413 263 652 275 584 116 2.58416 397 504 3.12894
42.6653 0.512114 0.406915 267 -191 0.4 0 0.645961 0.41464 471 159 663 149 413 264 652 275 584 116 2.61431 398 504 3.14159
42.732 0.512114 0.406915 267 -191 0.4 0 0.646361 0.41464 471 159 663 149 413 263 652 275 584 116 2.61431 397 504 3.12894
42.7986 0.512114 0.406915 262 -192 0.4 0 0.646761 0.41464 471 159 663 149 413 263 652 275 584 116 2.61431 397 504 3.12894
42.8653 0.512114 0.406915 262 -192 0.4 0 0.647161 0.41464 471 159 663 149 413 263 652 275 584 116 2.61431 397 504 3.12894
42.9319 0.513913 0.406915 272 -192 0.4 0 0.647561 0.41464 471 159 663 149 413 264 652 275 583 117 2.57732 397 504 3.12894
42.9986 0.513913 0.406915 272 -192 0.4 0 0.647961 0.41464 471 159 663 149 413 264 652 275 583 117 2.57732 398 504 3.14159
43.0653 0.513913 0.406915 272 -192 0.4 0 0.648361 0.41464 470 159 663 149 413 264 652 275 583 117 2.58994 397 504 3.12894
43.132 0.515198 0.406915 283 -192 0.4 0 0.648761 0.41464 470 159 663 149 413 264 652 275 583 117 2.59561 397 504 3.12894
43.1986 0.515198 0.406915 283 -192 0.4 0 0.649161 0.41464 470 159 663 149 413 264 652 275 583 116 2.6049 398 504 3.14159
43.2653 0.515198 0.406915 283 -192 0.4 0 0.649561 0.41464 470 159 663 149 413 264 652 275 583 116 2.61431 397 505 3.11628
43.332 0.515198 0.406915 311 -192 0.4 0 0.649961 0.41464 470 159 663 149 413 264 653 275 583 116 2.61431 397 504 3.12894
43.3986 0.515198 0.406915 311 -192 0.4 0 0.650361 0.41464 470 159 663 149 413 264 653 275 583 116 2.62381 397 504 3.12894
43.4653 0.515198 0.406915 311 -192 0.4 0 0.650761 0.41464 470 159 663 149 413 264 653 275 583 116 2.62381 397 504 3.12894
43.532 0.516741 0.406915 295 -191 0.4 0 0.651161 0.41464 470 159 662 149 413 264 653 275 582 117 2.59755 397 504 3.12894
43.5986 0.516741 0.406915 295 -191 0.4 0 0.651561 0.41464 470 159 662 149 412 263 653 275 582 117 2.59561 397 504 3.12894
43.6653 0.516741 0.406915 295 -191 0.4 0 0.651961 0.41464 469 159 662 149 412 263 653 275 582 117 2.60117 397 504 3.12894
43.732 0.516998 0.406915 285 -192 0.4 0 0.652361 0.41464 469 159 662 149 412 263 653 275 582 116 2.61976 397 504 3.12894
43.7986 0.516998 0.406915 285 -192 0.4 0 0.652761 0.41464 469 158 662 149 412 263 653 275 582 116 2.62381 397 504 3.12894
43.8653 0.516998 0.406915 285 -192 0.4 0 0.653161 0.41464 469 158 662 149 412 264 653 275 581 117 2.59755 397 504 3.12894
43.932 0.519054 0.406915 288 -191 0.4 0 0.653561 0.41464 468 158 662 149 412 264 653 275 581 117 2.61042 397 504 3.12894
43.9986 0.519054 0.406915 288 -191 0.4 0 0.653961 0.41464 468 158 662 149 412 263 653 275 581 117 2.61042 397 504 3.12894
44.0653 0.519054 0.406915 288 -191 0.4 0 0.654361 0.41464 468 158 661 150 412 264 653 275 581 117 2.61976 397 504 3.12894
44.132 0.519054 0.406915 318 -191 0.4 0 0.654761 0.41464 468 158 661 150 412 263 653 275 581 116 2.65356 397 504 3.12894
44.1986 0.519054 0.406915 318 -191 0.4 0 0.655161 0.41464 468 158 661 150 412 263 653 275 581 116 2.65356 397 504 3.12894
44.2653 0.519054 0.406915 318 -191 0.4 0 0.655561 0.41464 468 158 661 150 412 263 653 275 581 116 2.65356 397 504 3.12894
44.332 0.519054 0.406915 322 -193 0.4 0 0.655961 0.41464 468 158 661 150 412 263 653 275 581 116 2.65356 397 504 3.12894
44.3986 0.519054 0.406915 322 -193 0.4 0 0.656361 0.41464 468 158 661 150 412 263 653 275 581 116 2.65356 398 504 3.14159
44.4653 0.519054 0.406915 322 -193 0.4 0 0.656761 0.41464 468 158 661 150 411 263 653 275 580 116 2.66324 397 504 3.12894
44.532 0.521882 0.406915 293 -190 0.4 0 0.657161 0.41464 467 158 661 150 411 263 653 275 580 117 2.63969 397 504 3.12894
44.5986 0.521882 0.406915 293 -190 0.4 0 0.657561 0.41464 467 158 660 150 411 263 653 275 580 117 2.63969 398 504 3.14159
44.6653 0.522139 0.406915 304 -190 0.4 0 0.657961 0.41464 467 158 660 150 411 264 653 275 579 116 2.66324 397 504 3.12894
44.732 0.522139 0.406915 304 -190 0.4 0 0.658361 0.41464 467 158 660 150 411 263 653 275 579 116 2.66324 397 504 3.12894
44.7986 0.522139 0.406915 304 -190 0.4 0 0.658761 0.41464 466 158 660 150 411 263 653 275 579 117 2.65356 397 504 3.12894
44.8653 0.523681 0.406915 304 -190 0.4 0 0.659161 0.41464 466 158 660 149 410 263 653 275 579 117 2.65356 397 505 3.11628
44.932 0.523681 0.406915 304 -190 0.4 0 0.659561 0.41464 466 158 660 149 410 263 653 275 579 117 2.65356 397 505 3.11628
44.9986 0.523681 0.406915 304 -190 0.4 0 0.659961 0.41464 465 158 659 149 410 263 653 275 579 117 2.65356 397 504 3.12894
45.0653 0.52548 0.406915 310 -189 0 0 0.659961 0.41464 466 158 659 149 410 263 653 275 579 117 2.65356 397 505 3.11628
45.1319 0.52548 0.406915 310 -189 0 0 0.659961 0.41464 465 157 659 150 410 263 654 275 579 117 2.65356 397 504 3.12894
45.1986 0.52548 0.406915 310 -189 0 0 0.659961 0.41464 465 157 659 150 410 263 653 275 579 117 2.65356 397 504 3.12894
45.2653 0.52548 0.406915 343 -190 0 0 0.659961 0.41464 465 157 659 150 409 263 653 275 579 117 2.65356 397 504 3.12894
45.332 0.52548 0.406915 343 -190 0 0 0.659961 0.41464 465 158 659 150 409 264 653 275 577 117 2.67314 397 504 3.12894
45.3986 0.52548 0.406915 343 -190 0 0 0.659961 0.41464 464 158 658 150 409 263 653 275 577 117 2.67314 397 505 3.11628
45.4653 0.52548 0.406915 344 -189 0 0 0.659961 0.41464 464 157 658 150 409 263 653 275 577 117 2.67314 397 504 3.12894
45.532 0.52548 0.406915 344 -189 0 0 0.659961 0.41464 464 157 658 150 409 263 653 275 577 116 2.71773 397 504 3.12894
45.5986 0.52548 0.406915 344 -189 0 0 0.659961 0.41464 464 157 658 150 409 263 653 275 576 116 2.72225 397 504 3.12894
45.6653 0.52548 0.406915 344 -189 0 0 0.659961 0.41464 464 157 658 150 409 263 653 275 576 116 2.72225 397 504 3.12894
45.732 0.52548 0.406915 344 -189 0 0.4 0.659961 0.41504 464 157 658 150 409 263 653 275 575 116 2.72017 397 504 3.12894
45.7986 0.52548 0.406915 344 -189 0 0.4 0.659961 0.41544 464 157 658 150 409 263 653 275 575 116 2.72017 397 504 3.12894
45.8653 0.52548 0.406915 343 -190 0 0.4 0.659961 0.41584 464 157 658 150 409 263 653 275 576 116 2.71676 397 505 3.11628
45.932 0.52548 0.406915 343 -190 0 0.4 0.659961 0.41624 464 157 658 150 409 263 653 275 576 116 2.70692 397 504 3.12894
45.9987 0.52548 0.406915 343 -190 0 0.4 0.659961 0.41664 464 157 658 150 409 263 653 275 576 116 2.71676 398 504 3.14159
46.0653 0.52548 0.406915 342 -189 0 0.4 0.659961 0.41704 464 157 658 150 409 263 653 275 576 116 2.71676 397 504 3.12894
46.132 0.52548 0.406915 342 -189 0 0.4 0.659961 0.41744 464 157 658 150 409 263 653 275 576 116 2.71676 397 504 3.12894
46.1986 0.52548 0.406915 342 -188 0 0.4 0.659961 0.41784 464 157 658 150 409 263 653 275 576 116 2.71676 397 505 3.11628
46.2653 0.52548 0.406915 342 -188 0 0.4 0.659961 0.41824 464 157 658 150 409 263 653 275 576 116 2.71676 397 504 3.12894
46.332 0.52548 0.406915 342 -188 0 0.4 0.659961 0.41864 464 157 658 149 409 263 653 275 576 116 2.71676 397 504 3.12894
46.3987 0.52548 0.406915 340 -202 0 0.4 0.659961 0.41904 464 157 658 150 409 263 653 275 576 116 2.71676 397 505 3.11628
46.4653 0.52548 0.406915 340 -202 0 0.4 0.659961 0.41944 464 157 658 150 409 263 653 275 576 116 2.71676 397 504 3.12894
46.532 0.52548 0.406915 340 -202 0 0.4 0.659961 0.41984 464 157 658 150 409 263 653 275 576 117 2.66824 397 504 3.12894
46.5986 0.52548 0.407943 340 -207 0 0.4 0.659961 0.42024 464 157 658 150 409 263 653 275 576 117 2.67314 397 504 3.12894
46.6653 0.52548 0.407943 340 -207 0 0.4 0.659961 0.42064 464 157 658 150 409 263 653 275 576 117 2.67314 397 505 3.11628
46.732 0.52548 0.407943 340 -207 0 0.4 0.659961 0.42104 464 157 658 150 409 263 653 275 576 117 2.66824 397 504 3.12894
46.7986 0.52548 0.409485 339 -220 0 0.4 0.659961 0.42144 464 157 658 150 409 263 653 275 576 117 2.66824 397 504 3.12894
46.8653 0.52548 0.409485 339 -220 0 0.4 0.659961 0.42184 464 157 658 150 409 263 653 275 576 116 2.69765 397 505 3.11628
46.932 0.52548 0.409485 339 -220 0 0.4 0.659961 0.42224 464 157 658 150 409 263 653 275 576 116 2.69765 397 504 3.12894
46.9987 0.52548 0.409485 339 -231 0 0.4 0.659961 0.42264 464 157 658 150 409 263 654 276 576 117 2.69251 397 504 3.12894
47.0653 0.52548 0.409485 339 -231 0 0.4 0.659961 0.42304 464 157 658 150 409 263 654 276 576 117 2.69251 397 504 3.12894
47.1319 0.52548 0.409485 339 -231 0 0.4 0.659961 0.42344 464 157 658 150 409 263 654 276 576 117 2.69251 397 505 3.11628
47.1986 0.52548 0.411285 338 -223 0 0.4 0.659961 0.42384 464 157 658 150 409 264 654 276 576 116 2.7353 397 504 3.12894
47.2653 0.52548 0.411285 338 -223 0 0.4 0.659961 0.42424 464 158 658 150 409 264 654 276 576 118 2.67314 397 505 3.11628
47.332 0.52548 0.411285 338 -223 0 0.4 0.659961 0.42464 464 158 658 150 409 263 654 276 576 117 2.70233 397 504 3.12894
47.3986 0.52548 0.411542 337 -213 0 0.4 0.659961 0.42504 464 158 658 150 409 264 654 276 576 117 2.70233 397 504 3.12894
47.4653 0.52548 0.411542 337 -213 0 0.4 0.659961 0.42544 464 158 658 150 409 264 654 276 577 118 2.65356 397 505 3.11628
47.532 0.52548 0.411542 337 -213 0 0.4 0.659961 0.42584 464 158 659 150 409 264 654 276 577 117 2.67795 397 505 3.11628
47.5986 0.525737 0.413084 338 -217 0 0.4 0.659961 0.42624 465 159 659 150 408 264 654 276 577 117 2.67795 397 505 3.11628
47.6653 0.525737 0.413084 338 -217 0 0.4 0.659961 0.42664 465 159 659 150 408 264 654 276 577 117 2.67795 397 504 3.12894
47.732 0.52548 0.414883 337 -224 0 0.4 0.659961 0.42704 465 159 659 150 408 263 654 276 577 117 2.67795 397 504 3.12894
47.7986 0.52548 0.414883 337 -224 0 0.4 0.659961 0.42744 465 159 659 150 408 264 654 276 577 118 2.66824 397 504 3.12894
47.8653 0.52548 0.414883 337 -224 0 0.4 0.659961 0.42784 465 159 659 150 408 264 654 276 578 119 2.64911 397 504 3.12894
47.932 0.52548 0.414883 337 -235 0 0.4 0.659961 0.42824 465 159 659 150 408 264 654 276 578 119 2.64911 397 504 3.12894
47.9986 0.52548 0.414883 337 -235 0 0.4 0.659961 0.42864 465 159 659 150 408 264 654 276 578 119 2.63969 397 505 3.11628
48.0653 0.52548 0.414883 337 -235 0 0.4 0.659961 0.42904 465 159 659 150 408 263 654 276 578 119 2.63969 397 505 3.11628
48.132 0.52548 0.416426 336 -234 0 0.4 0.659961 0.42944 465 159 660 150 407 264 654 276 578 119 2.63969 397 504 3.12894
48.1986 0.52548 0.416426 336 -234 0 0.4 0.659961 0.42984 465 159 660 150 407 264 654 276 578 119 2.63969 397 504 3.12894
48.2653 0.52548 0.416426 336 -234 0 0.4 0.659961 0.43024 465 159 660 150 407 264 654 276 578 119 2.63342 397 504 3.12894
48.332 0.52548 0.416426 335 -237 0 0.4 0.659961 0.43064 465 159 660 150 407 264 654 276 578 120 2.59561 397 504 3.12894
48.3986 0.52548 0.416426 335 -237 0 0.4 0.659961 0.43104 465 159 660 150 407 264 654 276 578 120 2.59561 397 505 3.12925
48.4653 0.52548 0.416426 335 -237 0 0.4 0.659961 0.43144 465 159 660 150 407 264 654 276 578 120 2.59561 397 504 3.12894
48.532 0.52548 0.417968 335 -239 0 0 0.659961 0.43144 465 160 660 150 407 264 655 276 579 119 2.61976 397 504 3.12894
48.5986 0.52548 0.417968 335 -239 0 0 0.659961 0.43144 465 160 660 150 407 264 655 276 579 119 2.61976 397 504 3.12894
48.6653 0.52548 0.417968 335 -239 0 0 0.659961 0.43144 465 160 660 150 407 264 655 276 579 119 2.61976 397 504 3.12894
48.732 0.52548 0.420539 335 -230 0 0 0.659961 0.43144 465 160 660 150 407 264 655 276 579 119 2.63969 397 504 3.12894
48.7986 0.52548 0.420539 335 -230 0 0 0.659961 0.43144 466 161 660 150 407 264 655 276 579 121 2.58299 397 505 3.11628
48.8653 0.52548 0.420539 335 -230 0 0 0.659961 0.43144 466 160 661 150 407 264 655 276 579 121 2.58299 397 505 3.14159
48.932 0.52548 0.420539 335 -257 0 0 0.659961 0.43144 466 161 661 150 407 264 655 276 579 121 2.56834 397 505 3.11628
48.9986 0.52548 0.420539 335 -257 0 0 0.659961 0.43144 465 161 660 150 406 264 655 276 579 121 2.56834 397 504 3.12894
49.0653 0.52548 0.420539 335 -257 0 0 0.659961 0.43144 465 161 660 150 406 264 655 276 580 121 2.55359 397 505 3.12925
49.132 0.52548 0.421567 334 -234 0 0 0.659961 0.43144 466 161 661 150 406 264 655 276 580 121 2.55359 397 505 3.14159
49.1986 0.52548 0.421567 334 -234 0.2 0.2 0.660161 0.43164 466 161 661 150 406 264 655 276 580 121 2.59929 397 504 3.12909
49.2653 0.52548 0.421567 334 -234 0.2 0.2 0.660361 0.43184 466 161 661 150 406 264 655 276 580 121 2.59357 397 504 3.12894
49.332 0.52548 0.421567 334 -234 0.2 0.2 0.660561 0.43204 466 161 661 150 406 264 655 276 579 122 2.56834 397 504 3.12894
49.3987 0.52548 0.421567 334 -234 0.2 0.2 0.660761 0.43224 466 162 660 150 405 264 655 276 579 122 2.56834 397 505 3.11628
49.4653 0.52548 0.421567 339 -233 0.2 0.2 0.660961 0.43244 465 161 660 150 405 264 655 276 579 122 2.56834 397 505 3.11628
49.532 0.52548 0.421567 339 -233 0.2 0.2 0.661161 0.43264 465 161 660 150 405 264 655 276 579 121 2.58641 397 504 3.12894
49.5986 0.52548 0.421567 339 -233 0.2 0.2 0.661361 0.43284 465 161 660 150 405 264 655 276 579 121 2.59561 397 505 3.11628
49.6653 0.52548 0.421567 339 -240 0.2 0.2 0.661561 0.43304 465 162 660 150 405 264 655 276 579 121 2.58994 397 505 3.11628
49.732 0.52548 0.421567 339 -240 0.2 0.2 0.661761 0.43324 465 162 660 150 405 264 655 276 579 121 2.59203 397 504 3.12894
49.7986 0.52548 0.421567 339 -240 0.2 0.2 0.66196 0.43344 465 162 660 150 405 264 655 276 579 121 2.59203 397 504 3.12894
49.8653 0.52548 0.421567 356 -241 0.2 0.2 0.66216 0.43364 465 162 660 150 404 263 655 276 579 121 2.59203 397 504 3.12894
49.932 0.52548 0.421567 356 -241 0.2 0.2 0.66236 0.43384 465 162 660 150 405 263 655 276 579 121 2.59203 397 504 3.12894
49.9986 0.52548 0.421567 356 -241 0.2 0.2 0.66256 0.43404 465 162 660 150 404 264 654 276 579 121 2.59203 397 505 3.11628
50.0653 0.52548 0.423109 330 -229 0.2 0.2 0.66276 0.43424 465 162 660 150 404 264 655 276 579 122 2.56567 397 504 3.12894
50.132 0.52548 0.423109 330 -229 0.2 0.2 0.66296 0.43444 465 162 660 150 404 264 655 276 579 122 2.56567 397 504 3.12894
50.1986 0.52548 0.423109 330 -229 0.2 0.2 0.66316 0.43464 465 162 660 150 404 263 655 276 579 122 2.57732 397 504 3.12894
50.2653 0.528822 0.423109 302 -245 0.2 0.2 0.66336 0.43484 465 162 660 150 404 264 655 276 579 122 2.57155 397 504 3.12894
50.332 0.528822 0.423109 302 -245 0.2 0.2 0.66356 0.43504 465 162 660 150 404 264 655 276 579 122 2.57155 397 504 3.12894
50.3987 0.528822 0.423109 302 -245 0.2 0.2 0.66376 0.43524 464 162 660 150 404 263 655 276 579 122 2.55056 397 504 3.12894
50.4653 0.528822 0.423366 326 -241 0.2 0.2 0.66396 0.43544 465 163 660 150 404 263 655 276 579 122 2.55056 397 504 3.12894
50.532 0.528822 0.423366 326 -241 0.2 0.2 0.66416 0.43564 465 163 660 150 404 263 655 276 579 122 2.55056 397 504 3.12894
50.5986 0.528822 0.423366 326 -241 0.2 0.2 0.66436 0.43584 465 163 660 150 403 264 655 276 579 122 2.55056 397 504 3.12894
50.6653 0.528822 0.424651 326 -232 0.2 0.2 0.66456 0.43604 464 162 660 150 403 264 655 276 579 124 2.51892 397 505 3.12925
50.732 0.528822 0.424651 326 -232 0.2 0.2 0.66476 0.43624 465 163 660 150 403 264 655 276 579 123 2.54154 397 504 3.12894
50.7986 0.528822 0.424651 326 -232 0.2 0.2 0.66496 0.43644 465 163 660 150 403 264 655 276 579 123 2.55056 397 504 3.12894
50.8653 0.528822 0.424651 343 -248 0.2 0.2 0.66516 0.43664 465 163 660 150 403 264 655 276 579 123 2.55056 397 504 3.12894
50.932 0.528822 0.424651 343 -248 0.2 0.2 0.66536 0.43684 464 163 660 150 403 264 655 276 579 123 2.55056 397 504 3.12894
50.9986 0.528822 0.424651 364 -247 0.2 0.2 0.66556 0.43704 464 164 660 150 403 264 655 276 579 125 2.48972 397 504 3.12894
51.0653 0.528822 0.424651 364 -247 0.2 0.2 0.66576 0.43724 464 164 660 150 403 264 655 276 579 124 2.49809 397 504 3.12894
51.132 0.528822 0.424651 364 -247 0.2 0.2 0.66596 0.43744 464 164 660 150 402 264 654 276 579 124 2.49809 397 504 3.12894
51.1986 0.530621 0.424908 327 -224 0.2 0.2 0.66616 0.43764 464 163 660 150 402 263 654 276 579 124 2.49809 397 504 3.12894
51.2653 0.530621 0.424908 327 -224 0.2 0.2 0.66636 0.43784 464 164 660 150 402 263 654 276 578 123 2.52007 397 505 3.12925
51.332 0.530621 0.424908 327 -224 0.2 0.2 0.66656 0.43804 463 164 660 150 402 263 655 276 578 123 2.52641 397 505 3.11628
51.3986 0.530621 0.426965 348 -223 0.2 0.2 0.66676 0.43824 464 164 660 151 402 263 655 276 578 125 2.47503 397 504 3.12894
51.4653 0.530621 0.426965 348 -223 0.2 0.2 0.66696 0.43844 464 164 660 150 401 263 655 276 578 125 2.48146 397 504 3.12894
51.532 0.530621 0.426965 348 -223 0.2 0.2 0.66716 0.43864 463 164 660 150 401 263 655 276 578 125 2.50657 397 504 3.12894
51.5986 0.530621 0.427736 348 -231 0.2 0.2 0.66736 0.43884 463 164 660 150 401 263 655 276 578 124 2.50243 397 505 3.11628
51.6653 0.530621 0.427736 348 -231 0.2 0.2 0.66756 0.43904 464 165 660 150 401 263 655 276 578 124 2.50243 397 504 3.12894
51.732 0.530621 0.427736 348 -231 0.2 0.2 0.66776 0.43924 463 165 660 150 401 263 655 276 578 124 2.50243 397 504 3.12894
51.7986 0.530621 0.427736 370 -250 0.2 0.2 0.66796 0.43944 463 165 659 150 400 263 655 276 578 124 2.50243 397 504 3.12894
51.8653 0.530621 0.427736 370 -250 0.2 0.2 0.66816 0.43964 463 165 659 150 400 263 655 276 578 124 2.50243 397 505 3.11628
51.932 0.530621 0.427736 370 -250 0.2 0.2 0.66836 0.43984 463 165 659 150 400 263 654 276 578 124 2.50243 397 505 3.1166
51.9986 0.530621 0.428764 387 -230 0.2 0.2 0.66856 0.44004 463 165 659 150 400 263 655 276 578 124 2.50243 397 504 3.12894
52.0653 0.530621 0.428764 387 -230 0.2 0.2 0.66876 0.44024 463 165 659 150 400 263 655 276 578 124 2.50243 397 504 3.12894
52.132 0.530621 0.428764 387 -230 0.2 0.2 0.66896 0.44044 463 165 659 150 400 263 655 276 578 124 2.50243 397 504 3.12894
52.1986 0.530621 0.428764 385 -237 0.2 0.2 0.66916 0.44064 463 165 659 150 399 263 655 276 578 124 2.50243 397 504 3.12894
52.2653 0.530621 0.428764 385 -237 0.2 0.2 0.66936 0.44084 462 165 659 150 399 263 655 276 578 124 2.50243 397 504 3.12894
52.332 0.530621 0.428764 385 -237 0.2 0.2 0.669559 0.44104 463 166 659 150 399 263 655 276 578 124 2.50243 397 504 3.12894
52.3986 0.530621 0.429278 313 -238 0.2 0.2 0.669759 0.44124 462 166 659 150 399 263 654 276 578 124 2.50243 397 504 3.12894
52.4653 0.530621 0.429278 313 -238 0.2 0.2 0.669959 0.44144 462 166 659 151 399 263 655 276 578 126 2.47195 397 504 3.12894
52.532 0.534734 0.430307 329 -237 0.2 0.2 0.670159 0.44164 461 165 658 150 398 263 655 276 576 127 2.48722 397 505 3.11628
52.5987 0.534734 0.430307 329 -237 0.2 0.2 0.670359 0.44184 461 166 658 151 398 263 655 276 576 127 2.48722 397 504 3.12894
52.6653 0.534734 0.430307 329 -237 0.2 0.2 0.670559 0.44204 461 166 658 151 397 263 655 276 576 127 2.48722 397 505 3.11628
52.732 0.534734 0.430307 352 -256 0.2 0.2 0.670759 0.44224 461 166 658 151 397 263 655 276 576 127 2.48722 397 504 3.12894
52.7987 0.534734 0.430307 352 -256 0.2 0.2 0.670959 0.44244 461 166 658 151 397 263 655 276 576 127 2.48722 397 504 3.12894
52.8653 0.534734 0.430307 352 -256 0.2 0.2 0.671159 0.44264 460 166 657 151 397 263 655 276 576 127 2.47195 397 505 3.12925
52.932 0.534734 0.431335 372 -238 0.2 0.2 0.671359 0.44284 460 167 657 151 396 263 655 276 576 127 2.47195 397 504 3.12894
52.9987 0.534734 0.431335 372 -238 0.2 0.2 0.671559 0.44304 460 166 657 151 396 263 655 276 576 127 2.47195 397 504 3.12894
53.0653 0.534734 0.431335 372 -238 0.2 0.2 0.671759 0.44324 460 167 657 151 396 263 655 276 576 129 2.40878 397 505 3.11628
53.132 0.534734 0.431335 373 -242 0.2 0.2 0.671959 0.44344 460 167 657 151 396 263 655 276 575 128 2.44824 397 504 3.12894
53.1986 0.534734 0.431335 373 -242 0.2 0.2 0.672159 0.44364 460 167 657 151 396 263 655 276 575 128 2.44824 397 505 3.12925
53.2653 0.534734 0.431335 373 -242 0.2 0.2 0.672359 0.44384 460 167 657 151 396 263 655 276 575 128 2.44824 397 505 3.11628
53.332 0.534734 0.432106 332 -243 0.2 0.2 0.672559 0.44404 460 167 657 151 395 263 655 276 575 128 2.44824 397 504 3.12894
53.3986 0.534734 0.432106 332 -243 0.2 0.2 0.672759 0.44424 460 167 657 151 395 263 655 276 575 128 2.44824 397 504 3.12894
53.4653 0.534734 0.432106 332 -243 0.2 0.2 0.672959 0.44444 459 167 657 151 395 263 655 276 575 128 2.44824 397 504 3.12894
53.532 0.537562 0.433648 334 -220 0.2 0.2 0.673159 0.44464 459 167 656 151 394 263 655 276 574 129 2.46347 397 505 3.11628
53.5986 0.537562 0.433648 334 -220 0.2 0.2 0.673359 0.44484 459 168 656 151 394 263 655 276 574 129 2.46347 397 504 3.12894
53.6653 0.537562 0.433648 334 -220 0.2 0.2 0.673559 0.44504 459 168 656 151 394 263 655 276 575 130 2.42479 397 504 3.12894
53.732 0.537562 0.434162 350 -236 0.2 0.2 0.673759 0.44524 459 168 656 151 393 263 655 276 575 130 2.42479 398 505 3.14159
53.7987 0.537562 0.434162 350 -236 0.2 0.2 0.673959 0.44544 458 169 656 151 393 263 655 276 575 130 2.42479 397 504 3.12894
53.8653 0.537562 0.434162 350 -236 0.2 0.2 0.674159 0.44564 458 168 656 151 393 263 655 276 575 130 2.42479 397 504 3.12894
53.932 0.537562 0.434933 356 -220 0.2 0.2 0.674359 0.44584 458 169 656 151 392 263 655 276 574 130 2.42479 397 504 3.12894
53.9986 0.537562 0.434933 356 -220 0.2 0.2 0.674559 0.44604 458 169 656 151 392 263 655 276 574 130 2.42479 397 504 3.12894
54.0653 0.537562 0.434933 356 -220 0.2 0.2 0.674759 0.44624 457 169 655 151 392 263 655 276 574 130 2.42479 397 505 3.11628
54.132 0.539104 0.434933 339 -226 0.2 0.2 0.674959 0.44644 457 169 655 151 391 263 655 276 574 130 2.42479 397 504 3.12894
54.1986 0.539104 0.434933 339 -226 0.2 0.2 0.675159 0.44664 457 169 655 151 391 263 655 276 572 131 2.43181 397 504 3.12894
54.2653 0.539104 0.435705 361 -225 0.2 0.2 0.675359 0.44684 457 169 655 151 391 263 655 276 572 131 2.43181 397 504 3.12894
54.332 0.539104 0.435705 361 -225 0.2 0.2 0.675559 0.44704 456 170 655 151 391 263 655 276 572 131 2.43181 397 505 3.11628
54.3986 0.539104 0.435705 361 -225 0.2 0.2 0.675759 0.44724 456 170 654 151 390 263 655 276 572 131 2.43181 397 504 3.12894
54.4653 0.539104 0.436733 362 -218 0.2 0.2 0.675959 0.44744 456 170 654 151 390 263 655 276 572 131 2.43181 397 504 3.12894
54.5319 0.539104 0.436733 362 -218 0.2 0.2 0.676159 0.44764 456 170 654 151 390 263 655 276 572 133 2.36395 397 504 3.12894
54.5986 0.539104 0.436733 362 -218 0.2 0.2 0.676359 0.44784 456 171 654 151 389 263 655 276 572 133 2.36395 397 504 3.12894
54.6653 0.539104 0.436733 383 -230 0.2 0.2 0.676559 0.44804 455 171 654 151 389 263 655 276 572 133 2.36395 397 504 3.12894
54.732 0.539104 0.436733 383 -230 0.2 0.2 0.676759 0.44824 455 171 653 150 389 263 654 276 571 134 2.30361 397 504 3.12894
54.7986 0.539104 0.436733 383 -230 0.2 0.2 0.676958 0.44844 455 171 653 151 388 263 654 276 572 135 2.28171 397 504 3.12894
54.8653 0.539104 0.438275 398 -209 0.2 0.2 0.677158 0.44864 455 171 653 150 388 263 654 276 572 135 2.28171 397 505 3.11628
54.932 0.539104 0.438275 398 -209 0.2 0.2 0.677358 0.44884 455 172 654 151 388 263 654 276 572 135 2.28171 397 505 3.11628
54.9986 0.539104 0.438275 398 -209 0.2 0.2 0.677558 0.44904 455 172 653 151 388 263 654 276 571 136 2.26688 397 504 3.12894
55.0653 0.539104 0.438275 397 -224 0.2 0.2 0.677758 0.44924 454 172 653 151 387 263 654 276 571 136 2.26688 397 504 3.12894
55.132 0.539104 0.438275 397 -224 0.2 0.2 0.677958 0.44944 454 172 653 150 387 263 654 276 571 135 2.30281 397 504 3.12894
55.1986 0.539104 0.438275 397 -224 0.2 0.2 0.678158 0.44964 454 172 652 150 387 263 654 276 570 135 2.29473 397 504 3.12894
55.2653 0.539104 0.438275 317 -227 0.2 0.2 0.678358 0.44984 454 172 652 150 387 263 654 276 570 135 2.29473 397 504 3.12894
55.332 0.539104 0.438275 317 -227 0.2 0.2 0.678558 0.45004 453 172 653 151 386 263 654 276 570 135 2.29473 397 504 3.12894
55.3986 0.539104 0.438275 317 -227 0.2 0.2 0.678758 0.45024 452 172 651 151 385 263 654 276 569 136 2.30281 397 504 3.12894
55.4653 0.543217 0.440075 330 -208 0.2 0.2 0.678958 0.45044 451 172 651 151 384 263 654 276 569 136 2.30281 397 504 3.12894
55.532 0.543217 0.440075 330 -208 0.2 0.2 0.679158 0.45064 451 173 651 151 384 263 654 276 569 136 2.30281 397 505 3.11628
55.5986 0.543217 0.440075 330 -208 0.2 0.2 0.679358 0.45084 451 173 651 151 384 263 654 276 569 136 2.30281 397 504 3.12894
55.6653 0.543217 0.440075 345 -217 0.2 0.2 0.679558 0.45104 451 174 650 151 383 263 654 276 569 136 2.30281 397 504 3.12894
55.732 0.543217 0.440075 345 -217 0.2 0.2 0.679758 0.45124 451 174 650 151 383 263 654 276 569 136 2.30281 397 504 3.12894
55.7986 0.543217 0.441103 367 -201 0 0 0.679758 0.45124 450 174 650 151 383 263 654 276 567 138 2.25876 397 504 3.12894
55.8653 0.543217 0.441103 367 -201 0 0 0.679758 0.45124 451 174 650 151 382 263 654 276 567 138 2.26415 397 504 3.12894
55.932 0.543217 0.441103 367 -201 0 0 0.679758 0.45124 451 175 650 151 382 263 654 276 567 138 2.26415 397 504 3.12894
55.9986 0.543217 0.441103 369 -199 0 0 0.679758 0.45124 450 175 650 151 382 263 654 276 568 139 2.23557 397 504 3.12894
56.0653 0.543217 0.441103 369 -199 0 0 0.679758 0.45124 450 175 650 151 382 263 654 276 567 140 2.22714 397 504 3.12894
56.132 0.543217 0.441103 369 -199 0 0 0.679758 0.45124 450 175 650 151 382 263 654 276 567 140 2.22714 397 504 3.12894
56.1986 0.543217 0.442388 378 -197 0 0 0.679758 0.45124 450 175 650 151 382 263 654 276 567 140 2.23373 397 505 3.11628
56.2653 0.543217 0.442388 378 -197 -0.2 0.2 0.679558 0.45144 451 175 650 151 381 263 654 276 567 140 2.23373 397 504 3.12894
56.332 0.543217 0.442388 378 -197 -0.2 0.2 0.679358 0.45164 450 175 650 151 381 263 654 276 567 140 2.22714 397 504 3.12894
56.3987 0.543474 0.442388 376 -208 -0.2 0.2 0.679158 0.45184 450 175 649 151 381 263 654 276 567 140 2.22067 397 504 3.12894
56.4653 0.543474 0.442388 376 -208 -0.2 0.2 0.678958 0.45204 450 175 649 151 381 263 654 276 567 140 2.22067 397 504 3.12894
56.532 0.543474 0.442388 376 -208 -0.2 0.2 0.678758 0.45224 450 176 649 151 381 263 654 276 567 140 2.22067 397 504 3.12894
56.5987 0.543474 0.442388 370 -214 -0.2 0.2 0.678558 0.45244 450 176 649 151 381 263 654 276 567 140 2.22067 397 504 3.12894
56.6653 0.543474 0.442388 370 -214 -0.2 0.2 0.678358 0.45264 449 176 649 151 381 263 654 276 567 141 2.19347 397 504 3.12894
56.732 0.543474 0.442388 370 -214 -0.2 0.2 0.678158 0.45284 449 176 649 151 381 263 654 276 567 141 2.19347 397 504 3.12894
56.7987 0.543217 0.442645 351 -207 -0.2 0.2 0.677958 0.45304 449 176 649 151 381 263 654 276 567 141 2.19347 397 504 3.12894
56.8653 0.543217 0.442645 351 -207 -0.2 0.2 0.677758 0.45324 449 176 649 151 381 263 654 276 566 140 2.22714 397 504 3.12894
56.932 0.543217 0.442645 351 -207 -0.2 0.2 0.677558 0.45344 449 176 649 151 381 263 654 276 566 140 2.22714 397 504 3.12894
56.9986 0.543474 0.442645 352 -199 -0.2 0.2 0.677358 0.45364 449 176 649 151 380 263 654 276 566 140 2.22714 397 504 3.12894
57.0653 0.543474 0.442645 352 -199 -0.2 0.2 0.677158 0.45384 449 176 649 151 380 263 654 276 566 140 2.22714 397 504 3.12894
57.132 0.543474 0.442645 352 -199 -0.2 0.2 0.676958 0.45404 450 177 649 151 380 263 654 276 567 141 2.17634 397 504 3.12894
57.1986 0.543217 0.44393 328 -202 -0.2 0.2 0.676759 0.45424 450 177 649 151 380 263 654 276 567 141 2.17634 397 504 3.12894
57.2653 0.543217 0.44393 328 -202 -0.2 0.2 0.676559 0.45444 450 177 649 151 380 263 654 276 567 141 2.17634 397 505 3.11628
57.332 0.543474 0.444444 330 -212 -0.2 0.2 0.676359 0.45464 450 177 649 151 380 263 654 276 567 141 2.17634 397 504 3.12894
57.3986 0.543474 0.444444 330 -212 -0.2 0.2 0.676159 0.45484 450 177 649 151 380 263 654 276 567 141 2.17897 397 504 3.12894
57.4653 0.543474 0.444444 330 -212 -0.2 0.2 0.675959 0.45504 450 177 649 151 380 263 654 276 567 142 2.17634 397 504 3.12894
57.532 0.543217 0.444444 307 -233 -0.2 0.2 0.675759 0.45524 450 177 649 151 380 263 654 276 567 141 2.17363 397 504 3.12894
57.5986 0.543217 0.444444 307 -233 -0.2 0.2 0.675559 0.45544 450 177 649 151 380 263 654 276 567 142 2.16762 397 504 3.12894
57.6653 0.543217 0.444444 307 -233 -0.2 0.2 0.675359 0.45564 450 177 649 151 380 263 654 276 567 142 2.16762 397 504 3.12894
57.732 0.543474 0.445473 285 -214 -0.2 0.2 0.675159 0.45584 450 177 649 151 380 263 654 276 567 142 2.16762 397 504 3.12894
57.7986 0.543474 0.445473 285 -214 -0.2 0.2 0.674959 0.45604 450 177 649 151 380 263 654 276 567 142 2.16762 397 504 3.12894
57.8653 0.543474 0.445473 285 -214 -0.2 0.2 0.674759 0.45624 450 178 649 151 380 263 654 276 567 142 2.16762 397 504 3.12894
57.9319 0.543474 0.44573 285 -213 -0.2 0.2 0.674559 0.45644 450 178 649 151 380 263 654 276 567 142 2.16762 397 504 3.12894
57.9986 0.543474 0.44573 285 -213 -0.2 0.2 0.674359 0.45664 450 178 649 151 380 263 654 276 567 142 2.16762 397 504 3.12894
58.0653 0.543474 0.44573 285 -213 -0.2 0.2 0.674159 0.45684 450 178 649 151 380 263 654 276 567 142 2.18855 397 504 3.12894
58.132 0.543474 0.446758 264 -201 -0.2 0.2 0.673959 0.45704 450 178 649 151 380 263 654 276 568 143 2.13833 397 504 3.12894
58.1986 0.543474 0.446758 264 -201 -0.2 0.2 0.673759 0.45724 450 178 649 151 380 263 654 276 568 143 2.14405 397 504 3.12894
58.2653 0.543474 0.446758 264 -201 -0.2 0.2 0.673559 0.45744 451 179 649 151 380 263 654 276 568 143 2.14405 397 504 3.12894
58.332 0.543474 0.446758 261 -224 -0.2 0.2 0.673359 0.45764 450 179 649 151 379 263 654 275 568 144 2.1294 397 504 3.12894
58.3987 0.543474 0.446758 261 -224 -0.2 0.2 0.673159 0.45784 450 179 649 151 379 263 654 276 568 144 2.1294 397 504 3.12894
58.4653 0.543474 0.446758 261 -224 -0.2 0.2 0.672959 0.45804 450 179 649 151 379 263 654 276 567 143 2.11484 397 505 3.11628
58.5319 0.543217 0.446758 246 -224 -0.2 0.2 0.672759 0.45824 450 179 649 151 379 263 654 276 567 143 2.11484 397 504 3.12894
58.5986 0.543217 0.446758 246 -224 -0.2 0.2 0.672559 0.45844 450 179 649 151 379 263 654 276 567 143 2.11484 397 504 3.12894
58.6653 0.543217 0.446758 246 -224 -0.2 0.2 0.672359 0.45864 450 179 649 151 379 263 654 276 567 143 2.11484 397 504 3.12894
58.732 0.543217 0.4483 224 -211 -0.2 0.2 0.672159 0.45884 450 179 649 151 379 263 654 276 567 143 2.11484 397 504 3.12894
58.7986 0.543217 0.4483 224 -211 -0.2 0.2 0.671959 0.45904 451 180 649 151 379 263 654 276 568 144 2.12036 397 504 3.12894
58.8653 0.543217 0.4483 224 -211 -0.2 0.2 0.671759 0.45924 450 180 649 151 379 263 654 276 568 144 2.12036 397 504 3.12894
58.932 0.543217 0.448557 224 -204 -0.2 0.2 0.671559 0.45944 450 180 649 151 379 263 654 276 568 144 2.11484 397 505 3.11628
58.9986 0.543217 0.448557 224 -204 -0.2 0.2 0.671359 0.45964 450 180 649 151 379 264 654 276 568 144 2.11484 397 504 3.12894
59.0653 0.543474 0.449585 206 -205 -0.2 0.2 0.671159 0.45984 451 180 649 151 379 263 654 276 568 145 2.11122 397 504 3.12894
59.132 0.543474 0.449585 206 -205 -0.2 0.2 0.670959 0.46004 450 181 649 151 379 263 654 276 568 145 2.10197 397 504 3.12894
59.1986 0.543474 0.449585 206 -205 0 0 0.670959 0.46004 450 181 649 151 378 263 654 276 568 145 2.10197 397 505 3.11628
59.2653 0.543474 0.450357 208 -205 0 0 0.670959 0.46004 450 181 649 151 378 263 654 276 568 146 2.07687 397 504 3.12894
59.332 0.543474 0.450357 208 -205 0 0 0.670959 0.46004 450 181 649 151 378 263 654 276 568 145 2.10197 397 504 3.12894
59.3986 0.543474 0.450357 208 -205 0 0 0.670959 0.46004 451 181 649 151 378 263 654 276 568 145 2.10197 397 504 3.12894
59.4653 0.543474 0.450614 182 -226 0 0 0.670959 0.46004 451 181 649 151 378 263 654 276 568 146 2.05825 397 504 3.12894
59.532 0.543474 0.450614 182 -226 0 0 0.670959 0.46004 451 181 649 151 378 263 654 275 568 146 2.05825 397 504 3.12894
59.5986 0.543474 0.450614 182 -226 0 0 0.670959 0.46004 451 181 649 151 378 263 654 276 568 146 2.05825 397 504 3.12894
59.6653 0.543474 0.450614 182 -227 0 0 0.670959 0.46004 450 181 649 151 378 263 654 276 568 146 2.04392 397 504 3.12894
59.732 0.543474 0.450614 182 -227 0 0 0.670959 0.46004 450 181 649 151 378 263 654 276 568 146 2.04392 397 504 3.12894
59.7986 0.543474 0.450614 182 -227 0 0 0.670959 0.46004 450 181 649 151 378 263 654 276 568 146 2.04392 397 505 3.11628
59.8653 0.543474 0.450614 183 -226 0 0 0.670959 0.46004 450 182 649 151 378 264 654 276 567 146 2.08203 397 504 3.12894
59.932 0.543474 0.450614 183 -226 0 0 0.670959 0.46004 450 182 649 151 378 264 654 276 567 146 2.08728 397 504 3.12894
59.9986 0.543474 0.450614 183 -226 0 0 0.670959 0.46004 450 182 648 151 378 264 654 276 567 146 2.08728 397 504 3.12894
60.0653 0.543474 0.450614 183 -226 0 0 0.670959 0.46004 450 182 648 151 377 264 654 276 567 146 2.0727 397 504 3.12894
60.132 0.543474 0.450614 183 -226 0 0 0.670959 0.46004 450 182 648 151 378 263 654 276 567 146 2.06328 397 504 3.12894
60.1986 0.543474 0.450614 183 -226 0 0 0.670959 0.46004 450 182 648 151 377 263 654 276 567 146 2.06328 397 504 3.12894
60.2653 0.543474 0.450614 186 -226 0 0 0.670959 0.46004 450 182 648 151 377 263 654 276 567 146 2.06328 397 504 3.12894
60.332 0.543474 0.450614 186 -226 0 0 0.670959 0.46004 450 182 648 151 377 263 654 276 567 146 2.06328 397 504 3.12894
60.3986 0.543474 0.450614 186 -226 0 0 0.670959 0.46004 450 182 648 151 377 263 654 275 567 146 2.06841 397 504 3.12894
60.4653 0.543474 0.451385 184 -208 0 0 0.670959 0.46004 450 182 648 151 377 263 654 276 567 146 2.06761 397 504 3.12894
60.532 0.543474 0.451385 184 -208 0 0 0.670959 0.46004 450 182 648 151 377 263 654 276 567 146 2.06761 397 504 3.12894
60.5986 0.543474 0.451385 186 -207 0 0 0.670959 0.46004 450 182 648 151 377 263 654 276 567 146 2.0488 397 504 3.12894
60.6653 0.543474 0.451385 186 -207 0 0 0.670959 0.46004 450 182 648 151 377 263 654 275 567 146 2.0488 397 504 3.12894
60.732 0.543474 0.451385 186 -207 0 0 0.670959 0.46004 450 182 648 151 377 263 654 276 567 147 2.05377 397 504 3.12894
60.7986 0.543474 0.451385 186 -207 0 0 0.670959 0.46004 450 182 648 151 377 263 654 276 567 147 2.05377 397 504 3.12894
60.8653 0.543474 0.451385 186 -207 0 0 0.670959 0.46004 450 182 648 151 377 263 654 276 567 147 2.05377 397 504 3.12894
60.932 0.543474 0.451385 186 -207 0 0 0.670959 0.46004 450 182 648 151 377 263 654 276 567 147 2.05377 397 504 3.12894
60.9986 0.543474 0.451385 186 -207 0 0 0.670959 0.46004 450 182 648 151 377 263 654 276 567 147 2.05377 397 504 3.12894
61.0653 0.543474 0.451385 186 -207 0 0 0.670959 0.46004 450 182 648 151 377 263 654 276 567 147 2.05377 397 504 3.12894
61.132 0.543474 0.451385 186 -207 0 0 0.670959 0.46004 450 182 648 151 377 263 654 276 567 147 2.05377 397 504 3.12894
