43.46699999999999874944,-322.67000000000001591616,0.65941000000000005166,0.36732999999999998986,158.00000000000000000000,-218.00000000000000000000
41.05860144139555245602,-324.25414545150204048696,0.64433346340952479814,0.39950532227516505346,-1.98641781337474654379,-136.02439812245461325801
40.96161110107937020075,-323.56023704152335085382,0.64301464689685983167,0.42145524324914251935,-114.53030774767398725089,-57.55095436500477035224
44.41542261220186560422,-323.31575684652455038304,0.64148450151962366217,0.42101797595808548857,-109.29985613126014243335,-94.22395950101054040715
43.23933964293206599905,-323.53363191445225766074,0.64490496707653011121,0.42170245430058944658,-147.18514546840975754094,-137.35422426965345721328
42.90842153748184273354,-323.58650088293279623031,0.64477719383809106724,0.42141664342282952882,-113.98523229154892533188,-156.90608168183797488382
42.93972260482888714250,-323.44966737579346727216,0.64345816651763509952,0.41723362686370352170,-90.88972755533077929613,-304.55146210097171888265
43.62434602749254963783,-323.03262756590669368961,0.64310185548856280136,0.41665726513054396341,-87.83947027585513467329,-292.04817011353009093000
44.45744168683901875738,-323.07477384507012629911,0.64297421273276178511,0.41518093683591600351,-88.80958962082874563748,-300.69046526838451427466
44.75411041804321143900,-322.99663657013513784477,0.64286602426721717318,0.41653107804881500664,-83.97540754041015986786,-299.79039613030238342617
45.62622862755932828804,-322.97472819433801305422,0.64243257211272297713,0.41645571426711452956,-83.03862568467442883957,-287.19378255727554005716
46.26539063855557287752,-322.87830155570861734304,0.64223277010111645691,0.41750646275267916385,-92.47372560771212590680,-286.91339178897351303021
47.03729443068533555561,-322.92273502063778778393,0.64166608283660631074,0.41715911027173113723,-95.65075361355000893582,-302.11269896527289802179
47.73057218373079990670,-322.84973467340876140952,0.64126692097229709422,0.41708761677768430021,-87.14501382820380115390,-300.60982321609651535255
48.58403195131927532202,-322.90131816201392211951,0.64078072988907985863,0.41694573595629319529,-81.69429354402626586307,-324.41550733962901631457
49.23020396255859054691,-322.69649201696245199855,0.64055208575217303935,0.41676731909908865115,-68.96004468765730166524,-346.20745036829998753092
50.11640086471410882041,-322.36321637582761923113,0.64056796970057505725,0.41727108807015128589,-59.22651393407779352174,-361.17651697460121340555
50.85945864037711316996,-322.47630201022172968806,0.64059841059532951490,0.41930840328952340146,-41.44188057138129011037,-360.56161992033366914256
51.78316356645461837616,-322.30978111434853872197,0.63925568880206495859,0.42233330275468822235,-3.60570280913022322977,-336.92413384050462354935
52.40243489708242918823,-321.73945806705336281084,0.63870862836966380005,0.42417239296320541353,-5.60143312109975077817,-357.92437671824814060528
53.03263290585758227280,-321.59726894606865243986,0.63784204489825935269,0.42619456848615722144,21.15090865413208831569,-366.60343106582297423301
53.71432714561512966611,-321.22304086943285028610,0.63755920847883451597,0.42740592320291886930,42.10755092880098970909,-375.25588390204973165964
54.19552177202623965968,-320.97653672910212208080,0.63727982892583567853,0.42745891734541291429,53.44482302800098239004,-362.71708645139915461186
54.89429749910644318334,-320.80978540755768335657,0.63687498293530453441,0.42850921090065696717,65.64634487970087661779,-376.33339635500271924684
55.57027981160467788868,-320.47492353202017056901,0.63708534090243729153,0.42729104092010133931,90.36174506454223376295,-384.05894432928664627980
55.98881983787671856589,-320.08378129876268758380,0.63803298386955620281,0.42799467539064017796,91.60272938321439539777,-380.55092011426785347794
56.23397762962841284207,-319.70011248176035678625,0.63739653092969950077,0.42813656829747598342,95.08511723530057224707,-393.83615840214741865566
56.97838613557735243376,-319.68957605122238874173,0.63748806510566513595,0.42681566078201682579,150.47775001528526672701,-341.13653406210664797982
57.20309341816792425561,-319.51066768306645826669,0.63723618485710908921,0.42602309236972785156,164.20984889091309355535,-340.89015468395780317223
57.32811143335979409130,-319.35661988034996738861,0.63756069031944895276,0.42800894634940056527,164.06086747284024340843,-289.43107839960691762826
55.07422030132241275169,-318.19646601980605282733,0.64116282530025836550,0.43122827084622150640,261.37001652154407338458,-464.14697643248098302138
54.97933336440212315210,-318.04959208474701881642,0.64154963431624811854,0.43185244819120194304,257.36731169907261573826,-461.47773980537647275924
54.91074415158894339584,-317.83774778805110372559,0.64225055279380283135,0.43191868362037971751,239.76946380043602857768,-451.13869925680569394899
54.92904119659726802638,-317.53426839640667367348,0.64259286466750253908,0.43222633679586036637,244.78159358409561718872,-434.64805379925087436277
54.78506247490503255904,-317.31493564967036036251,0.64191241676264343408,0.43223322489367288490,259.62194745277076890488,-442.76742244533204484469
54.59365233229547698102,-317.03175365827928544604,0.64294214814167316430,0.43235821069170821129,253.21544794866434813230,-416.46067163915068931601
54.48625781146944291322,-316.85641629928545626171,0.64353096090925876460,0.43276656910958288815,254.29523023411820759065,-404.13306159371279591142
54.32707788839894647026,-316.63760718602429733437,0.64345913419991640492,0.43373007672335417428,266.60535972608897736791,-381.01988481130086938720
54.42925660893209283131,-316.40658216081328646396,0.64486800330275351190,0.43304523533402577984,271.02991937823259149809,-375.87179100528260278224
54.35493531047939086420,-316.38113599754728966218,0.64506893888397787151,0.43286127608729846328,292.45769306346124949414,-385.23752557847922162182
54.69612379216803788040,-316.04489562794447010674,0.64485075621482190744,0.43185359951852853033,314.33992966816998659851,-397.73764923088685918628
54.66167937838693546837,-315.88852138654328882694,0.64475132701875481622,0.43166454387571068230,328.96262617225073654481,-413.85794199088854838919
54.72557480529684426074,-315.74282401693034216805,0.64503524915252885563,0.43201941075791278069,340.49693960570385797837,-417.54948635541768453550
54.76606451312463264003,-315.66800842007165783798,0.64561520084799806085,0.43211751002639275931,322.32797062412487321126,-426.91792855889281099735
54.75486786345595646708,-315.47531669647469243500,0.64484402163972165400,0.43277634402378883927,324.54001319180491691441,-432.56907768776494549456
54.96729707054785762921,-315.44719783412904234865,0.64460740906435531894,0.43311337306774494449,333.52061032121252992511,-440.56514017327344845398
55.19665168776384689409,-315.36521918476529435793,0.64409805936944408700,0.43430192241352649773,340.98849135890765182921,-437.34926386147691346196
55.33115053239447433953,-315.35704451434895645434,0.64413796218345764633,0.43454033823652132851,350.20651958427100680638,-429.01358717765731398686
55.40311217715725433663,-315.20285318651588113426,0.64400384776649266527,0.43623536112344535320,345.40618109785879141782,-403.86919027885733157746
55.61553768700741784414,-314.84834651353014578490,0.64355739061399463985,0.43783179313874404093,362.94849667698787243353,-403.14542614430422418081
55.71314911372837741510,-314.85994891071555912276,0.64346651357878981159,0.43761543541147596148,378.78835775963892729123,-404.22518457840158134786
55.80827971357743422232,-314.86137326009804837668,0.64360942245484376034,0.43771294665407123325,397.25408849154001700299,-394.72339867468571128484
55.84111357422361265890,-314.91041758116318760585,0.64351505423683519336,0.43777580124819698293,390.80650993937115345034,-396.57260225118790231136
55.88145062354362835322,-314.87137682984189268609,0.64361051471886565611,0.43766481458083889011,387.32473950226261649732,-394.58624917353154160082
55.87635729896967973218,-314.86882635924928308668,0.64340686269174762746,0.43770338701790328928,395.29562140072982856509,-394.98930241908590232924
55.95854910832272821608,-314.93048059770728741569,0.64378892745109950191,0.43774666588609095763,394.10332456127395062140,-381.81008034114699967176
55.97273050153532381046,-314.95173496859672468418,0.64390695675873477200,0.43756014186089642326,397.40577266694270974767,-380.36501451196858170078
55.80922396664510642950,-314.95193450401291102025,0.64362626617014184749,0.43685711117814263194,397.65421889881486094964,-385.75963356520657043802
55.71961385012858158916,-315.00432720099649941403,0.64363712715867449354,0.43686997918296888166,395.43844622838912528096,-382.32273976044245955563
55.62291223956381713833,-315.04475488500645496970,0.64365233767218044125,0.43661363604856190390,395.52690141005103896532,-380.78236536499326803096
55.56968884813767317610,-315.13550814743166483822,0.64424105735058190270,0.43658757246319135348,382.52157847191961081990,-376.35839529640060163729
55.53347758720420301870,-315.13769887075250153430,0.64447367080571305031,0.43649652888477352697,378.37392307065624663664,-380.56429894854278472849
55.30169824912817944096,-315.05925614908039733564,0.64408586543846468864,0.43614513803510268630,372.05149591518465967965,-382.16228241086008665661
55.26544189489186464925,-315.16182358700484655856,0.64357857814437868793,0.43605304588151816425,375.16062099958134012923,-373.91119730447223901137
55.14181279027337723164,-315.09761404755937519440,0.64443840123245710316,0.43594811891218415711,357.24960552246551515054,-354.51426926592046129372
54.91671974062722938470,-314.98356480575614568806,0.64477954066368292629,0.43596606460492509649,348.72971166560324718375,-364.41280751825649986131
55.00699084413815853623,-314.76261652034821736379,0.64459373030608824173,0.43617576263698792927,356.44044201452027209598,-360.13736152835508619319
54.97777540099005477714,-314.65784528287736065977,0.64496790014836535843,0.43612227726700203423,363.95413802299111694083,-364.56306753823332655884
54.90226157904652382058,-314.55564123941462639777,0.64503856005048554323,0.43653502226039375689,373.53334365191062715894,-363.92541284423424485794
54.90647893778910315632,-314.25000734177797312441,0.64555320895043522000,0.43655073692456253243,371.39929981372813472262,-367.28373234531693469762
54.86934983365671314459,-313.94305915189568167989,0.64615680156952537416,0.43729826456499243381,381.49763736065290231636,-374.35059138417659596598
54.65347086681322252844,-313.49906562327737447049,0.64655206760440353531,0.43760293477341988266,379.66856199737713950526,-380.58468555928607202077
54.59812622392470871091,-313.24738364604274920566,0.64647979745182537759,0.43817395090896477106,379.29891046761599682213,-379.29823446935222364118
54.69178078901910566856,-313.22772236630441966554,0.64742172947895149093,0.43871448263816381630,382.02349603944816180956,-374.12143058580448951034
54.64808574447422984122,-313.09236849396330626405,0.64703973400132286375,0.43911656658611164517,382.49686594998723876415,-370.11676998956727402401
54.61867847766021100142,-312.85813831995835698763,0.64735741146944625335,0.43948918600026004588,370.36512016463120744447,-348.06097553877719974480
54.54419477189165377240,-312.75558469407127404338,0.64698774213245113796,0.43925062090952654570,372.60441379394126215630,-338.95005714292403808940
54.63908596655457472480,-312.83295285753382586336,0.64655895091933235364,0.43956060019682957618,357.60799827487358015787,-344.24354732734229855851
54.67079808253029682419,-312.63959067403459357593,0.64660711506394741299,0.43978625317584740806,356.18483072389085464238,-337.50158940915963512452
54.66116566713375846120,-312.51670219887716939411,0.64710792886728807360,0.44006638089866445540,349.49052937774882821031,-334.63045746613920528034
54.72514412632023095284,-312.37003863969675876433,0.64704916663936795640,0.44089344724345064241,358.27849512337462556388,-317.92574112631268690166
54.64212558658667262534,-312.18691406978484792489,0.64749651100831928652,0.44100926928100309121,364.04492807847788071740,-316.20283392521156429211
54.61870565466469429339,-312.04409759011463165734,0.64788545240713180107,0.44078996511768014921,370.19659658313048566924,-318.05674029687889969864
54.63254360733722592158,-311.95345963710951764369,0.64716440510565875766,0.44166311687464848701,378.79883124101775138115,-313.51050917006818963273
54.66027155045165386582,-311.85354378741737946257,0.64772885854959538765,0.44192139061552676571,378.80356755541521351915,-320.26508804545386510654
54.66350161454354861235,-311.65751969098971585481,0.64793101352663173831,0.44237757874498356836,380.82841119945692298643,-327.85642538638978749077
54.62452926086842808218,-311.50018979692708853690,0.64839747958129045902,0.44281056042512650928,382.59428785235922987340,-331.58097728209878596317
54.55732145329920967924,-311.38782215368479455719,0.64861736122643287583,0.44310506747259570393,359.23129436496788002842,-324.69717342686942629371
54.27585959851197117132,-311.33917070532100979108,0.64901641637445117716,0.44337978817329876113,338.78755271321165309928,-321.53373041777626895055
53.74394863138539335523,-311.18325207270225973843,0.64865331322126140723,0.44335229585021201926,350.64283831610055131023,-308.47642744816835147503
53.48973351275691356932,-311.06941427018728063558,0.64980770874855386943,0.44311641099873311234,339.61852260162675065658,-308.91366580734882063553
53.22398242209212071430,-310.83563810721238951373,0.65024042783909841159,0.44280847817004109768,334.92846016253764673820,-309.05669263750689879089
53.21647349944797156240,-310.76523679099165065054,0.65016962493555163771,0.44237801022985978605,334.17359270617674837922,-301.56109698629109061585
52.83481782097214818350,-310.87171459050080102315,0.65124535954752627021,0.44239368585427335523,318.84721508831825076413,-295.31387582423013782318
52.40322378057808805352,-310.88914305837602114480,0.65171422860536065702,0.44217871943422487613,303.84210923886547561779,-307.43251557517299943356
52.04854074021278620421,-311.08746389044881652808,0.65131234302524698698,0.44162788603328306802,320.73513174220533983316,-325.07678310351172967785
51.66384247836546705912,-311.00914484217531708055,0.65019335341618222923,0.44107773529612126495,340.18990750001404421710,-314.32351770779689559276
51.40801656859943591371,-310.98587900938855455024,0.64982592134325412037,0.44077181299449258445,337.64337175982331018531,-309.21622344088950740115
51.05785031868813916844,-310.75834701402845894336,0.65061464405007984890,0.44009781242638890131,322.26743908207339472938,-303.58104152533286423932
50.62828761259405041528,-310.86884497465848653519,0.65019345078248125258,0.43977005753188386228,338.63040623241596449589,-305.46205391068519929831
50.11769249389234914815,-310.76123972274359630319,0.65072961137429607970,0.43885477461666039245,327.56671417308808713642,-311.51963413297346505715
49.60828073672516325132,-310.74502337388503292459,0.65129920554303433189,0.43808604649163829237,298.67354016130133231854,-306.63708484209212201677
48.90186270887980413136,-310.64099010409915990749,0.65242921703224798780,0.43702530975526349133,289.29284179622663941700,-316.13105025546400383973
47.54106638473612633788,-311.24063218965955002204,0.66198786253064467733,0.44846856867409545799,18.15001110419486707315,-211.98521646446943123010
47.43735795884791173194,-311.08030834552158694351,0.66264776230603494867,0.44842139607149794633,24.20271277819663424680,-190.78521871497679285312
47.30022978919370757467,-311.14014867599826175137,0.66189655930059887456,0.44924380123588314451,32.74801859522310110151,-199.94547037506146125452
47.66685136784028031798,-311.33999718768046705009,0.66492900895920692417,0.44719189064941133882,-6.87882926380744486039,-284.80073725618592561659
47.91053926744208979471,-311.16906816824302950408,0.66575607292970961915,0.45036070970276315117,13.66031178403860479875,-253.96165651263379459124
47.90426737148547431389,-311.06174603020355107219,0.66616705489267202811,0.45160802040550124259,4.74014541453050597397,-260.94426420023341961496
48.07469838594076350091,-310.50755387357190784314,0.66610176732658543663,0.45286606293081127506,-2.24191516104088961470,-271.40474250744080109143
48.32561306135499989978,-310.05670806518622839576,0.66555527541928694024,0.45342532632756193944,-2.88252245237958248936,-277.16408627722285018535
49.29531929843244597578,-309.91476296294132453113,0.66542957538818758856,0.45383287235976149665,-13.67783080273986584530,-292.40123055501044291304
50.45711447731162024866,-309.69350989633966264591,0.66506187305764252748,0.45356981575703220200,-16.85668576359824299971,-303.23684473498695979288
51.02931606437084610661,-309.26307279026809737843,0.66425066413519417985,0.45288794972522933291,4.76451537795322721536,-321.23469773704562157945
51.71186773878611120381,-308.89039783485117141026,0.66405101390237974979,0.45321656398121207276,2.23038256333106943430,-335.22196362386409873579
52.18234455529753290648,-308.57829346203419618178,0.66365546337479031092,0.45387884423834945480,1.03984306967550210743,-335.32510735641312749067
52.87038650180218724017,-308.05536996753295397866,0.66375481702103311665,0.45628103131734781828,-2.75343968761239565879,-336.98572615341674918454
53.61437189308580286706,-307.40992547573728188581,0.66358795285986271750,0.45724314804315996374,2.81678839292793270488,-331.08190315003514569980
54.09489485383451778944,-307.22019048765974957860,0.66253730333631233318,0.45949470609965165080,-18.42608583661921528574,-310.05468218729856744176
54.98752084552498331504,-306.89601113676530985686,0.66326619582925971930,0.45955747187800016773,-0.49621149062233271820,-315.00556165710315781325
55.93836832775238576687,-306.25022818157395931848,0.66335365236805088340,0.45885553986417199068,0.19592406269487838699,-342.07271241411365281238
56.76446024548502578000,-306.34467087213920422073,0.66292463696438597154,0.46043510404383852785,-28.85297175344919651252,-374.30441281584819535055
58.11121791713728157447,-306.38614666054979807086,0.66277578970206663111,0.46136716422946061344,-0.01014264318105162488,-382.08436058198259388519
58.88902343016007989718,-306.47823780708301910636,0.66245280202870426844,0.46232571510209480303,-2.32645330365231117753,-388.86956367643131216028
59.52131364397871493566,-306.48812294878825923661,0.66201654647987084878,0.46255604947118578174,-10.63226399024983592767,-397.45033068708823975612
60.19776150422040927879,-306.27158286980858292736,0.66073082430524099351,0.46343064285399360180,10.13337463411632199950,-421.33809087304825879983
60.70775565450279032120,-305.44735728020145870687,0.66003926154417202898,0.46484960962275445606,13.49735267403728755653,-401.02393399039465293754
61.50640758873490199221,-305.62712360927594090754,0.65930805254740698640,0.46328950042123900888,22.05955186380767685250,-391.93831443725196095329
62.41624795861588381740,-305.28995296449710394882,0.65899037038959318302,0.46430861983447840879,30.98586664369661036744,-407.91020580545870188871
63.03983583408475510623,-304.98430141092325129648,0.65933343167053315437,0.46430593775743028706,22.71744004129769933797,-436.31910858018147791881
63.31321502102923659550,-304.94236973638942345133,0.65910609293487787408,0.46575769956848683817,12.18018896602473333246,-422.58730725904251812608
64.00622613603093213896,-304.11856594720086377492,0.65860146466879798677,0.46546442350258199205,7.07532206591305978804,-434.22593574241886926757
64.65592777630521936771,-304.15728800474533954912,0.65802165473620410907,0.46737403721199022311,9.53490433162118122823,-405.47810836581447802018
65.75084761797666033090,-304.23821391281217074720,0.65740345535108335451,0.46846611849750297019,5.15713143440790844352,-402.32402699846886662272
66.62041178460648893633,-303.87206936081707908670,0.65601428804524242189,0.47058604111743135290,65.00153220937394848988,-366.50926380036412410846
67.07364234879034370351,-303.93371894944715450038,0.65652933093284404631,0.46661676323552980783,44.85483042853338986333,-446.27325621720365234069
67.48061556305407293621,-303.84611848615935514317,0.65648821953396652162,0.46709246817341720792,68.66108200423046525884,-430.18283232860312637058
