74.574 -417.29 44 -38
74.264 -417.41 50.582 -70.206
74.371 -417.39 50.359 -70.461
74.494 -417.36 50.459 -71.053
74.626 -417.34 50.493 -71.586
74.711 -417.35 52.544 -74.568
74.799 -417.32 52.593 -74.992
74.909 -417.33 52.551 -74.644
75.01 -417.35 52.406 -75.15
75.105 -417.34 52.595 -75.97
75.178 -417.32 52.549 -75.992
75.259 -417.29 53.037 -75.619
75.245 -417.28 53.088 -75.848
75.259 -417.26 53.302 -75.052
75.309 -417.27 52.294 -76.11
75.279 -417.25 52.009 -77.492
75.415 -417.23 52.302 -77.427
75.511 -417.21 52.096 -76.65
75.6 -417.2 52.122 -76.338
75.686 -417.2 52.104 -75.553
75.785 -417.18 52.338 -76.117
75.889 -417.16 52.374 -77.669
75.977 -417.14 52.245 -77.189
76.037 -417.13 52.016 -77.264
76.105 -417.11 51.909 -77.703
76.225 -417.08 52.256 -78.86
76.303 -417.05 52.325 -78.816
76.404 -417.05 52.314 -79.903
76.53 -417.03 54.674 -83.242
76.688 -417.02 54.761 -84.361
76.758 -416.99 54.873 -85.125
76.863 -417 55.082 -85.167
76.922 -416.97 62.458 -87.813
77.067 -416.94 63.025 -89.644
77.245 -416.9 62.577 -88.913
77.29 -416.88 62.518 -89.4
77.327 -416.86 62.044 -85.811
77.266 -416.83 64.45 -82.879
77.392 -416.82 64.521 -83.089
77.495 -416.82 71.141 -90.422
77.623 -416.79 72 -91.228
77.736 -416.7 72.225 -92.562
77.87 -416.65 71.655 -93.293
78.019 -416.62 71.496 -94.211
78.157 -416.59 71.107 -96.71
78.302 -416.55 71.516 -97.698
78.432 -416.53 71.189 -99.926
78.567 -416.51 71.367 -101.07
78.653 -416.56 71.112 -101.89
78.692 -416.6 70.744 -99.265
78.803 -416.65 71.037 -100.44
78.936 -416.63 71.129 -102
79.004 -416.71 70.651 -102.35
79.054 -416.77 70.239 -97.584
79.185 -416.84 69.607 -98.648
79.298 -416.89 69.922 -100.04
79.438 -416.86 69.68 -101.96
79.615 -416.82 70.037 -104.11
79.781 -416.78 70.647 -104.69
79.929 -416.76 70.301 -106.29
80.037 -416.74 70.372 -107.21
80.152 -416.72 70.15 -107.88
80.282 -416.66 70.023 -109.43
80.456 -416.63 70.173 -109.25
80.634 -416.59 70.154 -110.79
80.8 -416.56 69.818 -111.88
80.971 -416.55 69.656 -112.99
81.038 -416.63 68.953 -103.91
81.236 -416.58 68.466 -105.49
81.306 -416.69 68.634 -106.34
81.472 -416.67 68.964 -107.21
81.635 -416.65 69.068 -108.73
81.827 -416.64 69.055 -110.95
82.017 -416.62 68.687 -106.61
81.998 -416.72 68.544 -101.03
82.192 -416.68 68.502 -102.62
82.368 -416.65 68.365 -102.84
82.525 -416.61 68.108 -102.28
82.688 -416.58 67.344 -96.919
82.808 -416.64 66.955 -98.482
83.003 -416.63 67.078 -99.144
83.139 -416.75 66.225 -101.26
83.237 -416.83 66.325 -101.22
83.384 -416.81 66.05 -103.12
83.545 -416.76 66.221 -102.61
83.664 -416.79 66.073 -103.69
83.849 -416.75 65.378 -103.97
83.875 -416.87 64.993 -95.112
84.061 -416.83 65.012 -95.075
84.16 -416.86 64.536 -95.096
84.224 -416.93 64.623 -95.808
84.381 -416.89 64.184 -94.889
84.552 -416.87 63.803 -94.981
84.713 -416.84 63.796 -95.961
84.882 -416.8 63.919 -96.388
85.038 -416.76 64.206 -96.428
85.155 -416.83 63.709 -98.393
85.321 -416.79 63.53 -96.591
85.472 -416.75 63.836 -96.385
85.624 -416.72 64.208 -98.673
85.704 -416.82 64.376 -98.868
85.903 -416.77 64.078 -99.476
86.045 -416.85 63.749 -100.06
86.241 -416.82 63.592 -101.7
86.418 -416.78 63.387 -103.36
86.598 -416.74 63.632 -105.17
86.817 -416.71 63.658 -105.71
87.05 -416.65 63.853 -106.49
87.161 -416.69 64.768 -101.03
87.453 -416.8 64.597 -102.66
87.686 -416.72 64.745 -103.8
87.912 -416.69 65.147 -104
88.134 -416.64 65.427 -105.77
88.311 -416.6 65.075 -108.01
88.5 -416.54 65.355 -108.82
88.758 -416.47 64.603 -112.15
88.967 -416.4 64.009 -109.39
89.211 -416.35 64.222 -110.49
89.445 -416.31 63.873 -106.85
89.65 -416.26 63.991 -107.89
89.734 -416.31 63.217 -108.54
89.945 -416.25 63.185 -109.29
90.219 -416.13 62.591 -106.65
90.459 -416.14 62.824 -108.09
90.635 -416.1 62.325 -102.8
90.893 -416.02 61.417 -108.92
91.15 -415.87 60.181 -104.87
91.357 -415.82 60.009 -105.44
91.583 -415.77 59.856 -108.07
91.848 -415.7 59.702 -108.91
92.057 -415.64 58.878 -106.01
92.261 -415.6 58.484 -112.3
92.566 -415.46 57.648 -108.21
92.899 -415.33 56.109 -104.84
93.178 -415.25 55.804 -105.27
93.443 -415.11 55.36 -105.66
93.585 -415.11 55.301 -104.63
93.836 -415.06 55.289 -106.29
94.034 -415.06 55.384 -107.77
94.289 -414.99 53.409 -102.53
94.427 -415 53.353 -97.889
94.657 -414.96 53.452 -98.93
94.798 -414.99 54.764 -100.13
95.026 -414.94 54.508 -100.19
95.138 -415.01 58.005 -98.246
95.362 -414.96 58.095 -98.836
95.499 -414.92 58.093 -99.024
95.724 -414.86 58.202 -99.024
95.941 -414.84 61.362 -94.835
96.146 -414.79 61.398 -95.969
96.342 -414.76 61.414 -97.587
96.529 -414.8 61.313 -97.361
96.75 -414.76 60.806 -97.319
96.984 -414.7 61.113 -98.576
97.198 -414.64 61.063 -98.225
97.341 -414.6 60.992 -98.572
97.631 -414.4 60.934 -99.528
97.927 -414.34 60.436 -99.068
98.098 -414.37 59.954 -94.169
98.293 -414.32 59.853 -94.27
98.481 -414.29 60.031 -94.672
98.691 -414.23 59.618 -94.654
98.918 -414.17 59.316 -95.492
99.171 -414.06 59.447 -95.758
99.487 -413.86 59.321 -95.672
99.697 -413.82 59.408 -97.72
99.984 -413.65 59.529 -98.992
100.23 -413.58 59.953 -101.71
100.32 -413.55 59.837 -100.03
100.6 -413.38 59.769 -102.03
100.8 -413.18 59.788 -104.32
101.09 -413.09 59.632 -105.32
101.37 -413.01 59.088 -106.68
101.51 -412.95 58.963 -115.23
101.78 -412.88 58.516 -115.09
102.04 -412.8 58.121 -115.43
102.31 -412.72 57.671 -115.08
102.56 -412.64 57.293 -117.06
102.78 -412.61 56.936 -117.02
103.03 -412.59 56.445 -116.97
103.33 -412.49 56.452 -118
103.59 -412.42 56.455 -118.65
103.89 -412.33 56.085 -119.77
104.12 -412.26 55.937 -121.37
104.54 -412.03 55.823 -120.67
104.99 -411.81 55.632 -121.16
105.3 -411.71 55.712 -122.44
105.6 -411.62 55.247 -122.33
105.88 -411.53 55.313 -122.05
106.17 -411.45 55.386 -121.03
106.49 -411.37 55.272 -119.89
106.76 -411.27 55.284 -120.08
107.1 -411.18 55.643 -118.67
107.39 -411.1 54.982 -119.09
107.68 -411.02 54.896 -119
107.97 -410.93 54.3 -119.53
108.24 -410.87 53.787 -119.86
108.55 -410.77 53.677 -119.71
108.85 -410.67 53.555 -120.92
109.18 -410.58 53.19 -121.18
109.51 -410.21 53.376 -121.88
109.89 -409.9 53.18 -121.32
110.19 -409.81 52.652 -122.15
110.48 -409.72 52.718 -124.32
110.83 -409.47 52.434 -124.27
111.11 -409.38 52.491 -125
111.4 -409.29 52.387 -125.16
111.83 -409.05 51.758 -126.11
112.14 -408.93 51.313 -126.79
112.46 -408.8 50.404 -127.51
112.77 -408.68 49.82 -131.9
113.21 -408.42 49.984 -132.87
113.51 -408.32 49.314 -130.11
113.81 -408.21 48.985 -129.54
114.32 -407.84 48.593 -130.37
114.63 -407.72 48.714 -130.34
114.92 -407.6 48.755 -130.06
115.21 -407.48 48.76 -130.37
115.49 -407.35 48.512 -131.46
115.79 -407.23 48.005 -131.82
116.07 -407.12 48.298 -132.55
116.37 -407 47.949 -132.49
116.66 -406.88 48.186 -133.13
116.95 -406.77 47.94 -133.78
117.25 -406.65 47.683 -133.48
117.55 -406.54 47.526 -133.47
117.92 -406.26 47.755 -132.78
118.27 -406.08 47.433 -132.74
118.58 -405.96 47.37 -133.11
118.87 -405.82 47.202 -134.04
119.17 -405.7 47.169 -133.66
119.49 -405.54 47.095 -132.87
119.79 -405.43 46.865 -134.22
120.08 -405.32 46.813 -134.1
120.39 -405.22 46.749 -134.51
120.75 -405.04 46.696 -134.28
121.04 -404.92 46.468 -134.57
121.34 -404.81 46.214 -134.65
121.62 -404.7 46.125 -134.76
121.91 -404.58 46.388 -134.95
122.2 -404.46 46.232 -134.91
122.48 -404.34 46.244 -135.02
122.77 -404.23 46.142 -135.25
123.05 -404.11 46.059 -135.08
123.33 -403.99 45.854 -134.44
123.6 -403.88 45.613 -132.72
123.9 -403.76 45.81 -131.77
124.18 -403.63 45.848 -130.88
124.49 -403.51 45.91 -130.81
124.78 -403.39 46.053 -131.5
125.07 -403.28 45.979 -131.6
125.36 -403.15 46.232 -131.6
125.65 -403.04 46.448 -132.32
125.94 -402.92 46.528 -131.86
126.23 -402.8 46.49 -132.13
126.52 -402.68 46.494 -131.97
126.81 -402.56 46.391 -131.93
127.1 -402.43 46.455 -130.88
127.39 -402.31 46.716 -130.74
127.67 -402.19 46.73 -130.93
127.97 -402.07 46.951 -131.12
128.26 -401.96 46.951 -131.09
128.54 -401.83 46.992 -131
128.83 -401.72 47.132 -131.07
129.13 -401.6 47.213 -131.42
129.41 -401.48 47.189 -131.61
129.71 -401.35 46.803 -131.74
130 -401.23 46.984 -132.14
130.3 -401.1 47.087 -132.02
130.58 -400.99 47.57 -131.17
130.87 -400.86 47.589 -131.96
131.16 -400.74 47.889 -132.73
131.45 -400.61 47.911 -133.27
131.74 -400.49 47.922 -133.31
132.04 -400.36 47.978 -133.97
132.33 -400.23 47.912 -134.17
132.62 -400.1 47.898 -134.94
132.91 -399.97 47.982 -135.51
133.21 -399.84 47.983 -135.69
133.49 -399.71 48.02 -138.01
133.78 -399.58 48.338 -138.35
134.07 -399.44 48.551 -138.87
134.36 -399.3 48.517 -139.02
134.64 -399.17 48.448 -139.35
134.93 -399.04 48.59 -139.7
135.22 -398.9 48.504 -140.2
135.51 -398.76 48.69 -140.38
135.8 -398.62 48.643 -140.3
136.09 -398.48 48.55 -140.76
136.38 -398.34 48.498 -141.33
136.66 -398.2 48.609 -141.32
136.95 -398.05 48.586 -142.58
137.24 -397.91 48.414 -143.22
137.53 -397.76 48.407 -143.79
137.82 -397.62 48.358 -144.17
138.1 -397.47 48.193 -144.36
138.38 -397.33 48.076 -144.79
138.68 -397.18 48.046 -144.39
138.96 -397.03 48.12 -145.14
139.25 -396.89 48.116 -144.85
139.54 -396.74 48.208 -144.68
139.82 -396.6 48.288 -144.76
140.1 -396.45 48.32 -144.64
140.38 -396.3 48.439 -145.12
140.66 -396.15 48.611 -146.07
140.95 -395.99 48.62 -146.37
141.24 -395.83 48.61 -146.43
141.53 -395.67 48.988 -147.11
141.83 -395.51 49.095 -147.42
142.11 -395.35 49.156 -147.63
142.41 -395.19 48.836 -146.81
142.7 -395.03 48.389 -147.19
142.99 -394.87 48.098 -147.39
143.27 -394.71 48.245 -148.48
143.55 -394.55 48.11 -149.29
143.83 -394.39 48.28 -149.63
144.12 -394.23 48.241 -150.01
144.41 -394.06 48.292 -150.5
144.7 -393.89 48.426 -151.01
144.98 -393.72 48.128 -151.65
145.27 -393.56 48.103 -152.1
145.55 -393.38 48.048 -151.61
145.83 -393.22 48.057 -151.08
146.12 -393.05 47.895 -151.74
146.4 -392.88 47.878 -152.78
146.68 -392.7 47.856 -154.54
146.97 -392.53 47.711 -155.97
147.25 -392.36 47.567 -156.11
147.54 -392.19 47.612 -155.68
147.82 -392.01 47.563 -156.94
148.11 -391.82 47.566 -157.75
148.39 -391.64 47.513 -158.93
148.67 -391.45 47.595 -158.95
148.95 -391.27 47.544 -160.33
149.22 -391.08 47.365 -159.09
149.49 -390.9 47.221 -159.14
149.76 -390.71 47.167 -159.8
150.04 -390.52 46.894 -159.56
150.31 -390.34 46.787 -159.39
150.59 -390.14 46.906 -159.65
150.87 -389.95 47.172 -160.66
151.13 -389.76 47.294 -160.47
151.4 -389.57 47.349 -160.53
151.66 -389.38 47.251 -161.8
151.93 -389.18 47.414 -162.07
152.19 -388.98 47.783 -161.91
152.46 -388.78 47.75 -161.5
152.73 -388.58 47.693 -162.24
152.99 -388.38 47.58 -162.71
153.25 -388.17 47.373 -164.3
153.5 -387.99 47.351 -163.82
153.75 -387.8 47.663 -166
154 -387.61 47.834 -167.11
154.25 -387.4 47.899 -167.11
154.51 -387.2 47.646 -166.9
154.76 -386.99 47.687 -166.49
155.02 -386.79 47.771 -166.78
155.27 -386.58 48.07 -166.87
155.52 -386.37 48.23 -166.87
155.76 -386.16 48.211 -166.85
156.01 -385.95 48.197 -167.29
156.26 -385.73 48.159 -164.85
156.5 -385.52 48.233 -164.54
156.75 -385.31 48.315 -164.77
156.99 -385.1 48.491 -165.18
157.19 -384.95 51.19 -165.66
157.38 -384.81 54.843 -164.9
157.59 -384.68 58.071 -166.72
157.81 -384.54 60.069 -167.16
157.97 -384.42 64.285 -167.14
158.12 -384.33 74.646 -160.7
158.24 -384.23 79.127 -159.39
158.36 -384.17 83.144 -158.83
158.43 -384.11 87.5 -156.83
158.5 -384.03 89.823 -156.58
158.54 -383.99 94.276 -155.83
158.59 -383.93 98.431 -155.28
158.63 -383.87 102.46 -155.47
158.67 -383.82 104.46 -155.32
158.72 -383.76 106.86 -154.65
158.74 -383.72 109.12 -154.79
158.76 -383.69 111.31 -154.77
158.75 -383.66 115.07 -154.88
158.76 -383.63 116.12 -154.96
158.78 -383.6 118.77 -154.91
158.79 -383.58 121.09 -154.81
158.81 -383.54 124.1 -154.82
158.83 -383.5 127.88 -154.88
158.83 -383.48 129.67 -154.97
158.83 -383.46 132.12 -154.73
158.82 -383.42 133.76 -154.3
158.83 -383.4 134.81 -154.26
158.83 -383.37 136.67 -154.09
158.81 -383.35 138.79 -154.31
158.8 -383.33 139.99 -153.92
158.79 -383.31 142.85 -153.83
158.76 -383.3 144.26 -153.64
158.75 -383.28 146.34 -153.47
158.7 -383.27 149.26 -153.88
158.66 -383.25 151.61 -153.89
158.61 -383.24 154.53 -154.19
158.57 -383.23 157.42 -154.34
158.52 -383.22 158.76 -154.34
158.48 -383.2 159.52 -154.12
158.43 -383.18 161.31 -154.05
158.39 -383.17 162.41 -153.84
158.34 -383.15 163.3 -153.67
158.31 -383.14 165.66 -153.67
158.27 -383.13 168.16 -153.63
158.24 -383.12 170.15 -153.53
158.2 -383.12 171.1 -153.59
158.14 -383.11 174.08 -153.69
158.1 -383.09 176.32 -153.48
158.04 -383.08 177.38 -153.51
157.99 -383.06 178.55 -153.46
157.92 -383.05 181.09 -153.41
157.85 -383.04 182.79 -153.43
157.79 -383.02 184.14 -153.4
157.72 -383 187.24 -153.47
157.63 -382.99 189.27 -153.47
157.54 -382.98 190.14 -153.46
157.47 -382.97 191.38 -153.49
157.38 -382.94 193.98 -153.37
157.3 -382.92 195.65 -153.34
157.21 -382.9 197.73 -153.33
157.12 -382.89 200.48 -153.18
157.05 -382.87 201.32 -153.13
156.97 -382.86 202.39 -152.96
156.89 -382.85 204.49 -152.84
156.8 -382.84 205.56 -152.83
156.68 -382.83 207.9 -152.91
156.56 -382.82 209.79 -152.84
156.44 -382.8 212.66 -152.78
156.3 -382.77 214.22 -152.71
156.17 -382.76 216.05 -152.81
156.04 -382.74 216.55 -152.91
155.9 -382.72 219.11 -152.87
155.77 -382.7 218.95 -153.03
155.63 -382.68 219.67 -152.99
155.5 -382.66 220.78 -153.03
155.36 -382.64 222.66 -153.03
155.22 -382.62 223.82 -152.97
155.08 -382.6 222.85 -152.95
154.93 -382.58 224.38 -153.02
154.78 -382.56 225.37 -152.95
154.63 -382.54 226.63 -153
154.48 -382.52 227.25 -152.95
154.32 -382.5 228.05 -152.95
154.17 -382.47 231.75 -153.08
154.01 -382.44 232.29 -153.14
153.85 -382.42 233.3 -153.04
153.68 -382.39 236.06 -153.04
153.51 -382.36 236.36 -153.09
153.34 -382.33 237.01 -153.17
153.16 -382.3 238.04 -153.15
152.99 -382.27 239.19 -153.09
152.8 -382.25 238.67 -153.02
152.61 -382.21 240.27 -152.91
152.42 -382.18 242.99 -152.91
152.22 -382.15 243.6 -152.97
152.02 -382.12 244.38 -152.96
151.83 -382.08 245.48 -152.94
151.62 -382.05 246.53 -152.9
151.41 -382.02 247.18 -152.88
151.2 -381.98 248.7 -152.91
151 -381.94 247.38 -152.91
150.79 -381.9 245.54 -153.03
150.58 -381.86 244.48 -153.06
150.38 -381.84 243.48 -153.1
150.18 -381.8 244.68 -152.86
149.97 -381.77 244.31 -152.93
149.77 -381.74 245.3 -152.97
149.57 -381.7 244.36 -152.91
149.36 -381.66 244.88 -153
149.16 -381.62 244.54 -153.11
148.95 -381.59 247.18 -153.1
148.74 -381.55 246.27 -153.14
148.53 -381.51 247.01 -153.23
148.34 -381.47 248.35 -153.27
148.12 -381.43 248.57 -153.27
147.9 -381.39 249 -153.41
147.68 -381.34 248.9 -153.37
147.46 -381.29 250.2 -153.26
147.25 -381.24 251.54 -153.19
147.02 -381.19 250.77 -153.14
146.79 -381.15 250.22 -153.05
146.57 -381.1 250.33 -152.95
146.34 -381.06 249.97 -152.87
146.12 -381.02 249.99 -152.81
145.89 -380.98 251.12 -152.83
145.66 -380.94 250.57 -152.85
145.43 -380.91 251.31 -152.91
145.21 -380.86 252.6 -152.88
144.99 -380.81 252.44 -152.85
144.76 -380.76 253.36 -152.79
144.53 -380.71 252.35 -152.83
144.3 -380.65 251.98 -152.8
144.07 -380.59 251.63 -152.89
143.83 -380.53 252.91 -152.78
143.59 -380.47 254.68 -152.76
143.35 -380.41 254.01 -152.67
143.12 -380.35 255.97 -152.58
142.88 -380.29 255.35 -152.47
142.65 -380.22 254.33 -152.39
142.39 -380.15 254.66 -152.34
142.16 -380.09 256.85 -152.13
141.91 -380.03 259.83 -152.26
141.65 -379.95 258.7 -152.37
141.4 -379.89 260.85 -152.45
141.14 -379.83 260.45 -152.45
140.89 -379.75 261.42 -152.58
140.64 -379.68 260.16 -152.69
140.62 -379.54 260.64 -157.77
140.64 -379.4 260.75 -160.25
140.63 -379.27 260.81 -162.1
140.62 -379.11 263.03 -166.15
140.59 -379.01 263.24 -171.31
140.58 -378.89 263 -174.48
140.6 -378.76 262.88 -179.79
140.61 -378.62 262.42 -183.14
140.66 -378.45 263.07 -186.93
140.69 -378.29 263.34 -189.79
140.72 -378.13 263.23 -189.91
140.76 -377.97 263.3 -190.38
140.8 -377.79 262.49 -195.58
140.87 -377.64 262.61 -197.54
140.92 -377.48 262.36 -199.75
141 -377.3 262.74 -200.62
141.08 -377.12 263.26 -199.34
141.1 -376.96 263.45 -201.26
141.15 -376.8 263.32 -203.28
141.21 -376.63 263.47 -204.89
141.25 -376.48 263.39 -206.09
141.31 -376.3 263.33 -207.6
141.37 -376.13 263.65 -207.55
141.43 -375.96 264.01 -208.09
141.51 -375.77 263.77 -209.43
141.57 -375.58 264.02 -209.84
141.64 -375.39 263.63 -211.13
141.7 -375.2 263.24 -211.78
141.76 -375 262.65 -212.21
141.85 -374.76 262.37 -213.28
141.93 -374.58 262.68 -213.47
142.01 -374.39 262.59 -214.2
142.11 -374.18 262.44 -215.12
142.2 -373.95 262.37 -218.35
142.28 -373.74 262.39 -221.23
142.38 -373.52 262.77 -222.74
142.47 -373.31 263.05 -222.14
142.56 -373.12 263.82 -221.66
142.64 -372.91 264.4 -221.83
142.73 -372.71 264.62 -220.6
142.82 -372.49 264.68 -220.55
142.92 -372.29 265.29 -220.3
143 -372.06 265.04 -221.53
143.09 -371.82 265.31 -222.76
143.18 -371.6 265.71 -223.09
143.26 -371.35 265.93 -222.63
143.35 -371.12 266.34 -223.41
143.43 -370.88 266.45 -224.09
143.52 -370.6 266.32 -226.53
143.6 -370.33 266.43 -227.05
143.7 -370.06 266.38 -226.6
143.79 -369.8 266.59 -226.65
143.87 -369.51 266.71 -226.51
143.95 -369.25 266.69 -223.74
144.01 -368.95 266.57 -223.86
144.07 -368.65 266.56 -223.25
144.12 -368.36 266.75 -224.33
144.19 -368.08 266.9 -226.37
144.25 -367.78 267.06 -226.55
144.32 -367.48 267.1 -227.4
144.39 -367.17 267.2 -228.56
144.46 -366.86 267 -229.85
144.53 -366.56 267.12 -230.2
144.59 -366.23 266.93 -229.42
144.66 -365.91 266.99 -227.9
144.73 -365.59 267.04 -226.9
144.8 -365.26 266.83 -225.75
144.86 -364.92 266.98 -225.25
144.92 -364.6 267.16 -225.15
144.99 -364.27 266.67 -223.27
145.07 -363.96 266.37 -222.09
145.14 -363.6 266.08 -220.31
145.21 -363.26 266.22 -217.78
145.3 -362.95 266.63 -216.7
145.38 -362.66 266.44 -215.83
145.47 -362.34 266.13 -215.65
145.55 -362.03 265.87 -215.27
145.63 -361.7 265.65 -215.56
145.73 -361.39 265.48 -212.32
145.81 -361.06 265.01 -212.55
145.89 -360.7 264.69 -213.56
145.98 -360.37 264.68 -212.3
146.06 -360.03 264.28 -212.84
146.15 -359.69 264.14 -212.52
146.23 -359.33 264.01 -211.44
146.31 -358.98 263.78 -209.19
146.39 -358.63 263.91 -209.16
146.48 -358.27 264.03 -207.56
146.56 -357.95 264.15 -208.36
146.65 -357.57 264.26 -208.28
146.72 -357.23 264.21 -207.48
146.8 -356.88 263.06 -207.43
146.87 -356.54 262.54 -207.15
146.95 -356.2 262.13 -206.37
147.04 -355.9 261.93 -204.88
146.99 -355.51 259.52 -204.34
146.96 -355.32 256.79 -204.79
146.92 -354.95 250.42 -203.45
146.88 -354.74 245.59 -203.77
146.87 -354.56 250.71 -199.22
146.79 -354.26 241.95 -200.13
146.74 -353.92 245.05 -200.62
146.7 -353.65 242.94 -198.71
146.65 -353.3 239.34 -198.33
146.6 -352.94 242.35 -195.58
146.54 -352.59 244.79 -196.82
146.49 -352.29 242.5 -211.92
146.47 -352.15 236.79 -215.64
146.48 -352.07 238.52 -218.5
146.47 -351.92 238.8 -215.31
146.46 -351.67 229.23 -202.35
146.43 -351.35 226.93 -201.45
146.41 -351.03 227.45 -210.08
146.39 -350.84 225.04 -211.24
146.36 -350.64 223.84 -211.63
146.34 -350.41 218.06 -211.17
146.36 -350.15 223.8 -214.31
146.36 -349.97 220.56 -212.99
146.33 -349.73 217.39 -215.56
146.31 -349.48 213.53 -216.12
146.33 -349.35 214.19 -210.61
146.34 -349.21 212.33 -212.64
146.32 -349 208.73 -213.56
146.32 -348.85 203.59 -214.85
146.32 -348.7 198.33 -217.25
146.33 -348.53 194.2 -218.22
146.35 -348.3 195.04 -222.33
146.38 -348.14 191.24 -223.5
146.4 -347.95 189.17 -223.69
146.42 -347.73 184.99 -224.12
146.46 -347.56 181.79 -223.23
146.47 -347.36 175.67 -223.4
146.5 -347.26 171.26 -224.89
146.57 -347.18 162.7 -221.07
146.64 -347.11 159.39 -219.99
146.69 -347.01 158.33 -222.64
146.78 -346.87 156.64 -224.86
146.82 -346.77 150.93 -224.1
146.88 -346.61 150.68 -225.14
146.93 -346.47 142.36 -232.4
147 -346.34 141.26 -243.94
147.14 -346.22 138.11 -242.88
147.23 -346.19 134.52 -241.85
147.35 -346.09 129.12 -241.81
147.48 -345.98 126.33 -242.41
147.63 -345.85 124.09 -241.92
147.78 -345.67 120.44 -242.76
147.94 -345.56 115.06 -242.49
148.09 -345.48 113.29 -244.76
148.26 -345.36 110.28 -244.21
148.42 -345.25 109.4 -249.61
148.6 -345.12 107.02 -252.22
148.76 -345.01 104.38 -258.61
148.99 -344.85 101.05 -255.2
149.17 -344.74 98.883 -257.21
149.36 -344.64 95.831 -250.66
149.56 -344.51 93.711 -253.89
149.77 -344.39 92.761 -264.04
150.01 -344.26 91.391 -265.57
150.26 -344.07 87.99 -265.71
150.48 -343.94 87.543 -270.53
151 -343.73 80.597 -275.63
151.25 -343.63 78.28 -275.46
151.55 -343.49 76.629 -277.84
151.85 -343.35 74.108 -271.82
152.18 -343.08 71.496 -270
152.49 -342.96 68.769 -242.17
152.68 -342.82 64.83 -230.93
152.85 -342.54 61.695 -236.48
153.05 -342.38 59.177 -228.18
153.24 -342.16 57.901 -217.96
153.4 -341.95 54.939 -216.41
153.6 -341.79 53.276 -221.73
153.8 -341.59 53.017 -231.33
154.01 -341.43 51.875 -236.13
154.28 -341.29 54.616 -230.53
154.63 -341.02 53.026 -221
154.77 -340.79 51.083 -211.46
154.93 -340.66 49.346 -225.31
155.11 -340.5 46.828 -210.97
155.36 -340.34 45.907 -213.05
155.58 -340.19 45.3 -211.27
155.9 -339.97 44.096 -208.82
156.16 -339.81 42.769 -210.56
156.36 -339.66 42.052 -209.19
156.62 -339.51 41.321 -207.35
156.88 -339.34 34.996 -202.75
157.13 -339.17 33.141 -200.31
157.4 -339 33.303 -197.96
157.69 -338.83 30.196 -197.5
157.71 -338.92 29.22 -190.62
158.05 -338.75 27.718 -178.91
158.44 -338.61 27.36 -164.17
158.87 -338.47 26.037 -162.86
159.35 -338.33 22.849 -157.9
159.82 -338.18 25.563 -157.73
160.29 -338.03 24.485 -157.14
160.77 -337.88 24.531 -156.29
161.28 -337.73 23.778 -161.52
161.74 -337.58 22.727 -160.58
162.2 -337.43 21.33 -158.67
162.69 -337.28 21.055 -157.28
163.16 -337.13 21.002 -155.49
163.65 -336.98 21.109 -154.96
164.12 -336.84 21.774 -154.55
164.57 -336.7 21.343 -149.09
165.05 -336.56 21.883 -150.05
165.53 -336.41 21.544 -149.39
166 -336.26 22.527 -149.47
166.48 -336.11 21.34 -147.55
166.96 -335.95 21.992 -147.33
167.42 -335.8 22.75 -146.92
167.89 -335.64 19.707 -146.04
168.35 -335.48 19.977 -145.99
168.75 -335.34 20.326 -140.27
169.24 -335.18 22.02 -139.45
169.71 -335.02 22.835 -139.44
170.19 -334.87 23.504 -139.94
170.65 -334.71 23.283 -140.61
171.13 -334.55 23.378 -140.51
171.55 -334.4 23.655 -140.83
171.99 -334.25 24.796 -140.14
172.46 -334.09 25.699 -140.52
172.94 -333.93 25.023 -140.61
173.4 -333.77 24.358 -140.34
173.86 -333.61 24.092 -140.31
174.32 -333.45 24.643 -140.16
174.78 -333.3 24.224 -140.12
175.25 -333.14 23.664 -140.2
175.71 -332.98 23.247 -139.82
176.16 -332.82 23.495 -140.25
176.62 -332.65 23.651 -140.61
177.09 -332.49 23.928 -140.78
177.55 -332.32 23.543 -140.72
178 -332.15 24.036 -140.58
178.46 -331.99 23.842 -140.42
178.89 -331.82 23.92 -140.97
179.31 -331.66 23.817 -141.09
179.73 -331.49 23.402 -141.19
180.12 -331.32 23.474 -141.34
180.53 -331.16 23.618 -142.08
180.94 -331 23.951 -141.78
181.37 -330.83 23.444 -141.84
181.79 -330.67 23.299 -142.41
182.16 -330.51 23.749 -142.03
182.56 -330.34 23.456 -141.18
182.99 -330.17 23.445 -140.74
183.4 -330.01 23.192 -140.87
183.79 -329.84 23.518 -141.69
184.21 -329.68 22.884 -141.93
184.63 -329.51 23.024 -141.97
185.05 -329.33 23.68 -142.31
185.44 -329.17 23.135 -142.97
185.82 -328.99 23.07 -142.16
186.22 -328.81 22.471 -143.65
186.58 -328.64 22.824 -143.12
186.93 -328.46 22.565 -142.75
187.31 -328.28 22.519 -142.54
187.7 -328.1 22.422 -141.53
188.12 -327.93 24.17 -140.46
188.53 -327.75 23.504 -139.93
188.94 -327.58 23.521 -139.82
189.36 -327.41 23.61 -138.47
189.76 -327.23 23.939 -138.09
190.18 -327.05 23.707 -137.99
190.61 -326.87 22.139 -137.53
191.04 -326.69 21.886 -136.63
191.47 -326.51 21.696 -135.51
191.91 -326.32 21.077 -134.92
192.37 -326.13 21.155 -134.79
192.8 -325.95 21.252 -134.12
193.24 -325.77 20.904 -133.49
193.67 -325.58 21.477 -133.01
194.1 -325.4 19.946 -132.02
194.52 -325.21 21.408 -131.69
194.96 -325.03 20.01 -130.6
195.42 -324.83 20.109 -130.2
195.82 -324.64 20.706 -130.75
196.25 -324.45 20.229 -130.82
196.68 -324.26 19.631 -130.19
197.1 -324.07 20.802 -130.13
197.52 -323.88 22.344 -130.34
197.95 -323.69 22.399 -130.56
198.37 -323.5 21.465 -130.25
198.79 -323.31 21.395 -131.04
199.22 -323.11 21.983 -130.61
199.64 -322.93 21.976 -130.51
200.05 -322.73 22.547 -131.24
200.46 -322.54 22.718 -131.79
200.88 -322.35 20.992 -131.96
201.3 -322.16 21.183 -131.82
201.74 -321.96 20.928 -132.35
202.17 -321.75 21.548 -131.97
202.57 -321.55 21.948 -131.51
203 -321.36 22.168 -130.99
203.42 -321.16 22.011 -129.77
203.82 -320.97 22.374 -130.08
204.19 -320.77 22.389 -129.92
204.59 -320.57 22.274 -130.93
205 -320.36 22.699 -131.06
205.41 -320.16 23.36 -130.46
205.81 -319.96 22.961 -130.41
206.21 -319.75 23.33 -130.05
206.62 -319.54 23.302 -129.66
207.01 -319.33 23.143 -129.94
207.39 -319.13 22.639 -129.3
207.79 -318.91 24.305 -129.49
208.18 -318.7 24.854 -129.31
208.59 -318.49 24.047 -128.81
208.98 -318.27 23.55 -128.73
209.35 -318.06 23.921 -129.11
209.73 -317.85 23.647 -128.62
210.12 -317.64 24.555 -128.78
210.47 -317.43 24.928 -128.56
210.85 -317.21 24.669 -129.27
211.21 -317 25.003 -128.92
211.56 -316.79 24.679 -128.51
211.93 -316.58 24.152 -128.33
212.33 -316.35 24.18 -127.86
212.72 -316.13 23.769 -127.38
213.06 -315.92 24.126 -126.82
213.41 -315.71 24.293 -127.06
213.76 -315.51 24.275 -126.39
214.15 -315.29 23.873 -125.33
214.5 -315.07 23.967 -124.89
214.85 -314.86 24.11 -124.04
215.23 -314.65 24.472 -123.32
215.6 -314.44 24.722 -123.06
215.93 -314.24 25.387 -123.27
216.29 -314.03 25.652 -123.99
216.64 -313.81 25.68 -123.76
217.03 -313.59 25.652 -122.63
217.4 -313.37 25.26 -121.2
217.78 -313.14 26.524 -119.98
218.16 -312.92 26.656 -119.8
218.53 -312.7 26.668 -119
218.9 -312.47 25.961 -118.12
219.23 -312.27 26.246 -117.88
219.57 -312.05 26.009 -118.31
219.91 -311.84 25.91 -118.24
220.21 -311.64 25.568 -117.78
220.54 -311.42 24.893 -117.35
220.86 -311.22 23.657 -118.07
221.24 -310.99 23.962 -118.37
221.59 -310.77 23.541 -117.98
221.95 -310.54 23.336 -117.43
222.32 -310.32 24.087 -116.97
222.68 -310.09 23.519 -116.94
223.02 -309.87 23.244 -116.93
223.36 -309.65 23.522 -117.29
223.71 -309.42 24.033 -118.02
224.08 -309.19 24.373 -118.1
224.43 -308.96 24.34 -117.75
224.78 -308.74 24.798 -118.67
225.12 -308.52 24.937 -119.38
225.46 -308.29 24.939 -119.18
225.77 -308.07 24.973 -119.84
226.08 -307.85 25.401 -119.81
226.41 -307.62 25.111 -119.64
226.71 -307.39 25.562 -118.98
227.02 -307.17 25.654 -118.35
227.33 -306.96 25.707 -119.11
227.63 -306.75 24.008 -119.11
227.94 -306.54 21.324 -118.72
228.27 -306.31 19.117 -117.44
228.63 -306.07 20.237 -117.42
229 -305.84 21.79 -117.53
229.32 -305.62 22.314 -117.74
229.64 -305.39 22.883 -117.73
229.96 -305.16 23.078 -117.55
230.28 -304.94 23.379 -117.74
230.61 -304.71 23.529 -117.27
230.95 -304.48 23.717 -117.29
231.29 -304.25 24.146 -117.75
231.6 -304 23.9 -117.82
231.93 -303.76 24.928 -116.36
232.27 -303.52 23.347 -116.14
232.6 -303.27 23.031 -115.3
232.94 -303.01 23.233 -115.4
233.26 -302.76 23.045 -114.61
233.56 -302.52 23.282 -114
233.92 -302.27 22.383 -114.22
234.25 -302.02 21.661 -113.94
234.55 -301.81 21.913 -114.5
234.88 -301.57 21.799 -113.56
235.22 -301.33 22.122 -113.47
235.52 -301.1 20.984 -113.24
235.86 -300.87 20.471 -113.12
236.18 -300.62 20.595 -112.41
236.53 -300.35 20.663 -113
236.87 -300.09 21.695 -113.22
237.18 -299.85 21.318 -113.34
237.51 -299.6 22.044 -113.29
237.82 -299.37 21.938 -113.83
238.08 -299.15 21.685 -113.72
238.37 -298.91 21.534 -113.12
238.64 -298.67 21.507 -112.68
238.95 -298.43 21.599 -111.71
239.06 -298.31 24.398 -111.85
239.14 -298.19 31.626 -117.54
239.18 -297.99 35.466 -117.27
239.31 -297.74 39.006 -118.05
239.43 -297.57 42.135 -121.21
239.51 -297.41 43.728 -120.91
239.53 -297.27 46.035 -120.1
239.61 -297.12 49.001 -118.03
239.6 -296.98 50.891 -117.31
239.63 -296.83 52.436 -116.37
239.68 -296.7 57.518 -116.93
239.69 -296.57 59.767 -117.02
239.66 -296.42 63.64 -115.43
239.67 -296.28 66.466 -114.54
239.67 -296.15 69.068 -112.48
239.66 -296.02 70.3 -110.83
239.65 -295.9 72.435 -111.14
239.64 -295.78 74.062 -110.01
239.63 -295.66 75.379 -109.84
239.6 -295.56 76.737 -109.03
239.58 -295.44 81.662 -109.13
239.57 -295.33 83.52 -109.38
239.58 -295.23 83.652 -109.81
239.59 -295.14 82.669 -110.16
239.62 -295.03 84.258 -111.75
239.62 -294.94 86.215 -111.02
239.63 -294.83 88.504 -110.64
239.61 -294.74 90.061 -110.61
239.6 -294.65 90.954 -111.11
239.59 -294.55 92.692 -111.68
239.57 -294.45 94.343 -111.01
239.56 -294.36 96.853 -111.26
239.53 -294.26 97.402 -110.91
239.51 -294.16 102.74 -110.1
239.49 -294.06 104.13 -110.39
239.46 -293.96 105.13 -110.78
239.44 -293.86 106.6 -111.61
239.43 -293.75 109.44 -112.79
239.41 -293.63 110.28 -113.06
239.38 -293.52 110.83 -113.78
239.33 -293.42 110.83 -115.11
239.32 -293.32 112.7 -115.09
239.29 -293.21 112.86 -115.56
239.27 -293.09 113.19 -116.05
239.24 -292.99 114.32 -116.8
239.21 -292.88 114.79 -117.68
239.19 -292.76 115.74 -117.67
239.18 -292.65 115.7 -118.79
239.15 -292.54 118.26 -119.41
239.11 -292.43 120.14 -120.05
239.1 -292.33 120.85 -120.89
239.08 -292.21 122.62 -122.35
239.07 -292.1 123.14 -123.19
239.08 -291.97 123.01 -124.45
239.04 -291.86 123.26 -125.38
239.03 -291.75 124.4 -126.43
239.01 -291.62 124.47 -127.11
239.01 -291.5 124.53 -128.22
239 -291.38 123.79 -128.76
239 -291.25 123.68 -130.02
238.99 -291.14 124.25 -130.76
238.97 -291.01 124.56 -130.97
238.96 -290.88 125.16 -131.53
238.95 -290.77 126.77 -131.62
238.96 -290.64 127.65 -131.9
238.95 -290.51 127.63 -132.84
238.94 -290.38 129.78 -133.45
238.91 -290.24 130.19 -133.88
238.9 -290.12 129.39 -134.56
238.91 -289.98 129.86 -134.72
238.91 -289.85 128.76 -135.3
238.91 -289.72 131.31 -135.5
238.96 -289.62 133.16 -136.06
238.97 -289.47 133.37 -137.38
238.96 -289.36 134.96 -136.41
238.94 -289.24 135.95 -136.61
238.96 -289.1 136.15 -137.8
238.97 -288.96 138.39 -137.15
239.03 -288.85 145.94 -135.34
239 -288.72 146.75 -135.3
238.98 -288.59 153.62 -133.7
238.96 -288.46 154.61 -133.07
238.92 -288.34 155.72 -133.97
238.86 -288.21 156.5 -132.83
238.82 -288.08 156.84 -133.69
238.8 -287.98 158.35 -132.99
238.77 -287.85 162.53 -134.05
238.72 -287.72 163.85 -134.53
238.69 -287.62 162.92 -135.45
238.63 -287.48 162.11 -135.57
238.6 -287.35 164.15 -135.48
238.57 -287.22 165.5 -136.42
238.55 -287.09 166.49 -136.21
238.54 -286.98 164.49 -137.21
238.5 -286.87 166.78 -137.08
238.49 -286.73 167.73 -136.91
238.5 -286.64 168.5 -132.91
238.47 -286.51 171.12 -131.46
238.44 -286.39 176.55 -130.69
238.46 -286.25 178.13 -130.22
238.48 -286.14 181.43 -131.77
238.43 -286 181.61 -131.11
238.4 -285.86 181.87 -131.54
238.35 -285.77 183.55 -132.48
238.3 -285.65 184.47 -132.98
238.29 -285.52 185.68 -132.27
238.27 -285.39 190.1 -130.15
238.29 -285.24 191.77 -126.49
238.28 -285.08 193.83 -126.84
238.27 -284.96 198.78 -125.02
238.27 -284.82 202.85 -122.49
238.24 -284.68 202.74 -123.35
238.21 -284.53 204.97 -123.1
238.16 -284.39 205.53 -122.11
238.12 -284.25 210.7 -121.61
238.07 -284.1 216.44 -119.31
237.95 -283.95 227.06 -118.09
237.86 -283.82 224.9 -118.46
237.74 -283.74 225.49 -118.52
237.65 -283.62 225.33 -118.3
237.54 -283.51 228.46 -117.73
237.36 -283.4 234.41 -116.73
237.19 -283.27 236.95 -116.53
237.03 -283.19 240.96 -115.47
236.88 -283.08 242.94 -115.84
236.76 -282.97 245.5 -114.11
236.63 -282.87 245.6 -113.69
236.48 -282.76 245.57 -115.28
236.34 -282.67 246.75 -113.72
236.18 -282.57 248.81 -113.71
235.98 -282.48 251.47 -114.56
235.85 -282.37 252.75 -113.26
235.69 -282.27 252.47 -112.87
235.56 -282.19 250.09 -113.26
235.44 -282.09 256.6 -112.27
235.27 -282.03 251.6 -111.99
235.09 -281.94 253.8 -111.94
234.93 -281.84 261.06 -113.83
234.8 -281.77 259.15 -113.47
234.68 -281.68 258.96 -114.92
234.56 -281.58 255.47 -116.02
234.39 -281.49 249.4 -116.93
234.24 -281.39 250.85 -116.93
234.08 -281.32 253.23 -119.75
233.98 -281.23 252.32 -121.37
233.84 -281.16 256.23 -118.59
233.66 -281.08 260.03 -117.28
233.55 -280.99 259.15 -116.08
233.42 -280.92 262.11 -114.06
233.31 -280.87 260.36 -116.07
233.22 -280.76 257.54 -116.8
233.08 -280.67 254.93 -115.89
232.92 -280.6 254.38 -114.1
232.78 -280.56 249.81 -115.77
232.64 -280.46 250.49 -115.83
232.49 -280.32 248.85 -115.18
232.33 -280.21 246.69 -114.92
232.13 -280.09 254.18 -114.14
231.94 -280.02 243.68 -115.8
231.77 -279.94 247.63 -112.25
231.61 -279.82 249.24 -112.52
231.44 -279.72 244.34 -117.06
231.25 -279.61 246.59 -117.81
231.03 -279.5 242.56 -118.28
230.85 -279.38 243.92 -118.17
230.71 -279.28 241.35 -116.55
230.5 -279.18 241.26 -118.3
230.26 -279.08 243.72 -117.74
230.05 -278.99 246.49 -116.93
229.9 -278.95 248.77 -119.24
229.73 -278.87 245.5 -120.61
229.59 -278.76 247.56 -120.58
229.47 -278.69 249.17 -122.06
229.42 -278.62 249.18 -122.05
229.36 -278.5 251.35 -119.85
229.24 -278.39 252.95 -121.72
229.14 -278.32 260.72 -121.95
229.06 -278.25 260.98 -121.03
229.02 -278.16 258.89 -119.57
228.89 -278.09 260.08 -121.22
228.81 -278.01 257.01 -121.7
228.73 -277.93 255.64 -122.04
228.66 -277.84 265.21 -121.17
228.57 -277.75 261.15 -121.56
228.48 -277.66 261.15 -120.43
228.43 -277.62 264.63 -119.25
228.31 -277.56 266.66 -117.67
228.17 -277.49 261.17 -118.23
228.02 -277.38 258.83 -118.53
227.89 -277.31 260.86 -119.95
227.84 -277.25 263.13 -119.22
227.69 -277.16 260.28 -119.99
227.61 -277.07 268.29 -120.18
227.51 -277.02 260.5 -119.21
227.41 -276.94 262.37 -116.95
227.3 -276.83 262.59 -117.84
227.23 -276.77 258.68 -118.65
227.14 -276.64 260.97 -116.54
227 -276.6 265.62 -117.73
226.84 -276.56 260.83 -118.74
226.72 -276.47 266.13 -117.55
226.55 -276.39 267.54 -116.76
226.11 -276.42 267.5 -117.16
225.56 -276.4 268.77 -117.35
225.01 -276.59 266.39 -118.02
224.06 -276.42 266.28 -118.29
223.39 -276.39 263.15 -118.57
222.86 -276.38 258.19 -119.61
222.26 -276.29 260.31 -119.99
221.61 -276.27 254.26 -119.17
221.09 -276.16 253 -119.8
220.61 -276.14 249.97 -120.92
219.96 -276.09 248.96 -122.14
219.41 -276.04 244.05 -122.65
218.88 -275.98 235.41 -124.86
218.24 -275.92 223.47 -125.54
217.73 -275.82 222.1 -125.42
217.15 -275.72 220.89 -126.27
216.66 -275.63 223.85 -126.92
216.12 -275.51 218.68 -127.81
215.71 -275.45 217.86 -127.83
215.14 -275.36 215.32 -128.22
214.55 -275.22 212.32 -128.95
214.11 -275.18 210.72 -129.34
213.71 -275.14 207.76 -129.78
213.4 -275.12 204.19 -129.65
213.09 -275.13 202.76 -129.99
212.87 -275.15 198.49 -132.79
212.59 -275.15 196.18 -135.4
212.31 -275.16 196.09 -139.19
211.98 -275.16 195.24 -135.1
211.71 -275.17 192.5 -137.69
211.47 -275.16 194.5 -139.06
211.18 -275.16 185.69 -141.2
210.95 -275.15 182.21 -145.07
210.74 -275.14 180.83 -146.82
210.54 -275.15 174.71 -149.09
210.34 -275.14 173.42 -153.52
210.14 -275.12 173.46 -155.75
209.92 -275.11 175.26 -156.01
209.73 -275.1 176.35 -156.2
209.54 -275.1 176.65 -157.24
209.34 -275.09 172.09 -156.27
209.17 -275.09 170.09 -155.75
208.98 -275.08 170.15 -155.15
208.78 -275.07 172.54 -158.37
208.62 -275.07 172.17 -157.53
208.45 -275.06 171.36 -155.99
208.25 -275.05 170.25 -161.75
208.07 -275.02 171.74 -161.59
207.9 -275.03 170.93 -160.01
207.72 -275.03 172.57 -158.33
207.53 -275.04 174.79 -157.29
207.34 -275.04 173.01 -156.63
207.13 -275.05 173.04 -155.12
206.92 -275.04 173.53 -154.11
206.73 -275.04 167.04 -156.58
206.57 -275 166.78 -153.31
206.37 -274.94 167.45 -151.24
206.17 -274.92 166.2 -154.82
205.96 -274.88 164.87 -157
205.79 -274.82 165.5 -158.6
205.62 -274.76 166.28 -157.92
205.41 -274.71 167.2 -158.29
205.24 -274.67 167.2 -156.9
205.04 -274.61 166.25 -154.64
204.86 -274.57 167.69 -155.45
204.65 -274.51 164.81 -155.21
204.46 -274.45 164.36 -156.38
204.26 -274.37 164.59 -159.44
204.11 -274.32 162.09 -158.48
203.95 -274.29 159.38 -155.85
203.84 -274.25 160.22 -155.66
203.68 -274.22 160.69 -156.42
203.54 -274.18 159.61 -155.49
203.43 -274.15 158.92 -154.73
203.31 -274.1 158.13 -155.6
203.21 -274.06 158.03 -155.68
203.1 -274.03 156.37 -156.47
202.99 -274 153.71 -154.78
202.83 -273.96 151.11 -155.48
202.68 -273.91 147.93 -152.54
202.55 -273.88 140.8 -152.12
202.31 -273.81 145.49 -146.47
202.19 -273.76 140.97 -139.96
201.81 -273.69 136.84 -134.19
201.44 -273.65 136.63 -125.09
201.07 -273.62 152.92 -122.82
200.9 -273.6 148.99 -118.97
200.72 -273.58 138 -113.68
200.46 -273.53 139.39 -104.92
200.29 -273.53 137.56 -104.69
200.18 -273.49 134.76 -104.52
199.97 -273.51 131.27 -99.018
199.77 -273.51 116.21 -85.233
199.51 -273.56 103.46 -72.422
199.12 -273.65 87.049 -48.115
198.77 -273.74 78.828 -38.74
198.57 -273.76 72.731 -20.288
198.26 -273.83 70.942 -18.825
197.97 -273.9 50.733 -16.14
197.69 -273.97 52.38 -17.496
197.44 -274.04 58.782 -21.133
197.21 -274.1 56.585 -23.709
196.93 -274.17 55.797 -17.945
196.55 -274.25 56.871 -22.413
196.31 -274.31 53.82 -19.741
195.98 -274.39 43.557 -24.719
195.73 -274.46 46.559 -23.033
195.44 -274.54 49.957 -12.106
195.13 -274.6 44.832 -10.219
194.83 -274.68 44.526 -14.747
194.55 -274.75 39.338 -13.672
194.26 -274.82 40.532 -18.782
194.04 -274.89 42.351 -11.867
193.77 -274.96 40.817 -15.245
193.49 -275.01 48.903 -25.998
193.19 -275.09 46.787 -5.8987
192.86 -275.17 44.583 -16.71
192.57 -275.23 34.572 -17.183
192.29 -275.32 48.469 -16.268
191.99 -275.4 46.464 -18.559
191.74 -275.45 52.197 -25.458
191.5 -275.51 58.51 -26.368
191.25 -275.57 57.196 -21.894
190.99 -275.62 61.184 -20.97
190.7 -275.69 57.298 -9.406
190.36 -275.76 58.469 -9.9153
190.02 -275.85 57.048 -0.8131
189.65 -275.94 52.075 -8.5601
189.28 -276.03 49.445 -18.601
189 -276.11 47.635 -15.361
188.69 -276.2 44.348 -11.696
188.34 -276.28 53.874 -28.62
188.09 -276.35 52.853 -29.482
187.84 -276.41 48.727 -23.29
187.59 -276.48 48.536 -17.478
187.33 -276.55 52.39 -26.369
187.1 -276.61 46.611 -18.41
186.81 -276.69 44.376 -9.5239
186.44 -276.78 47.839 -15.238
186.13 -276.84 39.702 -24.896
185.79 -276.95 42.905 -16.293
185.5 -277.02 57.599 -25.333
185.24 -277.09 57.794 -52.659
184.98 -277.17 49.897 -21.531
184.72 -277.25 42.751 -24.47
184.42 -277.33 53.583 -32.863
184.21 -277.38 54.673 -33.523
183.94 -277.44 57.899 -29.659
183.65 -277.5 56.26 -25.99
183.38 -277.57 51.029 -21.457
183.08 -277.64 57.243 -19.45
182.78 -277.71 53.431 -19.127
182.5 -277.76 59.328 -20.111
182.14 -277.83 58.32 -13.558
181.85 -277.9 68.604 -18.303
181.49 -277.97 57.772 -8.178
181.18 -278.03 59.983 -15.583
180.83 -278.1 57.964 -6.3549
180.48 -278.18 72.242 -6.4259
180.13 -278.24 78.735 -8.7374
179.77 -278.3 85.21 -23.188
179.41 -278.35 76.739 -16.645
179.08 -278.4 81.327 -21.238
178.74 -278.46 78.447 -9.556
178.35 -278.52 69.822 -9.7979
177.97 -278.59 80.023 -15.243
177.62 -278.65 75.123 -18.254
177.28 -278.71 75.469 -21.058
177.01 -278.75 72.266 -17.853
176.63 -278.82 68.835 -15.406
176.26 -278.9 72.817 -17.078
175.88 -278.98 77.664 -16.376
175.52 -279.04 78.572 -22.558
175.19 -279.1 73.083 -15.765
174.86 -279.15 75.467 -23.368
174.52 -279.21 72.591 -17.709
174.19 -279.27 80.149 -23.488
173.87 -279.32 91.302 -26.306
173.52 -279.36 85.57 -18.919
173.15 -279.44 80.914 -12.869
172.79 -279.49 80.932 -17.333
172.44 -279.55 85.477 -20.164
172.07 -279.61 84.834 -18.463
171.73 -279.66 79.681 -16.362
171.39 -279.7 80.131 -20.802
171.04 -279.76 73.013 -23.542
170.73 -279.81 75.387 -20.711
170.39 -279.86 83.352 -22.448
170.07 -279.88 84.648 -22.557
169.77 -279.93 97.484 -26.724
169.42 -279.97 95.371 -23.049
169.09 -279.99 105.55 -22.317
168.71 -280.02 103.19 -23.721
168.34 -280.05 108.11 -17.217
167.94 -280.09 109.91 -21.185
167.55 -280.11 109 -21.683
167.18 -280.15 108.41 -21.312
166.8 -280.18 105.75 -21.693
166.42 -280.22 108.08 -20.847
166.02 -280.25 105.97 -18.316
165.63 -280.27 119.23 -27.386
165.23 -280.32 112.3 -20.993
164.82 -280.34 113.65 -20.722
164.43 -280.38 111.99 -18.582
164.02 -280.43 119.38 -24.901
163.64 -280.45 114.6 -17.65
163.23 -280.48 113.04 -13.24
162.82 -280.49 113.35 -18.028
162.4 -280.52 113.44 -21.17
162 -280.54 117 -19.543
161.61 -280.57 116.61 -19.545
161.22 -280.6 114.11 -19.564
160.83 -280.62 117.77 -20.5
160.41 -280.65 121.03 -22.363
159.98 -280.67 114.98 -18.735
159.57 -280.71 118.08 -26.675
159.16 -280.74 125.62 -27.696
158.74 -280.76 122.88 -24.596
158.33 -280.8 127.31 -25.348
157.9 -280.84 126 -26.768
157.46 -280.88 120.68 -22.034
157.03 -280.91 133.12 -29.504
156.61 -280.94 123.96 -18.976
156.17 -280.97 121.74 -16.069
155.74 -280.97 122.27 -15.976
155.33 -280.98 125.79 -21.393
154.89 -281.01 120.74 -18.604
154.47 -281.01 115.86 -16.536
154.07 -281.03 125.34 -25.393
153.67 -281.06 119.25 -19.332
153.23 -281.09 118 -17.986
152.82 -281.09 118.22 -16.536
152.44 -281.07 120.33 -17.312
152.02 -281.09 130 -27.866
151.6 -281.12 120.18 -20.401
151.17 -281.15 112.89 -16.126
150.74 -281.17 133.17 -30.543
150.34 -281.2 144.32 -33.52
149.9 -281.23 124.5 -15.545
149.45 -281.24 115.79 -13.185
149.03 -281.26 123.36 -18.307
148.58 -281.28 121.24 -18.238
148.16 -281.3 135.47 -23.614
147.71 -281.29 128.79 -15.505
147.28 -281.31 128.45 -21.468
146.87 -281.32 120.62 -12.274
146.42 -281.35 118.43 -16.087
146 -281.35 125.95 -20.939
145.55 -281.37 111.39 -11.615
145.11 -281.38 135.25 -41.479
144.65 -281.41 97.48 -8.6906
144.19 -281.46 108.22 -19.229
143.96 -281.43 117.57 -32.417
143.81 -281.4 139.47 -28.259
143.61 -281.38 149.45 -43.029
143.47 -281.33 158.56 -45.226
143.35 -281.31 164.79 -48.957
143.2 -281.26 164.67 -51.325
143.11 -281.23 165.78 -55.435
143.11 -281.11 166.09 -58.495
143.05 -281.02 170.55 -62.898
143.01 -280.94 172.68 -58.112
142.95 -280.86 176 -62.835
142.88 -280.78 170.94 -62.481
142.83 -280.65 173.42 -60.479
142.83 -280.54 174.05 -54.801
142.79 -280.52 172.84 -66.893
142.79 -280.43 174.69 -68.418
142.85 -280.37 174.22 -72.331
142.86 -280.23 176.85 -75.191
142.91 -280.11 175.52 -77.17
142.96 -280 175.26 -80.349
143 -279.87 173.52 -81.679
143.06 -279.74 172.18 -81.919
143.14 -279.61 172.16 -85.496
143.17 -279.47 174.03 -88.998
143.28 -279.31 174.35 -89.844
143.39 -279.19 176.68 -93.175
143.49 -279.03 179.32 -94.879
143.61 -278.83 179.62 -99.199
143.67 -278.63 180.74 -114.69
143.78 -278.44 181.51 -114.84
143.86 -278.26 176.93 -110.65
143.98 -278.05 178.23 -112.59
144.1 -277.85 176.03 -108.73
144.19 -277.62 171.09 -106.45
144.23 -277.43 160.41 -102.28
144.35 -277.26 160.32 -103.79
144.49 -277.08 164.61 -105.24
144.68 -276.94 164.93 -107.16
144.79 -276.79 160.15 -104.75
144.89 -276.61 163.58 -119.07
145.03 -276.4 162.88 -117.85
145.17 -276.19 168.44 -120.79
145.35 -275.96 171.3 -121.43
145.45 -275.78 169.25 -120.22
145.61 -275.59 170.38 -118.91
145.73 -275.4 174.17 -120.09
145.88 -275.2 172.54 -118.88
146.03 -275 174.81 -121.01
146.21 -274.75 177.56 -125.4
146.35 -274.53 176.67 -124.27
146.51 -274.29 180.07 -127.32
146.69 -274.07 181.18 -128.64
146.83 -273.83 182.16 -129.68
147.02 -273.6 181.69 -129.59
147.24 -273.34 182.61 -130.53
147.4 -273.07 183.07 -130.75
147.57 -272.82 183.29 -130.27
147.77 -272.61 183.24 -130.56
147.96 -272.37 182.87 -129.61
148.14 -272.16 183.9 -129.44
148.33 -271.93 184.18 -129.99
148.53 -271.71 184.16 -130.74
148.73 -271.49 184.59 -130.92
148.91 -271.28 184.02 -129.82
149.11 -271.05 184.43 -131.68
149.28 -270.82 184.17 -133.34
149.47 -270.57 184.8 -134.36
149.64 -270.36 184.8 -133.72
149.85 -270.14 184.67 -135.09
150.03 -269.91 184.7 -134.98
150.23 -269.68 182.59 -138.02
150.42 -269.45 183.52 -138.86
150.64 -269.22 183.72 -140.21
150.84 -268.97 185.68 -141.44
151.05 -268.71 184.82 -138.58
151.26 -268.48 184.94 -140.37
151.47 -268.25 183.87 -146.78
151.68 -267.97 184.39 -148.03
151.85 -267.75 184.52 -148.22
152.03 -267.54 183.27 -142.17
152.18 -267.33 183.81 -143.55
152.36 -267.09 183.71 -142.31
152.51 -266.9 183.24 -142.54
152.69 -266.66 184.94 -142.71
152.88 -266.43 185.63 -142.3
153.05 -266.18 185.57 -144.77
153.24 -265.97 185.9 -144.21
153.42 -265.71 185.78 -144.18
153.62 -265.45 187.92 -143.67
153.8 -265.22 188.89 -142.74
153.98 -265.01 186.69 -144.84
154.15 -264.8 188.04 -146.47
154.35 -264.58 188.04 -149.58
154.51 -264.38 183.96 -147.17
154.68 -264.15 182.62 -141.01
154.86 -263.89 184.06 -144.52
155.03 -263.67 184.42 -152.8
155.25 -263.43 184.01 -150.66
155.46 -263.21 184.94 -152
155.67 -263.02 185.23 -152.63
155.88 -262.82 185.63 -156.32
156.1 -262.64 183.62 -159.05
156.29 -262.45 181.05 -155.95
156.51 -262.24 180.85 -158.36
156.72 -262.05 181.2 -169
156.97 -261.84 181.24 -171.59
157.23 -261.64 180.87 -174.49
157.49 -261.45 180.56 -178.89
157.73 -261.26 181.22 -180.3
157.97 -261.05 181.57 -180.07
158.22 -260.83 181.63 -179.15
158.46 -260.64 182.13 -178.9
158.7 -260.44 182.35 -182.51
158.93 -260.25 182.23 -183.77
159.18 -260.05 181.47 -187.95
159.4 -259.84 180.99 -189.95
159.63 -259.62 180.75 -191.77
159.85 -259.45 180.23 -194.55
160.09 -259.29 180.19 -197.12
160.33 -259.1 179.95 -197.69
160.59 -258.92 179.58 -197.25
160.86 -258.73 179.59 -199.17
161.13 -258.54 179.53 -201.15
161.4 -258.36 179.79 -200.87
161.65 -258.17 179.5 -202.4
161.91 -257.99 179.08 -208.93
162.17 -257.82 178.86 -209.38
162.42 -257.66 178.59 -210.17
162.67 -257.5 178.51 -211.21
162.91 -257.34 178.6 -214.05
163.18 -257.18 178.72 -215.28
163.44 -257.03 178.53 -217.67
163.7 -256.87 178.87 -219.97
163.98 -256.73 178.76 -216.66
164.23 -256.56 178.44 -217.98
164.48 -256.4 178.54 -221.33
164.75 -256.25 178.52 -222.39
164.99 -256.13 178.25 -221.53
165.23 -256.02 178.16 -222.2
165.49 -255.89 178.28 -223.29
165.75 -255.75 178.52 -223.81
166.02 -255.61 179.02 -225.82
166.25 -255.48 178.92 -229.44
166.49 -255.31 178.5 -232.74
166.74 -255.15 178.19 -235.19
167.03 -255 177.26 -235.2
167.31 -254.84 177.13 -235.19
167.59 -254.67 177.2 -234.75
167.87 -254.5 177.56 -235.36
168.16 -254.36 177.62 -237.77
168.44 -254.19 177.23 -239.72
168.74 -253.95 170.62 -234.73
169.01 -253.82 170.75 -236.62
169.23 -253.63 171.79 -239.2
169.5 -253.51 171.94 -240.68
169.77 -253.37 176.68 -243.55
170.07 -253.22 176.5 -254.57
170.31 -253.17 175.33 -269.3
170.65 -252.86 175.01 -268.61
170.91 -252.72 173.62 -266.89
171.14 -252.61 172.76 -266.01
171.39 -252.49 172.11 -263.31
171.67 -252.37 171.19 -262.88
171.93 -252.27 170.75 -263.73
172.24 -252.13 169.86 -263.98
172.5 -252.03 167.65 -261.73
172.82 -251.85 167.45 -261.32
172.89 -251.51 167.73 -262.55
173.24 -251.34 168.14 -262.96
173.25 -251.16 167.36 -261.82
173.55 -250.99 167.49 -262.38
173.83 -250.84 167.99 -262.68
174.16 -250.57 167.52 -265.19
174.45 -250.44 166.46 -266.78
174.72 -250.29 166.84 -267.64
175.02 -250.16 164.69 -264.19
175.39 -249.99 166.47 -267.29
175.71 -249.82 167.57 -269.76
176.03 -249.64 167.55 -270.35
176.24 -249.48 168.19 -271.98
176.61 -249.27 168.22 -275.26
176.89 -249.15 166.74 -276.55
177.19 -248.94 165.23 -273.16
177.48 -248.74 158.92 -271.93
177.78 -248.58 159.05 -274.57
178.05 -248.47 162.03 -272.08
178.31 -248.33 162.4 -276
178.4 -248.12 166.26 -280.92
178.75 -247.85 169.24 -285.04
179.02 -247.68 172.15 -267.14
179.33 -247.43 169.75 -276.41
179.58 -247.3 172.08 -280.62
179.87 -247.14 174.6 -276.23
180.16 -247.03 173.64 -280.37
180.52 -246.8 177.87 -286.49
180.82 -246.52 182.62 -284.03
181.11 -246.36 186.76 -289.16
181.41 -246.2 190.93 -297.2
181.7 -246.01 198.45 -303.08
181.95 -245.87 203.97 -309.82
182.23 -245.74 213.9 -332.35
182.4 -245.67 215.51 -341.84
182.68 -245.42 216.7 -339.88
182.92 -245.27 216.22 -340.96
183.14 -245.14 210.69 -360.69
183.38 -245.04 212.37 -378.63
183.65 -244.82 211.52 -381.08
183.89 -244.6 212.91 -388.87
184.13 -244.46 142.81 -324.11
184.45 -244.28 142.25 -315.75
184.77 -244.13 143.68 -319.65
185.07 -244 148.74 -319.31
185.41 -243.7 166.15 -338.73
185.64 -243.44 181.18 -357.79
185.87 -243.39 184.56 -359.27
186.15 -243.22 185.29 -372.72
186.51 -242.96 188.44 -384.71
186.76 -242.74 190.2 -414.45
186.88 -242.21 189.79 -425.55
187.11 -241.94 190.18 -435.77
187.35 -241.8 180.57 -447.09
187.64 -241.47 131.77 -380.14
187.97 -241.29 138.54 -391.94
188.4 -241.15 139.96 -426.14
188.58 -241.03 140.67 -425
188.81 -240.9 108.35 -436.54
189.06 -240.76 107.61 -423.23
189.39 -240.44 107.66 -424.07
189.68 -240.24 106.28 -428.13
189.89 -240.04 97.748 -489.33
190.13 -239.9 102.45 -495.67
190.42 -239.74 106.61 -489.68
190.77 -239.48 105.23 -498.46
191.41 -239.32 119.81 -536.2
191.61 -239.2 90.588 -475.43
191.93 -239.04 98.264 -480.6
192.13 -238.92 97.853 -482.29
192.27 -238.81 92.779 -495.66
192.51 -238.68 99.008 -520.83
192.79 -238.57 96.907 -516.57
193.08 -238.46 95.28 -523.69
193.36 -238.25 102.13 -534.51
193.81 -238.13 88.917 -543.89
194.07 -237.95 90.01 -546.39
194.32 -237.81 93.309 -547.47
194.66 -237.7 103.74 -555.54
195.22 -237.57 65.128 -501.97
195.57 -237.28 62.1 -519.04
195.85 -237.13 63.587 -531.06
196.15 -236.96 63.419 -532.55
196.71 -236.8 63.603 -530.77
197.38 -236.62 63.576 -533.21
197.65 -236.46 39.7 -502.13
198.09 -236.2 38.077 -492.76
198.44 -235.97 31.045 -460.86
198.7 -235.66 32.916 -461.23
199 -235.41 63.062 -487.83
199.35 -235.22 76.67 -496.45
199.55 -235.03 57.339 -468.99
199.78 -234.86 58.01 -450.28
199.99 -234.66 69.01 -467.6
200.32 -234.4 30.591 -437.21
200.61 -234.25 26.12 -450.59
200.93 -234.03 23.351 -445.37
201.23 -233.71 22.94 -423.7
201.47 -233.59 22.697 -425.48
201.73 -233.42 11.717 -402.4
201.97 -233.24 8.1617 -404.42
202.31 -233.06 5.2843 -400.79
202.56 -232.9 5.1503 -397.16
202.8 -232.7 4.6649 -400.73
203.06 -232.49 1.7032 -404.54
203.34 -232.34 1.392 -398.05
203.6 -232.26 1.3276 -397.31
203.96 -232.15 -5.5922 -395.14
204.28 -232.02 -7.63 -390.6
204.64 -231.86 -8.321 -380.79
204.94 -231.77 -6.8676 -385.64
205.14 -231.63 -6.7496 -401.02
205.41 -231.4 -9.319 -397.77
205.75 -231.34 -7.9645 -406.64
206.03 -231.34 -0.15565 -403.23
206.31 -231.2 23.674 -416.15
206.66 -230.97 -0.562 -383.54
207 -230.99 0.88949 -390.22
207.32 -231.04 1.619 -393.88
207.68 -231.06 0.39757 -396.12
208.01 -230.89 -0.73336 -393.16
208.3 -230.79 -6.4873 -303.37
208.62 -230.64 -5.2774 -304.58
209.01 -230.43 -4.9754 -303.61
209.38 -230.19 -7.9017 -298.99
209.7 -230.08 -7.9076 -299.63
210.16 -229.77 -9.595 -300.86
210.47 -229.54 -9.2643 -294.58
210.8 -229.48 -8.6864 -295.59
211.18 -229.25 -8.2124 -296.14
211.69 -228.95 -10.189 -287.28
212.12 -228.87 -10.395 -288.68
212.54 -228.63 -7.7421 -284.53
212.93 -228.58 -7.9401 -282.6
213.33 -228.6 -7.4478 -284.07
213.82 -228.49 -6.6119 -277.25
214.34 -228.26 -4.8788 -276.52
214.79 -228.04 -5.9853 -277.37
215.39 -227.75 -5.1135 -278.72
215.94 -227.46 -3.1698 -277.83
216.26 -227.34 -2.3056 -276.26
216.58 -227.25 -1.5841 -279.89
217.02 -227.18 -0.87808 -281.82
217.36 -227.1 -2.2586 -285.87
217.73 -227 -1.4448 -283.04
218.19 -226.83 -1.3575 -275.28
218.6 -226.76 -0.97399 -277.03
219.18 -226.56 0.32554 -277.8
219.58 -226.4 0.93018 -278.21
220.05 -226.15 2.63 -277.34
220.56 -226 1.8273 -278.97
221.01 -225.78 5.7069 -276.55
221.4 -225.58 3.7766 -274.66
221.82 -225.34 2.9791 -276.07
222.22 -225.16 2.5792 -273.33
222.56 -224.98 2.4065 -272.95
223 -224.85 2.0847 -274.59
223.39 -224.69 2.7444 -277.24
223.73 -224.67 2.1793 -280.75
224.1 -224.66 1.741 -278.09
224.48 -224.6 2.0702 -288.36
224.78 -224.54 2.1034 -288.14
225.25 -224.27 2.0011 -291.53
225.53 -224.33 0.52659 -296.65
225.81 -224.3 1.106 -296.82
226.13 -224.2 1.6001 -294.66
226.54 -223.94 4.2489 -289.13
226.86 -223.7 2.9627 -290.2
227.22 -223.65 4.4804 -292.37
227.54 -223.43 5.666 -290.72
227.98 -223.19 5.7062 -293.61
228.49 -222.83 7.4676 -294.71
228.86 -222.71 7.3842 -297.29
229.26 -222.47 8.9269 -298.3
229.64 -222.31 9.5477 -303.18
229.92 -222.3 6.8356 -300.72
230.3 -222.15 7.198 -298.97
230.6 -221.96 4.5004 -298.79
231.03 -221.76 6.1832 -299.17
231.34 -221.56 0.78567 -302.66
230.35 -222.71 153.85 -299.59
229.74 -222.9 123.47 -287.8
229.25 -223.05 85.852 -280.55
229.07 -222.78 -5.6764 -299.52
228.09 -223.03 -51.136 -262.21
227.71 -223.34 218.35 -250.9
227.54 -223.98 211.61 -247.61
227.32 -224.81 213.31 -242.84
227.2 -225.52 241.46 -236.43
227.72 -225.17 112.76 -191.66
228.3 -224.35 -11.134 -208.1
228.47 -223.71 -10.689 -186.37
229.28 -222.65 -121.52 -198.4
229.52 -222.14 -117.25 -177.26
229.69 -221.75 -113.89 -153.04
230.07 -221.49 -110.54 -113.55
230.26 -221.28 -111.6 -100.59
230.4 -221.12 -102.25 -99.046
230.42 -221.01 -97.647 -88.805
230.55 -220.88 -92.265 -74.118
230.54 -220.79 -87.435 -63.478
230.46 -220.78 -69.744 -60.799
230.48 -220.72 -68.7 -63.601
230.39 -220.63 -61.308 -65.298
230.35 -220.56 -48.134 -59.241
230.36 -220.6 -26.358 -45.21
230.17 -220.63 -27.457 -25.397
229.96 -220.62 1.9355 -97.14
230.93 -219.4 0.86215 -123.06
232.04 -218.27 -127.4 -167.9
232.69 -216.82 -137.62 -183.32
232.9 -216.44 -134.48 -157.95
233.08 -216.13 -133.83 -131.97
233.31 -215.84 -134.41 -94.525
233.47 -215.64 -128.38 -90.295
233.59 -215.48 -119.34 -89.955
233.69 -215.32 -113.63 -88.815
233.76 -215.18 -105.84 -39.979
233.72 -215.29 -67.023 -61.031
233.68 -215.2 -65.463 -70.774
233.61 -215.09 -61.605 -71.988
233.51 -214.99 -58.672 -79.456
233.39 -214.86 -64.739 -47.67
233.27 -214.92 -12.938 -59.104
233.44 -214.7 -0.25276 -46.745
233.43 -214.73 0.36138 -17.112
233.25 -214.85 1.7467 -19.676
233.17 -214.85 16.155 -51.471
234.15 -213.42 -19.48 -60.408
234.41 -213.14 2.4874 -51.461
235.68 -211.42 -19.188 -59.796
235.98 -211.27 -2.3651 -56.66
237.14 -209.8 -1.145 -110.29
237.29 -209.71 -47.634 -84.218
238.55 -208.27 -63.152 -122.57
239.52 -207.06 -81.438 -152.09
240.4 -205.96 -92.985 -170.79
240.74 -205.72 -51.452 -169.49
233.18 -205.79 -59.582 -172.89
233.35 -205.6 -27.552 -156.65
233.42 -205.47 -10.822 -163.97
233.77 -205.38 -7.4751 -165.41
233.42 -205.86 -2.063 -162.7
233.68 -205.64 6.4882 -162.91
238.59 -201.05 11.594 -163.8
238.75 -200.9 11.492 -163.29
238.92 -200.76 14.684 -164.56
223.1 -199.13 14.925 -167.78
218.85 -190.51 17.111 -169.49
219.11 -190.25 19.185 -172.38
219.37 -189.99 19.728 -174.03
219.52 -189.75 20.98 -166.57
219.74 -189.54 25.455 -153.24
219.82 -189.3 25.118 -158.08
220 -189.02 26.478 -167.05
215.79 -188.91 27.499 -166.2
217.7 -197.95 27.792 -166.16
217.87 -197.82 29.824 -163.15
218.01 -197.61 31.188 -162.27
218.2 -197.44 32.727 -162.82
218.34 -197.2 35.572 -170.22
218.4 -196.99 36.588 -171.64
218.52 -196.75 36.592 -167.67
218.6 -196.48 39.129 -168.87
211.14 -203.83 41.293 -167.73
211.31 -201.45 40.042 -169.32
212.11 -198.73 38.696 -172.71
213.38 -195.65 37.51 -177.48
214.88 -192.85 36.303 -180.43
216.68 -189.76 35.896 -185.2
218.6 -186.33 35.574 -195.56
216.78 -185.94 35.673 -206.14
216.7 -185.53 39.213 -215.86
211.25 -185.4 29.224 -233.03
211.6 -185.27 30.757 -249.59
190.7 -183.57 33.237 -252.52
190.51 -183.6 34.626 -249.79
190.21 -183.63 36.659 -250.84
189.98 -183.66 37.941 -247.5
189.6 -183.54 38.49 -244.01
187.17 -184.68 39.893 -245.88
182.92 -182.89 40.663 -240.37
187.29 -185.49 37.516 -242
185.3 -186 39.834 -239.85
184.38 -187.84 42.905 -236.67
188.15 -187.85 37.02 -263.5
188.23 -187.75 47.606 -249.13
187.98 -187.6 52.982 -246.94
185.2 -186.3 53.812 -247
184.45 -188.4 53.832 -243.58
188.75 -183.23 48.814 -248.68
185.89 -182.42 51.133 -247.29
191.72 -177.36 51.877 -284.13
191.79 -177.47 54.302 -253.63
188.05 -180.52 56.024 -250.87
